# Please cite the following papers in research using this covariance:
# arXiv: 1601.05779, https://arxiv.org/abs/1601.05779
# arXiv: 1911.11947, https://arxiv.org/abs/1911.11947
# arXiv: 2004.04833, https://arxiv.org/abs/2004.04833
########################################################
20 40 8.249656e-04 8.249656e-04 0 1 0 2 1.462291e-13 0.000000e+00
20 41 8.249656e-04 1.038570e-03 0 1 0 2 1.280001e-13 0.000000e+00
20 42 8.249656e-04 1.307482e-03 0 1 0 2 1.072359e-13 0.000000e+00
20 43 8.249656e-04 1.646023e-03 0 1 0 2 8.994872e-14 0.000000e+00
20 44 8.249656e-04 2.072220e-03 0 1 0 2 7.606281e-14 0.000000e+00
20 45 8.249656e-04 2.608770e-03 0 1 0 2 6.505376e-14 0.000000e+00
20 46 8.249656e-04 3.284247e-03 0 1 0 2 5.632231e-14 0.000000e+00
20 47 8.249656e-04 4.134622e-03 0 1 0 2 4.931180e-14 0.000000e+00
20 48 8.249656e-04 5.205181e-03 0 1 0 2 4.355313e-14 0.000000e+00
20 49 8.249656e-04 6.552935e-03 0 1 0 2 3.867678e-14 0.000000e+00
20 50 8.249656e-04 8.249656e-03 0 1 0 2 3.440757e-14 0.000000e+00
20 51 8.249656e-04 1.038570e-02 0 1 0 2 3.055166e-14 0.000000e+00
20 52 8.249656e-04 1.307482e-02 0 1 0 2 2.698048e-14 0.000000e+00
20 53 8.249656e-04 1.646023e-02 0 1 0 2 2.361487e-14 0.000000e+00
20 54 8.249656e-04 2.072220e-02 0 1 0 2 2.041271e-14 0.000000e+00
20 55 8.249656e-04 2.608770e-02 0 1 0 2 1.735886e-14 0.000000e+00
20 56 8.249656e-04 3.284247e-02 0 1 0 2 1.445876e-14 0.000000e+00
20 57 8.249656e-04 4.134622e-02 0 1 0 2 1.173546e-14 0.000000e+00
20 58 8.249656e-04 5.205181e-02 0 1 0 2 9.227781e-15 0.000000e+00
20 59 8.249656e-04 6.552935e-02 0 1 0 2 6.982068e-15 0.000000e+00
21 40 1.038570e-03 8.249656e-04 0 1 0 2 1.280001e-13 0.000000e+00
21 41 1.038570e-03 1.038570e-03 0 1 0 2 1.278984e-13 0.000000e+00
21 42 1.038570e-03 1.307482e-03 0 1 0 2 1.109088e-13 0.000000e+00
21 43 1.038570e-03 1.646023e-03 0 1 0 2 9.216099e-14 0.000000e+00
21 44 1.038570e-03 2.072220e-03 0 1 0 2 7.725557e-14 0.000000e+00
21 45 1.038570e-03 2.608770e-03 0 1 0 2 6.565864e-14 0.000000e+00
21 46 1.038570e-03 3.284247e-03 0 1 0 2 5.661487e-14 0.000000e+00
21 47 1.038570e-03 4.134622e-03 0 1 0 2 4.944775e-14 0.000000e+00
21 48 1.038570e-03 5.205181e-03 0 1 0 2 4.361420e-14 0.000000e+00
21 49 1.038570e-03 6.552935e-03 0 1 0 2 3.870352e-14 0.000000e+00
21 50 1.038570e-03 8.249656e-03 0 1 0 2 3.441916e-14 0.000000e+00
21 51 1.038570e-03 1.038570e-02 0 1 0 2 3.055681e-14 0.000000e+00
21 52 1.038570e-03 1.307482e-02 0 1 0 2 2.698289e-14 0.000000e+00
21 53 1.038570e-03 1.646023e-02 0 1 0 2 2.361613e-14 0.000000e+00
21 54 1.038570e-03 2.072220e-02 0 1 0 2 2.041349e-14 0.000000e+00
21 55 1.038570e-03 2.608770e-02 0 1 0 2 1.735940e-14 0.000000e+00
21 56 1.038570e-03 3.284247e-02 0 1 0 2 1.445918e-14 0.000000e+00
21 57 1.038570e-03 4.134622e-02 0 1 0 2 1.173583e-14 0.000000e+00
21 58 1.038570e-03 5.205181e-02 0 1 0 2 9.228075e-15 0.000000e+00
21 59 1.038570e-03 6.552935e-02 0 1 0 2 6.982314e-15 0.000000e+00
22 40 1.307482e-03 8.249656e-04 0 1 0 2 1.072359e-13 0.000000e+00
22 41 1.307482e-03 1.038570e-03 0 1 0 2 1.109088e-13 0.000000e+00
22 42 1.307482e-03 1.307482e-03 0 1 0 2 1.116923e-13 0.000000e+00
22 43 1.307482e-03 1.646023e-03 0 1 0 2 9.601561e-14 0.000000e+00
22 44 1.307482e-03 2.072220e-03 0 1 0 2 7.934424e-14 0.000000e+00
22 45 1.307482e-03 2.608770e-03 0 1 0 2 6.669608e-14 0.000000e+00
22 46 1.307482e-03 3.284247e-03 0 1 0 2 5.710641e-14 0.000000e+00
22 47 1.307482e-03 4.134622e-03 0 1 0 2 4.967224e-14 0.000000e+00
22 48 1.307482e-03 5.205181e-03 0 1 0 2 4.371363e-14 0.000000e+00
22 49 1.307482e-03 6.552935e-03 0 1 0 2 3.874654e-14 0.000000e+00
22 50 1.307482e-03 8.249656e-03 0 1 0 2 3.443755e-14 0.000000e+00
22 51 1.307482e-03 1.038570e-02 0 1 0 2 3.056474e-14 0.000000e+00
22 52 1.307482e-03 1.307482e-02 0 1 0 2 2.698644e-14 0.000000e+00
22 53 1.307482e-03 1.646023e-02 0 1 0 2 2.361790e-14 0.000000e+00
22 54 1.307482e-03 2.072220e-02 0 1 0 2 2.041443e-14 0.000000e+00
22 55 1.307482e-03 2.608770e-02 0 1 0 2 1.736001e-14 0.000000e+00
22 56 1.307482e-03 3.284247e-02 0 1 0 2 1.445961e-14 0.000000e+00
22 57 1.307482e-03 4.134622e-02 0 1 0 2 1.173616e-14 0.000000e+00
22 58 1.307482e-03 5.205181e-02 0 1 0 2 9.228301e-15 0.000000e+00
22 59 1.307482e-03 6.552935e-02 0 1 0 2 6.982472e-15 0.000000e+00
23 40 1.646023e-03 8.249656e-04 0 1 0 2 8.994872e-14 0.000000e+00
23 41 1.646023e-03 1.038570e-03 0 1 0 2 9.216099e-14 0.000000e+00
23 42 1.646023e-03 1.307482e-03 0 1 0 2 9.601561e-14 0.000000e+00
23 43 1.646023e-03 1.646023e-03 0 1 0 2 9.752086e-14 0.000000e+00
23 44 1.646023e-03 2.072220e-03 0 1 0 2 8.318469e-14 0.000000e+00
23 45 1.646023e-03 2.608770e-03 0 1 0 2 6.856817e-14 0.000000e+00
23 46 1.646023e-03 3.284247e-03 0 1 0 2 5.796445e-14 0.000000e+00
23 47 1.646023e-03 4.134622e-03 0 1 0 2 5.005356e-14 0.000000e+00
23 48 1.646023e-03 5.205181e-03 0 1 0 2 4.387914e-14 0.000000e+00
23 49 1.646023e-03 6.552935e-03 0 1 0 2 3.881712e-14 0.000000e+00
23 50 1.646023e-03 8.249656e-03 0 1 0 2 3.446748e-14 0.000000e+00
23 51 1.646023e-03 1.038570e-02 0 1 0 2 3.057764e-14 0.000000e+00
23 52 1.646023e-03 1.307482e-02 0 1 0 2 2.699232e-14 0.000000e+00
23 53 1.646023e-03 1.646023e-02 0 1 0 2 2.362084e-14 0.000000e+00
23 54 1.646023e-03 2.072220e-02 0 1 0 2 2.041613e-14 0.000000e+00
23 55 1.646023e-03 2.608770e-02 0 1 0 2 1.736118e-14 0.000000e+00
23 56 1.646023e-03 3.284247e-02 0 1 0 2 1.446044e-14 0.000000e+00
23 57 1.646023e-03 4.134622e-02 0 1 0 2 1.173684e-14 0.000000e+00
23 58 1.646023e-03 5.205181e-02 0 1 0 2 9.228821e-15 0.000000e+00
23 59 1.646023e-03 6.552935e-02 0 1 0 2 6.982868e-15 0.000000e+00
24 40 2.072220e-03 8.249656e-04 0 1 0 2 7.606281e-14 0.000000e+00
24 41 2.072220e-03 1.038570e-03 0 1 0 2 7.725557e-14 0.000000e+00
24 42 2.072220e-03 1.307482e-03 0 1 0 2 7.934424e-14 0.000000e+00
24 43 2.072220e-03 1.646023e-03 0 1 0 2 8.318469e-14 0.000000e+00
24 44 2.072220e-03 2.072220e-03 0 1 0 2 8.521761e-14 0.000000e+00
24 45 2.072220e-03 2.608770e-03 0 1 0 2 7.221717e-14 0.000000e+00
24 46 2.072220e-03 3.284247e-03 0 1 0 2 5.956164e-14 0.000000e+00
24 47 2.072220e-03 4.134622e-03 0 1 0 2 5.073050e-14 0.000000e+00
24 48 2.072220e-03 5.205181e-03 0 1 0 2 4.416268e-14 0.000000e+00
24 49 2.072220e-03 6.552935e-03 0 1 0 2 3.893495e-14 0.000000e+00
24 50 2.072220e-03 8.249656e-03 0 1 0 2 3.451650e-14 0.000000e+00
24 51 2.072220e-03 1.038570e-02 0 1 0 2 3.059842e-14 0.000000e+00
24 52 2.072220e-03 1.307482e-02 0 1 0 2 2.700160e-14 0.000000e+00
24 53 2.072220e-03 1.646023e-02 0 1 0 2 2.362542e-14 0.000000e+00
24 54 2.072220e-03 2.072220e-02 0 1 0 2 2.041875e-14 0.000000e+00
24 55 2.072220e-03 2.608770e-02 0 1 0 2 1.736287e-14 0.000000e+00
24 56 2.072220e-03 3.284247e-02 0 1 0 2 1.446167e-14 0.000000e+00
24 57 2.072220e-03 4.134622e-02 0 1 0 2 1.173777e-14 0.000000e+00
24 58 2.072220e-03 5.205181e-02 0 1 0 2 9.229541e-15 0.000000e+00
24 59 2.072220e-03 6.552935e-02 0 1 0 2 6.983388e-15 0.000000e+00
25 40 2.608770e-03 8.249656e-04 0 1 0 2 6.505376e-14 0.000000e+00
25 41 2.608770e-03 1.038570e-03 0 1 0 2 6.565864e-14 0.000000e+00
25 42 2.608770e-03 1.307482e-03 0 1 0 2 6.669608e-14 0.000000e+00
25 43 2.608770e-03 1.646023e-03 0 1 0 2 6.856817e-14 0.000000e+00
25 44 2.608770e-03 2.072220e-03 0 1 0 2 7.221717e-14 0.000000e+00
25 45 2.608770e-03 2.608770e-03 0 1 0 2 7.457541e-14 0.000000e+00
25 46 2.608770e-03 3.284247e-03 0 1 0 2 6.287916e-14 0.000000e+00
25 47 2.608770e-03 4.134622e-03 0 1 0 2 5.203167e-14 0.000000e+00
25 48 2.608770e-03 5.205181e-03 0 1 0 2 4.467461e-14 0.000000e+00
25 49 2.608770e-03 6.552935e-03 0 1 0 2 3.913863e-14 0.000000e+00
25 50 2.608770e-03 8.249656e-03 0 1 0 2 3.459867e-14 0.000000e+00
25 51 2.608770e-03 1.038570e-02 0 1 0 2 3.063255e-14 0.000000e+00
25 52 2.608770e-03 1.307482e-02 0 1 0 2 2.701667e-14 0.000000e+00
25 53 2.608770e-03 1.646023e-02 0 1 0 2 2.363281e-14 0.000000e+00
25 54 2.608770e-03 2.072220e-02 0 1 0 2 2.042292e-14 0.000000e+00
25 55 2.608770e-03 2.608770e-02 0 1 0 2 1.736555e-14 0.000000e+00
25 56 2.608770e-03 3.284247e-02 0 1 0 2 1.446363e-14 0.000000e+00
25 57 2.608770e-03 4.134622e-02 0 1 0 2 1.173926e-14 0.000000e+00
25 58 2.608770e-03 5.205181e-02 0 1 0 2 9.230709e-15 0.000000e+00
25 59 2.608770e-03 6.552935e-02 0 1 0 2 6.984226e-15 0.000000e+00
26 40 3.284247e-03 8.249656e-04 0 1 0 2 5.632231e-14 0.000000e+00
26 41 3.284247e-03 1.038570e-03 0 1 0 2 5.661487e-14 0.000000e+00
26 42 3.284247e-03 1.307482e-03 0 1 0 2 5.710641e-14 0.000000e+00
26 43 3.284247e-03 1.646023e-03 0 1 0 2 5.796445e-14 0.000000e+00
26 44 3.284247e-03 2.072220e-03 0 1 0 2 5.956164e-14 0.000000e+00
26 45 3.284247e-03 2.608770e-03 0 1 0 2 6.287916e-14 0.000000e+00
26 46 3.284247e-03 3.284247e-03 0 1 0 2 6.537039e-14 0.000000e+00
26 47 3.284247e-03 4.134622e-03 0 1 0 2 5.492567e-14 0.000000e+00
26 48 3.284247e-03 5.205181e-03 0 1 0 2 4.569044e-14 0.000000e+00
26 49 3.284247e-03 6.552935e-03 0 1 0 2 3.951201e-14 0.000000e+00
26 50 3.284247e-03 8.249656e-03 0 1 0 2 3.474161e-14 0.000000e+00
26 51 3.284247e-03 1.038570e-02 0 1 0 2 3.068984e-14 0.000000e+00
26 52 3.284247e-03 1.307482e-02 0 1 0 2 2.704130e-14 0.000000e+00
26 53 3.284247e-03 1.646023e-02 0 1 0 2 2.364468e-14 0.000000e+00
26 54 3.284247e-03 2.072220e-02 0 1 0 2 2.042956e-14 0.000000e+00
26 55 3.284247e-03 2.608770e-02 0 1 0 2 1.736985e-14 0.000000e+00
26 56 3.284247e-03 3.284247e-02 0 1 0 2 1.446672e-14 0.000000e+00
26 57 3.284247e-03 4.134622e-02 0 1 0 2 1.174164e-14 0.000000e+00
26 58 3.284247e-03 5.205181e-02 0 1 0 2 9.232564e-15 0.000000e+00
26 59 3.284247e-03 6.552935e-02 0 1 0 2 6.985553e-15 0.000000e+00
27 40 4.134622e-03 8.249656e-04 0 1 0 2 4.931180e-14 0.000000e+00
27 41 4.134622e-03 1.038570e-03 0 1 0 2 4.944775e-14 0.000000e+00
27 42 4.134622e-03 1.307482e-03 0 1 0 2 4.967224e-14 0.000000e+00
27 43 4.134622e-03 1.646023e-03 0 1 0 2 5.005356e-14 0.000000e+00
27 44 4.134622e-03 2.072220e-03 0 1 0 2 5.073050e-14 0.000000e+00
27 45 4.134622e-03 2.608770e-03 0 1 0 2 5.203167e-14 0.000000e+00
27 46 4.134622e-03 3.284247e-03 0 1 0 2 5.492567e-14 0.000000e+00
27 47 4.134622e-03 4.134622e-03 0 1 0 2 5.738293e-14 0.000000e+00
27 48 4.134622e-03 5.205181e-03 0 1 0 2 4.811935e-14 0.000000e+00
27 49 4.134622e-03 6.552935e-03 0 1 0 2 4.027568e-14 0.000000e+00
27 50 4.134622e-03 8.249656e-03 0 1 0 2 3.500681e-14 0.000000e+00
27 51 4.134622e-03 1.038570e-02 0 1 0 2 3.078968e-14 0.000000e+00
27 52 4.134622e-03 1.307482e-02 0 1 0 2 2.708253e-14 0.000000e+00
27 53 4.134622e-03 1.646023e-02 0 1 0 2 2.366405e-14 0.000000e+00
27 54 4.134622e-03 2.072220e-02 0 1 0 2 2.044023e-14 0.000000e+00
27 55 4.134622e-03 2.608770e-02 0 1 0 2 1.737668e-14 0.000000e+00
27 56 4.134622e-03 3.284247e-02 0 1 0 2 1.447163e-14 0.000000e+00
27 57 4.134622e-03 4.134622e-02 0 1 0 2 1.174543e-14 0.000000e+00
27 58 4.134622e-03 5.205181e-02 0 1 0 2 9.235487e-15 0.000000e+00
27 59 4.134622e-03 6.552935e-02 0 1 0 2 6.987663e-15 0.000000e+00
28 40 5.205181e-03 8.249656e-04 0 1 0 2 4.355313e-14 0.000000e+00
28 41 5.205181e-03 1.038570e-03 0 1 0 2 4.361420e-14 0.000000e+00
28 42 5.205181e-03 1.307482e-03 0 1 0 2 4.371363e-14 0.000000e+00
28 43 5.205181e-03 1.646023e-03 0 1 0 2 4.387914e-14 0.000000e+00
28 44 5.205181e-03 2.072220e-03 0 1 0 2 4.416268e-14 0.000000e+00
28 45 5.205181e-03 2.608770e-03 0 1 0 2 4.467461e-14 0.000000e+00
28 46 5.205181e-03 3.284247e-03 0 1 0 2 4.569044e-14 0.000000e+00
28 47 5.205181e-03 4.134622e-03 0 1 0 2 4.811935e-14 0.000000e+00
28 48 5.205181e-03 5.205181e-03 0 1 0 2 5.041103e-14 0.000000e+00
28 49 5.205181e-03 6.552935e-03 0 1 0 2 4.224320e-14 0.000000e+00
28 50 5.205181e-03 8.249656e-03 0 1 0 2 3.556358e-14 0.000000e+00
28 51 5.205181e-03 1.038570e-02 0 1 0 2 3.097605e-14 0.000000e+00
28 52 5.205181e-03 1.307482e-02 0 1 0 2 2.715411e-14 0.000000e+00
28 53 5.205181e-03 1.646023e-02 0 1 0 2 2.369615e-14 0.000000e+00
28 54 5.205181e-03 2.072220e-02 0 1 0 2 2.045746e-14 0.000000e+00
28 55 5.205181e-03 2.608770e-02 0 1 0 2 1.738760e-14 0.000000e+00
28 56 5.205181e-03 3.284247e-02 0 1 0 2 1.447946e-14 0.000000e+00
28 57 5.205181e-03 4.134622e-02 0 1 0 2 1.175143e-14 0.000000e+00
28 58 5.205181e-03 5.205181e-02 0 1 0 2 9.240116e-15 0.000000e+00
28 59 5.205181e-03 6.552935e-02 0 1 0 2 6.991012e-15 0.000000e+00
29 40 6.552935e-03 8.249656e-04 0 1 0 2 3.867678e-14 0.000000e+00
29 41 6.552935e-03 1.038570e-03 0 1 0 2 3.870352e-14 0.000000e+00
29 42 6.552935e-03 1.307482e-03 0 1 0 2 3.874654e-14 0.000000e+00
29 43 6.552935e-03 1.646023e-03 0 1 0 2 3.881712e-14 0.000000e+00
29 44 6.552935e-03 2.072220e-03 0 1 0 2 3.893495e-14 0.000000e+00
29 45 6.552935e-03 2.608770e-03 0 1 0 2 3.913863e-14 0.000000e+00
29 46 6.552935e-03 3.284247e-03 0 1 0 2 3.951201e-14 0.000000e+00
29 47 6.552935e-03 4.134622e-03 0 1 0 2 4.027568e-14 0.000000e+00
29 48 6.552935e-03 5.205181e-03 0 1 0 2 4.224320e-14 0.000000e+00
29 49 6.552935e-03 6.552935e-03 0 1 0 2 4.427780e-14 0.000000e+00
29 50 6.552935e-03 8.249656e-03 0 1 0 2 3.710789e-14 0.000000e+00
29 51 6.552935e-03 1.038570e-02 0 1 0 2 3.137428e-14 0.000000e+00
29 52 6.552935e-03 1.307482e-02 0 1 0 2 2.728714e-14 0.000000e+00
29 53 6.552935e-03 1.646023e-02 0 1 0 2 2.375117e-14 0.000000e+00
29 54 6.552935e-03 2.072220e-02 0 1 0 2 2.048570e-14 0.000000e+00
29 55 6.552935e-03 2.608770e-02 0 1 0 2 1.740512e-14 0.000000e+00
29 56 6.552935e-03 3.284247e-02 0 1 0 2 1.449190e-14 0.000000e+00
29 57 6.552935e-03 4.134622e-02 0 1 0 2 1.176095e-14 0.000000e+00
29 58 6.552935e-03 5.205181e-02 0 1 0 2 9.247465e-15 0.000000e+00
29 59 6.552935e-03 6.552935e-02 0 1 0 2 6.996309e-15 0.000000e+00
30 40 8.249656e-03 8.249656e-04 0 1 0 2 3.440757e-14 0.000000e+00
30 41 8.249656e-03 1.038570e-03 0 1 0 2 3.441916e-14 0.000000e+00
30 42 8.249656e-03 1.307482e-03 0 1 0 2 3.443755e-14 0.000000e+00
30 43 8.249656e-03 1.646023e-03 0 1 0 2 3.446748e-14 0.000000e+00
30 44 8.249656e-03 2.072220e-03 0 1 0 2 3.451650e-14 0.000000e+00
30 45 8.249656e-03 2.608770e-03 0 1 0 2 3.459867e-14 0.000000e+00
30 46 8.249656e-03 3.284247e-03 0 1 0 2 3.474161e-14 0.000000e+00
30 47 8.249656e-03 4.134622e-03 0 1 0 2 3.500681e-14 0.000000e+00
30 48 8.249656e-03 5.205181e-03 0 1 0 2 3.556358e-14 0.000000e+00
30 49 8.249656e-03 6.552935e-03 0 1 0 2 3.710789e-14 0.000000e+00
30 50 8.249656e-03 8.249656e-03 0 1 0 2 3.883380e-14 0.000000e+00
30 51 8.249656e-03 1.038570e-02 0 1 0 2 3.255552e-14 0.000000e+00
30 52 8.249656e-03 1.307482e-02 0 1 0 2 2.757206e-14 0.000000e+00
30 53 8.249656e-03 1.646023e-02 0 1 0 2 2.385157e-14 0.000000e+00
30 54 8.249656e-03 2.072220e-02 0 1 0 2 2.053313e-14 0.000000e+00
30 55 8.249656e-03 2.608770e-02 0 1 0 2 1.743350e-14 0.000000e+00
30 56 8.249656e-03 3.284247e-02 0 1 0 2 1.451179e-14 0.000000e+00
30 57 8.249656e-03 4.134622e-02 0 1 0 2 1.177608e-14 0.000000e+00
30 58 8.249656e-03 5.205181e-02 0 1 0 2 9.259105e-15 0.000000e+00
30 59 8.249656e-03 6.552935e-02 0 1 0 2 7.004706e-15 0.000000e+00
31 40 1.038570e-02 8.249656e-04 0 1 0 2 3.055166e-14 0.000000e+00
31 41 1.038570e-02 1.038570e-03 0 1 0 2 3.055681e-14 0.000000e+00
31 42 1.038570e-02 1.307482e-03 0 1 0 2 3.056474e-14 0.000000e+00
31 43 1.038570e-02 1.646023e-03 0 1 0 2 3.057764e-14 0.000000e+00
31 44 1.038570e-02 2.072220e-03 0 1 0 2 3.059842e-14 0.000000e+00
31 45 1.038570e-02 2.608770e-03 0 1 0 2 3.063255e-14 0.000000e+00
31 46 1.038570e-02 3.284247e-03 0 1 0 2 3.068984e-14 0.000000e+00
31 47 1.038570e-02 4.134622e-03 0 1 0 2 3.078968e-14 0.000000e+00
31 48 1.038570e-02 5.205181e-03 0 1 0 2 3.097605e-14 0.000000e+00
31 49 1.038570e-02 6.552935e-03 0 1 0 2 3.137428e-14 0.000000e+00
31 50 1.038570e-02 8.249656e-03 0 1 0 2 3.255552e-14 0.000000e+00
31 51 1.038570e-02 1.038570e-02 0 1 0 2 3.395681e-14 0.000000e+00
31 52 1.038570e-02 1.307482e-02 0 1 0 2 2.846049e-14 0.000000e+00
31 53 1.038570e-02 1.646023e-02 0 1 0 2 2.406195e-14 0.000000e+00
31 54 1.038570e-02 2.072220e-02 0 1 0 2 2.061694e-14 0.000000e+00
31 55 1.038570e-02 2.608770e-02 0 1 0 2 1.748024e-14 0.000000e+00
31 56 1.038570e-02 3.284247e-02 0 1 0 2 1.454370e-14 0.000000e+00
31 57 1.038570e-02 4.134622e-02 0 1 0 2 1.180014e-14 0.000000e+00
31 58 1.038570e-02 5.205181e-02 0 1 0 2 9.277570e-15 0.000000e+00
31 59 1.038570e-02 6.552935e-02 0 1 0 2 7.018030e-15 0.000000e+00
32 40 1.307482e-02 8.249656e-04 0 1 0 2 2.698048e-14 0.000000e+00
32 41 1.307482e-02 1.038570e-03 0 1 0 2 2.698289e-14 0.000000e+00
32 42 1.307482e-02 1.307482e-03 0 1 0 2 2.698644e-14 0.000000e+00
32 43 1.307482e-02 1.646023e-03 0 1 0 2 2.699232e-14 0.000000e+00
32 44 1.307482e-02 2.072220e-03 0 1 0 2 2.700160e-14 0.000000e+00
32 45 1.307482e-02 2.608770e-03 0 1 0 2 2.701667e-14 0.000000e+00
32 46 1.307482e-02 3.284247e-03 0 1 0 2 2.704130e-14 0.000000e+00
32 47 1.307482e-02 4.134622e-03 0 1 0 2 2.708253e-14 0.000000e+00
32 48 1.307482e-02 5.205181e-03 0 1 0 2 2.715411e-14 0.000000e+00
32 49 1.307482e-02 6.552935e-03 0 1 0 2 2.728714e-14 0.000000e+00
32 50 1.307482e-02 8.249656e-03 0 1 0 2 2.757206e-14 0.000000e+00
32 51 1.307482e-02 1.038570e-02 0 1 0 2 2.846049e-14 0.000000e+00
32 52 1.307482e-02 1.307482e-02 0 1 0 2 2.955021e-14 0.000000e+00
32 53 1.307482e-02 1.646023e-02 0 1 0 2 2.472846e-14 0.000000e+00
32 54 1.307482e-02 2.072220e-02 0 1 0 2 2.078421e-14 0.000000e+00
32 55 1.307482e-02 2.608770e-02 0 1 0 2 1.755998e-14 0.000000e+00
32 56 1.307482e-02 3.284247e-02 0 1 0 2 1.459546e-14 0.000000e+00
32 57 1.307482e-02 4.134622e-02 0 1 0 2 1.183852e-14 0.000000e+00
32 58 1.307482e-02 5.205181e-02 0 1 0 2 9.306848e-15 0.000000e+00
32 59 1.307482e-02 6.552935e-02 0 1 0 2 7.039157e-15 0.000000e+00
33 40 1.646023e-02 8.249656e-04 0 1 0 2 2.361487e-14 0.000000e+00
33 41 1.646023e-02 1.038570e-03 0 1 0 2 2.361613e-14 0.000000e+00
33 42 1.646023e-02 1.307482e-03 0 1 0 2 2.361790e-14 0.000000e+00
33 43 1.646023e-02 1.646023e-03 0 1 0 2 2.362084e-14 0.000000e+00
33 44 1.646023e-02 2.072220e-03 0 1 0 2 2.362542e-14 0.000000e+00
33 45 1.646023e-02 2.608770e-03 0 1 0 2 2.363281e-14 0.000000e+00
33 46 1.646023e-02 3.284247e-03 0 1 0 2 2.364468e-14 0.000000e+00
33 47 1.646023e-02 4.134622e-03 0 1 0 2 2.366405e-14 0.000000e+00
33 48 1.646023e-02 5.205181e-03 0 1 0 2 2.369615e-14 0.000000e+00
33 49 1.646023e-02 6.552935e-03 0 1 0 2 2.375117e-14 0.000000e+00
33 50 1.646023e-02 8.249656e-03 0 1 0 2 2.385157e-14 0.000000e+00
33 51 1.646023e-02 1.038570e-02 0 1 0 2 2.406195e-14 0.000000e+00
33 52 1.646023e-02 1.307482e-02 0 1 0 2 2.472846e-14 0.000000e+00
33 53 1.646023e-02 1.646023e-02 0 1 0 2 2.554088e-14 0.000000e+00
33 54 1.646023e-02 2.072220e-02 0 1 0 2 2.129440e-14 0.000000e+00
33 55 1.646023e-02 2.608770e-02 0 1 0 2 1.770909e-14 0.000000e+00
33 56 1.646023e-02 3.284247e-02 0 1 0 2 1.468124e-14 0.000000e+00
33 57 1.646023e-02 4.134622e-02 0 1 0 2 1.190006e-14 0.000000e+00
33 58 1.646023e-02 5.205181e-02 0 1 0 2 9.353341e-15 0.000000e+00
33 59 1.646023e-02 6.552935e-02 0 1 0 2 7.072698e-15 0.000000e+00
34 40 2.072220e-02 8.249656e-04 0 1 0 2 2.041271e-14 0.000000e+00
34 41 2.072220e-02 1.038570e-03 0 1 0 2 2.041349e-14 0.000000e+00
34 42 2.072220e-02 1.307482e-03 0 1 0 2 2.041443e-14 0.000000e+00
34 43 2.072220e-02 1.646023e-03 0 1 0 2 2.041613e-14 0.000000e+00
34 44 2.072220e-02 2.072220e-03 0 1 0 2 2.041875e-14 0.000000e+00
34 45 2.072220e-02 2.608770e-03 0 1 0 2 2.042292e-14 0.000000e+00
34 46 2.072220e-02 3.284247e-03 0 1 0 2 2.042956e-14 0.000000e+00
34 47 2.072220e-02 4.134622e-03 0 1 0 2 2.044023e-14 0.000000e+00
34 48 2.072220e-02 5.205181e-03 0 1 0 2 2.045746e-14 0.000000e+00
34 49 2.072220e-02 6.552935e-03 0 1 0 2 2.048570e-14 0.000000e+00
34 50 2.072220e-02 8.249656e-03 0 1 0 2 2.053313e-14 0.000000e+00
34 51 2.072220e-02 1.038570e-02 0 1 0 2 2.061694e-14 0.000000e+00
34 52 2.072220e-02 1.307482e-02 0 1 0 2 2.078421e-14 0.000000e+00
34 53 2.072220e-02 1.646023e-02 0 1 0 2 2.129440e-14 0.000000e+00
34 54 2.072220e-02 2.072220e-02 0 1 0 2 2.187772e-14 0.000000e+00
34 55 2.072220e-02 2.608770e-02 0 1 0 2 1.812056e-14 0.000000e+00
34 56 2.072220e-02 3.284247e-02 0 1 0 2 1.483209e-14 0.000000e+00
34 57 2.072220e-02 4.134622e-02 0 1 0 2 1.199995e-14 0.000000e+00
34 58 2.072220e-02 5.205181e-02 0 1 0 2 9.427327e-15 0.000000e+00
34 59 2.072220e-02 6.552935e-02 0 1 0 2 7.125997e-15 0.000000e+00
35 40 2.608770e-02 8.249656e-04 0 1 0 2 1.735886e-14 0.000000e+00
35 41 2.608770e-02 1.038570e-03 0 1 0 2 1.735940e-14 0.000000e+00
35 42 2.608770e-02 1.307482e-03 0 1 0 2 1.736001e-14 0.000000e+00
35 43 2.608770e-02 1.646023e-03 0 1 0 2 1.736118e-14 0.000000e+00
35 44 2.608770e-02 2.072220e-03 0 1 0 2 1.736287e-14 0.000000e+00
35 45 2.608770e-02 2.608770e-03 0 1 0 2 1.736555e-14 0.000000e+00
35 46 2.608770e-02 3.284247e-03 0 1 0 2 1.736985e-14 0.000000e+00
35 47 2.608770e-02 4.134622e-03 0 1 0 2 1.737668e-14 0.000000e+00
35 48 2.608770e-02 5.205181e-03 0 1 0 2 1.738760e-14 0.000000e+00
35 49 2.608770e-02 6.552935e-03 0 1 0 2 1.740512e-14 0.000000e+00
35 50 2.608770e-02 8.249656e-03 0 1 0 2 1.743350e-14 0.000000e+00
35 51 2.608770e-02 1.038570e-02 0 1 0 2 1.748024e-14 0.000000e+00
35 52 2.608770e-02 1.307482e-02 0 1 0 2 1.755998e-14 0.000000e+00
35 53 2.608770e-02 1.646023e-02 0 1 0 2 1.770909e-14 0.000000e+00
35 54 2.608770e-02 2.072220e-02 0 1 0 2 1.812056e-14 0.000000e+00
35 55 2.608770e-02 2.608770e-02 0 1 0 2 1.853073e-14 0.000000e+00
35 56 2.608770e-02 3.284247e-02 0 1 0 2 1.519337e-14 0.000000e+00
35 57 2.608770e-02 4.134622e-02 0 1 0 2 1.216779e-14 0.000000e+00
35 58 2.608770e-02 5.205181e-02 0 1 0 2 9.545774e-15 0.000000e+00
35 59 2.608770e-02 6.552935e-02 0 1 0 2 7.210917e-15 0.000000e+00
36 40 3.284247e-02 8.249656e-04 0 1 0 2 1.445876e-14 0.000000e+00
36 41 3.284247e-02 1.038570e-03 0 1 0 2 1.445918e-14 0.000000e+00
36 42 3.284247e-02 1.307482e-03 0 1 0 2 1.445961e-14 0.000000e+00
36 43 3.284247e-02 1.646023e-03 0 1 0 2 1.446044e-14 0.000000e+00
36 44 3.284247e-02 2.072220e-03 0 1 0 2 1.446167e-14 0.000000e+00
36 45 3.284247e-02 2.608770e-03 0 1 0 2 1.446363e-14 0.000000e+00
36 46 3.284247e-02 3.284247e-03 0 1 0 2 1.446672e-14 0.000000e+00
36 47 3.284247e-02 4.134622e-03 0 1 0 2 1.447163e-14 0.000000e+00
36 48 3.284247e-02 5.205181e-03 0 1 0 2 1.447946e-14 0.000000e+00
36 49 3.284247e-02 6.552935e-03 0 1 0 2 1.449190e-14 0.000000e+00
36 50 3.284247e-02 8.249656e-03 0 1 0 2 1.451179e-14 0.000000e+00
36 51 3.284247e-02 1.038570e-02 0 1 0 2 1.454370e-14 0.000000e+00
36 52 3.284247e-02 1.307482e-02 0 1 0 2 1.459546e-14 0.000000e+00
36 53 3.284247e-02 1.646023e-02 0 1 0 2 1.468124e-14 0.000000e+00
36 54 3.284247e-02 2.072220e-02 0 1 0 2 1.483209e-14 0.000000e+00
36 55 3.284247e-02 2.608770e-02 0 1 0 2 1.519337e-14 0.000000e+00
36 56 3.284247e-02 3.284247e-02 0 1 0 2 1.548823e-14 0.000000e+00
36 57 3.284247e-02 4.134622e-02 0 1 0 2 1.251703e-14 0.000000e+00
36 58 3.284247e-02 5.205181e-02 0 1 0 2 9.739198e-15 0.000000e+00
36 59 3.284247e-02 6.552935e-02 0 1 0 2 7.346912e-15 0.000000e+00
37 40 4.134622e-02 8.249656e-04 0 1 0 2 1.173546e-14 0.000000e+00
37 41 4.134622e-02 1.038570e-03 0 1 0 2 1.173583e-14 0.000000e+00
37 42 4.134622e-02 1.307482e-03 0 1 0 2 1.173616e-14 0.000000e+00
37 43 4.134622e-02 1.646023e-03 0 1 0 2 1.173684e-14 0.000000e+00
37 44 4.134622e-02 2.072220e-03 0 1 0 2 1.173777e-14 0.000000e+00
37 45 4.134622e-02 2.608770e-03 0 1 0 2 1.173926e-14 0.000000e+00
37 46 4.134622e-02 3.284247e-03 0 1 0 2 1.174164e-14 0.000000e+00
37 47 4.134622e-02 4.134622e-03 0 1 0 2 1.174543e-14 0.000000e+00
37 48 4.134622e-02 5.205181e-03 0 1 0 2 1.175143e-14 0.000000e+00
37 49 4.134622e-02 6.552935e-03 0 1 0 2 1.176095e-14 0.000000e+00
37 50 4.134622e-02 8.249656e-03 0 1 0 2 1.177608e-14 0.000000e+00
37 51 4.134622e-02 1.038570e-02 0 1 0 2 1.180014e-14 0.000000e+00
37 52 4.134622e-02 1.307482e-02 0 1 0 2 1.183852e-14 0.000000e+00
37 53 4.134622e-02 1.646023e-02 0 1 0 2 1.190006e-14 0.000000e+00
37 54 4.134622e-02 2.072220e-02 0 1 0 2 1.199995e-14 0.000000e+00
37 55 4.134622e-02 2.608770e-02 0 1 0 2 1.216779e-14 0.000000e+00
37 56 4.134622e-02 3.284247e-02 0 1 0 2 1.251703e-14 0.000000e+00
37 57 4.134622e-02 4.134622e-02 0 1 0 2 1.274928e-14 0.000000e+00
37 58 4.134622e-02 5.205181e-02 0 1 0 2 1.010171e-14 0.000000e+00
37 59 4.134622e-02 6.552935e-02 0 1 0 2 7.567686e-15 0.000000e+00
38 40 5.205181e-02 8.249656e-04 0 1 0 2 9.227781e-15 0.000000e+00
38 41 5.205181e-02 1.038570e-03 0 1 0 2 9.228075e-15 0.000000e+00
38 42 5.205181e-02 1.307482e-03 0 1 0 2 9.228301e-15 0.000000e+00
38 43 5.205181e-02 1.646023e-03 0 1 0 2 9.228821e-15 0.000000e+00
38 44 5.205181e-02 2.072220e-03 0 1 0 2 9.229541e-15 0.000000e+00
38 45 5.205181e-02 2.608770e-03 0 1 0 2 9.230709e-15 0.000000e+00
38 46 5.205181e-02 3.284247e-03 0 1 0 2 9.232564e-15 0.000000e+00
38 47 5.205181e-02 4.134622e-03 0 1 0 2 9.235487e-15 0.000000e+00
38 48 5.205181e-02 5.205181e-03 0 1 0 2 9.240116e-15 0.000000e+00
38 49 5.205181e-02 6.552935e-03 0 1 0 2 9.247465e-15 0.000000e+00
38 50 5.205181e-02 8.249656e-03 0 1 0 2 9.259105e-15 0.000000e+00
38 51 5.205181e-02 1.038570e-02 0 1 0 2 9.277570e-15 0.000000e+00
38 52 5.205181e-02 1.307482e-02 0 1 0 2 9.306848e-15 0.000000e+00
38 53 5.205181e-02 1.646023e-02 0 1 0 2 9.353341e-15 0.000000e+00
38 54 5.205181e-02 2.072220e-02 0 1 0 2 9.427327e-15 0.000000e+00
38 55 5.205181e-02 2.608770e-02 0 1 0 2 9.545774e-15 0.000000e+00
38 56 5.205181e-02 3.284247e-02 0 1 0 2 9.739198e-15 0.000000e+00
38 57 5.205181e-02 4.134622e-02 0 1 0 2 1.010171e-14 0.000000e+00
38 58 5.205181e-02 5.205181e-02 0 1 0 2 1.031420e-14 0.000000e+00
38 59 5.205181e-02 6.552935e-02 0 1 0 2 7.958633e-15 0.000000e+00
39 40 6.552935e-02 8.249656e-04 0 1 0 2 6.982068e-15 0.000000e+00
39 41 6.552935e-02 1.038570e-03 0 1 0 2 6.982314e-15 0.000000e+00
39 42 6.552935e-02 1.307482e-03 0 1 0 2 6.982472e-15 0.000000e+00
39 43 6.552935e-02 1.646023e-03 0 1 0 2 6.982868e-15 0.000000e+00
39 44 6.552935e-02 2.072220e-03 0 1 0 2 6.983388e-15 0.000000e+00
39 45 6.552935e-02 2.608770e-03 0 1 0 2 6.984226e-15 0.000000e+00
39 46 6.552935e-02 3.284247e-03 0 1 0 2 6.985553e-15 0.000000e+00
39 47 6.552935e-02 4.134622e-03 0 1 0 2 6.987663e-15 0.000000e+00
39 48 6.552935e-02 5.205181e-03 0 1 0 2 6.991012e-15 0.000000e+00
39 49 6.552935e-02 6.552935e-03 0 1 0 2 6.996309e-15 0.000000e+00
39 50 6.552935e-02 8.249656e-03 0 1 0 2 7.004706e-15 0.000000e+00
39 51 6.552935e-02 1.038570e-02 0 1 0 2 7.018030e-15 0.000000e+00
39 52 6.552935e-02 1.307482e-02 0 1 0 2 7.039157e-15 0.000000e+00
39 53 6.552935e-02 1.646023e-02 0 1 0 2 7.072698e-15 0.000000e+00
39 54 6.552935e-02 2.072220e-02 0 1 0 2 7.125997e-15 0.000000e+00
39 55 6.552935e-02 2.608770e-02 0 1 0 2 7.210917e-15 0.000000e+00
39 56 6.552935e-02 3.284247e-02 0 1 0 2 7.346912e-15 0.000000e+00
39 57 6.552935e-02 4.134622e-02 0 1 0 2 7.567686e-15 0.000000e+00
39 58 6.552935e-02 5.205181e-02 0 1 0 2 7.958633e-15 0.000000e+00
39 59 6.552935e-02 6.552935e-02 0 1 0 2 8.186276e-15 0.000000e+00
