# Please cite the following papers in research using this covariance:
# arXiv: 1601.05779, https://arxiv.org/abs/1601.05779
# arXiv: 1911.11947, https://arxiv.org/abs/1911.11947
# arXiv: 2004.04833, https://arxiv.org/abs/2004.04833
########################################################
80 140 8.249656e-04 8.249656e-04 1 1 2 2 6.434995e-14 0.000000e+00
80 141 8.249656e-04 1.038570e-03 1 1 2 2 6.371849e-14 0.000000e+00
80 142 8.249656e-04 1.307482e-03 1 1 2 2 6.280634e-14 0.000000e+00
80 143 8.249656e-04 1.646023e-03 1 1 2 2 6.162636e-14 0.000000e+00
80 144 8.249656e-04 2.072220e-03 1 1 2 2 6.021231e-14 0.000000e+00
80 145 8.249656e-04 2.608770e-03 1 1 2 2 5.860462e-14 0.000000e+00
80 146 8.249656e-04 3.284247e-03 1 1 2 2 5.683652e-14 0.000000e+00
80 147 8.249656e-04 4.134622e-03 1 1 2 2 5.492349e-14 0.000000e+00
80 148 8.249656e-04 5.205181e-03 1 1 2 2 5.285752e-14 0.000000e+00
80 149 8.249656e-04 6.552935e-03 1 1 2 2 5.060707e-14 0.000000e+00
80 150 8.249656e-04 8.249656e-03 1 1 2 2 4.812226e-14 0.000000e+00
80 151 8.249656e-04 1.038570e-02 1 1 2 2 4.534398e-14 0.000000e+00
80 152 8.249656e-04 1.307482e-02 1 1 2 2 4.221557e-14 0.000000e+00
80 153 8.249656e-04 1.646023e-02 1 1 2 2 3.869650e-14 0.000000e+00
80 154 8.249656e-04 2.072220e-02 1 1 2 2 3.477765e-14 0.000000e+00
80 155 8.249656e-04 2.608770e-02 1 1 2 2 3.049639e-14 0.000000e+00
80 156 8.249656e-04 3.284247e-02 1 1 2 2 2.594818e-14 0.000000e+00
80 157 8.249656e-04 4.134622e-02 1 1 2 2 2.129042e-14 0.000000e+00
80 158 8.249656e-04 5.205181e-02 1 1 2 2 1.673124e-14 0.000000e+00
80 159 8.249656e-04 6.552935e-02 1 1 2 2 1.249438e-14 0.000000e+00
81 140 1.038570e-03 8.249656e-04 1 1 2 2 6.371849e-14 0.000000e+00
81 141 1.038570e-03 1.038570e-03 1 1 2 2 6.327624e-14 0.000000e+00
81 142 1.038570e-03 1.307482e-03 1 1 2 2 6.253856e-14 0.000000e+00
81 143 1.038570e-03 1.646023e-03 1 1 2 2 6.147720e-14 0.000000e+00
81 144 1.038570e-03 2.072220e-03 1 1 2 2 6.013330e-14 0.000000e+00
81 145 1.038570e-03 2.608770e-03 1 1 2 2 5.856268e-14 0.000000e+00
81 146 1.038570e-03 3.284247e-03 1 1 2 2 5.681226e-14 0.000000e+00
81 147 1.038570e-03 4.134622e-03 1 1 2 2 5.490715e-14 0.000000e+00
81 148 1.038570e-03 5.205181e-03 1 1 2 2 5.284499e-14 0.000000e+00
81 149 1.038570e-03 6.552935e-03 1 1 2 2 5.059698e-14 0.000000e+00
81 150 1.038570e-03 8.249656e-03 1 1 2 2 4.811429e-14 0.000000e+00
81 151 1.038570e-03 1.038570e-02 1 1 2 2 4.533800e-14 0.000000e+00
81 152 1.038570e-03 1.307482e-02 1 1 2 2 4.221138e-14 0.000000e+00
81 153 1.038570e-03 1.646023e-02 1 1 2 2 3.869385e-14 0.000000e+00
81 154 1.038570e-03 2.072220e-02 1 1 2 2 3.477621e-14 0.000000e+00
81 155 1.038570e-03 2.608770e-02 1 1 2 2 3.049581e-14 0.000000e+00
81 156 1.038570e-03 3.284247e-02 1 1 2 2 2.594816e-14 0.000000e+00
81 157 1.038570e-03 4.134622e-02 1 1 2 2 2.129071e-14 0.000000e+00
81 158 1.038570e-03 5.205181e-02 1 1 2 2 1.673166e-14 0.000000e+00
81 159 1.038570e-03 6.552935e-02 1 1 2 2 1.249479e-14 0.000000e+00
82 140 1.307482e-03 8.249656e-04 1 1 2 2 6.280634e-14 0.000000e+00
82 141 1.307482e-03 1.038570e-03 1 1 2 2 6.253856e-14 0.000000e+00
82 142 1.307482e-03 1.307482e-03 1 1 2 2 6.205005e-14 0.000000e+00
82 143 1.307482e-03 1.646023e-03 1 1 2 2 6.120532e-14 0.000000e+00
82 144 1.307482e-03 2.072220e-03 1 1 2 2 5.999260e-14 0.000000e+00
82 145 1.307482e-03 2.608770e-03 1 1 2 2 5.849024e-14 0.000000e+00
82 146 1.307482e-03 3.284247e-03 1 1 2 2 5.677163e-14 0.000000e+00
82 147 1.307482e-03 4.134622e-03 1 1 2 2 5.488035e-14 0.000000e+00
82 148 1.307482e-03 5.205181e-03 1 1 2 2 5.282460e-14 0.000000e+00
82 149 1.307482e-03 6.552935e-03 1 1 2 2 5.058056e-14 0.000000e+00
82 150 1.307482e-03 8.249656e-03 1 1 2 2 4.810122e-14 0.000000e+00
82 151 1.307482e-03 1.038570e-02 1 1 2 2 4.532808e-14 0.000000e+00
82 152 1.307482e-03 1.307482e-02 1 1 2 2 4.220433e-14 0.000000e+00
82 153 1.307482e-03 1.646023e-02 1 1 2 2 3.868922e-14 0.000000e+00
82 154 1.307482e-03 2.072220e-02 1 1 2 2 3.477349e-14 0.000000e+00
82 155 1.307482e-03 2.608770e-02 1 1 2 2 3.049447e-14 0.000000e+00
82 156 1.307482e-03 3.284247e-02 1 1 2 2 2.594771e-14 0.000000e+00
82 157 1.307482e-03 4.134622e-02 1 1 2 2 2.129077e-14 0.000000e+00
82 158 1.307482e-03 5.205181e-02 1 1 2 2 1.673192e-14 0.000000e+00
82 159 1.307482e-03 6.552935e-02 1 1 2 2 1.249506e-14 0.000000e+00
83 140 1.646023e-03 8.249656e-04 1 1 2 2 6.162636e-14 0.000000e+00
83 141 1.646023e-03 1.038570e-03 1 1 2 2 6.147720e-14 0.000000e+00
83 142 1.646023e-03 1.307482e-03 1 1 2 2 6.120532e-14 0.000000e+00
83 143 1.646023e-03 1.646023e-03 1 1 2 2 6.067896e-14 0.000000e+00
83 144 1.646023e-03 2.072220e-03 1 1 2 2 5.972504e-14 0.000000e+00
83 145 1.646023e-03 2.608770e-03 1 1 2 2 5.835942e-14 0.000000e+00
83 146 1.646023e-03 3.284247e-03 1 1 2 2 5.670249e-14 0.000000e+00
83 147 1.646023e-03 4.134622e-03 1 1 2 2 5.483688e-14 0.000000e+00
83 148 1.646023e-03 5.205181e-03 1 1 2 2 5.279231e-14 0.000000e+00
83 149 1.646023e-03 6.552935e-03 1 1 2 2 5.055477e-14 0.000000e+00
83 150 1.646023e-03 8.249656e-03 1 1 2 2 4.808078e-14 0.000000e+00
83 151 1.646023e-03 1.038570e-02 1 1 2 2 4.531263e-14 0.000000e+00
83 152 1.646023e-03 1.307482e-02 1 1 2 2 4.219342e-14 0.000000e+00
83 153 1.646023e-03 1.646023e-02 1 1 2 2 3.868217e-14 0.000000e+00
83 154 1.646023e-03 2.072220e-02 1 1 2 2 3.476946e-14 0.000000e+00
83 155 1.646023e-03 2.608770e-02 1 1 2 2 3.049262e-14 0.000000e+00
83 156 1.646023e-03 3.284247e-02 1 1 2 2 2.594728e-14 0.000000e+00
83 157 1.646023e-03 4.134622e-02 1 1 2 2 2.129112e-14 0.000000e+00
83 158 1.646023e-03 5.205181e-02 1 1 2 2 1.673258e-14 0.000000e+00
83 159 1.646023e-03 6.552935e-02 1 1 2 2 1.249572e-14 0.000000e+00
84 140 2.072220e-03 8.249656e-04 1 1 2 2 6.021231e-14 0.000000e+00
84 141 2.072220e-03 1.038570e-03 1 1 2 2 6.013330e-14 0.000000e+00
84 142 2.072220e-03 1.307482e-03 1 1 2 2 5.999260e-14 0.000000e+00
84 143 2.072220e-03 1.646023e-03 1 1 2 2 5.972504e-14 0.000000e+00
84 144 2.072220e-03 2.072220e-03 1 1 2 2 5.916687e-14 0.000000e+00
84 145 2.072220e-03 2.608770e-03 1 1 2 2 5.809942e-14 0.000000e+00
84 146 2.072220e-03 3.284247e-03 1 1 2 2 5.657700e-14 0.000000e+00
84 147 2.072220e-03 4.134622e-03 1 1 2 2 5.476388e-14 0.000000e+00
84 148 2.072220e-03 5.205181e-03 1 1 2 2 5.274019e-14 0.000000e+00
84 149 2.072220e-03 6.552935e-03 1 1 2 2 5.051361e-14 0.000000e+00
84 150 2.072220e-03 8.249656e-03 1 1 2 2 4.804819e-14 0.000000e+00
84 151 2.072220e-03 1.038570e-02 1 1 2 2 4.528795e-14 0.000000e+00
84 152 2.072220e-03 1.307482e-02 1 1 2 2 4.217594e-14 0.000000e+00
84 153 2.072220e-03 1.646023e-02 1 1 2 2 3.867079e-14 0.000000e+00
84 154 2.072220e-03 2.072220e-02 1 1 2 2 3.476289e-14 0.000000e+00
84 155 2.072220e-03 2.608770e-02 1 1 2 2 3.048951e-14 0.000000e+00
84 156 2.072220e-03 3.284247e-02 1 1 2 2 2.594641e-14 0.000000e+00
84 157 2.072220e-03 4.134622e-02 1 1 2 2 2.129150e-14 0.000000e+00
84 158 2.072220e-03 5.205181e-02 1 1 2 2 1.673346e-14 0.000000e+00
84 159 2.072220e-03 6.552935e-02 1 1 2 2 1.249660e-14 0.000000e+00
85 140 2.608770e-03 8.249656e-04 1 1 2 2 5.860462e-14 0.000000e+00
85 141 2.608770e-03 1.038570e-03 1 1 2 2 5.856268e-14 0.000000e+00
85 142 2.608770e-03 1.307482e-03 1 1 2 2 5.849024e-14 0.000000e+00
85 143 2.608770e-03 1.646023e-03 1 1 2 2 5.835942e-14 0.000000e+00
85 144 2.608770e-03 2.072220e-03 1 1 2 2 5.809942e-14 0.000000e+00
85 145 2.608770e-03 2.608770e-03 1 1 2 2 5.751200e-14 0.000000e+00
85 146 2.608770e-03 3.284247e-03 1 1 2 2 5.632215e-14 0.000000e+00
85 147 2.608770e-03 4.134622e-03 1 1 2 2 5.463483e-14 0.000000e+00
85 148 2.608770e-03 5.205181e-03 1 1 2 2 5.265503e-14 0.000000e+00
85 149 2.608770e-03 6.552935e-03 1 1 2 2 5.044803e-14 0.000000e+00
85 150 2.608770e-03 8.249656e-03 1 1 2 2 4.799649e-14 0.000000e+00
85 151 2.608770e-03 1.038570e-02 1 1 2 2 4.524881e-14 0.000000e+00
85 152 2.608770e-03 1.307482e-02 1 1 2 2 4.214819e-14 0.000000e+00
85 153 2.608770e-03 1.646023e-02 1 1 2 2 3.865274e-14 0.000000e+00
85 154 2.608770e-03 2.072220e-02 1 1 2 2 3.475246e-14 0.000000e+00
85 155 2.608770e-03 2.608770e-02 1 1 2 2 3.048457e-14 0.000000e+00
85 156 2.608770e-03 3.284247e-02 1 1 2 2 2.594504e-14 0.000000e+00
85 157 2.608770e-03 4.134622e-02 1 1 2 2 2.129212e-14 0.000000e+00
85 158 2.608770e-03 5.205181e-02 1 1 2 2 1.673487e-14 0.000000e+00
85 159 2.608770e-03 6.552935e-02 1 1 2 2 1.249802e-14 0.000000e+00
86 140 3.284247e-03 8.249656e-04 1 1 2 2 5.683652e-14 0.000000e+00
86 141 3.284247e-03 1.038570e-03 1 1 2 2 5.681226e-14 0.000000e+00
86 142 3.284247e-03 1.307482e-03 1 1 2 2 5.677163e-14 0.000000e+00
86 143 3.284247e-03 1.646023e-03 1 1 2 2 5.670249e-14 0.000000e+00
86 144 3.284247e-03 2.072220e-03 1 1 2 2 5.657700e-14 0.000000e+00
86 145 3.284247e-03 2.608770e-03 1 1 2 2 5.632215e-14 0.000000e+00
86 146 3.284247e-03 3.284247e-03 1 1 2 2 5.570231e-14 0.000000e+00
86 147 3.284247e-03 4.134622e-03 1 1 2 2 5.437604e-14 0.000000e+00
86 148 3.284247e-03 5.205181e-03 1 1 2 2 5.251027e-14 0.000000e+00
86 149 3.284247e-03 6.552935e-03 1 1 2 2 5.034274e-14 0.000000e+00
86 150 3.284247e-03 8.249656e-03 1 1 2 2 4.791436e-14 0.000000e+00
86 151 3.284247e-03 1.038570e-02 1 1 2 2 4.518664e-14 0.000000e+00
86 152 3.284247e-03 1.307482e-02 1 1 2 2 4.210410e-14 0.000000e+00
86 153 3.284247e-03 1.646023e-02 1 1 2 2 3.862404e-14 0.000000e+00
86 154 3.284247e-03 2.072220e-02 1 1 2 2 3.473588e-14 0.000000e+00
86 155 3.284247e-03 2.608770e-02 1 1 2 2 3.047672e-14 0.000000e+00
86 156 3.284247e-03 3.284247e-02 1 1 2 2 2.594286e-14 0.000000e+00
86 157 3.284247e-03 4.134622e-02 1 1 2 2 2.129309e-14 0.000000e+00
86 158 3.284247e-03 5.205181e-02 1 1 2 2 1.673711e-14 0.000000e+00
86 159 3.284247e-03 6.552935e-02 1 1 2 2 1.250026e-14 0.000000e+00
87 140 4.134622e-03 8.249656e-04 1 1 2 2 5.492349e-14 0.000000e+00
87 141 4.134622e-03 1.038570e-03 1 1 2 2 5.490715e-14 0.000000e+00
87 142 4.134622e-03 1.307482e-03 1 1 2 2 5.488035e-14 0.000000e+00
87 143 4.134622e-03 1.646023e-03 1 1 2 2 5.483688e-14 0.000000e+00
87 144 4.134622e-03 2.072220e-03 1 1 2 2 5.476388e-14 0.000000e+00
87 145 4.134622e-03 2.608770e-03 1 1 2 2 5.463483e-14 0.000000e+00
87 146 4.134622e-03 3.284247e-03 1 1 2 2 5.437604e-14 0.000000e+00
87 147 4.134622e-03 4.134622e-03 1 1 2 2 5.371451e-14 0.000000e+00
87 148 4.134622e-03 5.205181e-03 1 1 2 2 5.223317e-14 0.000000e+00
87 149 4.134622e-03 6.552935e-03 1 1 2 2 5.016971e-14 0.000000e+00
87 150 4.134622e-03 8.249656e-03 1 1 2 2 4.778348e-14 0.000000e+00
87 151 4.134622e-03 1.038570e-02 1 1 2 2 4.508778e-14 0.000000e+00
87 152 4.134622e-03 1.307482e-02 1 1 2 2 4.203389e-14 0.000000e+00
87 153 4.134622e-03 1.646023e-02 1 1 2 2 3.857831e-14 0.000000e+00
87 154 4.134622e-03 2.072220e-02 1 1 2 2 3.470944e-14 0.000000e+00
87 155 4.134622e-03 2.608770e-02 1 1 2 2 3.046419e-14 0.000000e+00
87 156 4.134622e-03 3.284247e-02 1 1 2 2 2.593935e-14 0.000000e+00
87 157 4.134622e-03 4.134622e-02 1 1 2 2 2.129461e-14 0.000000e+00
87 158 4.134622e-03 5.205181e-02 1 1 2 2 1.674065e-14 0.000000e+00
87 159 4.134622e-03 6.552935e-02 1 1 2 2 1.250381e-14 0.000000e+00
88 140 5.205181e-03 8.249656e-04 1 1 2 2 5.285752e-14 0.000000e+00
88 141 5.205181e-03 1.038570e-03 1 1 2 2 5.284499e-14 0.000000e+00
88 142 5.205181e-03 1.307482e-03 1 1 2 2 5.282460e-14 0.000000e+00
88 143 5.205181e-03 1.646023e-03 1 1 2 2 5.279231e-14 0.000000e+00
88 144 5.205181e-03 2.072220e-03 1 1 2 2 5.274019e-14 0.000000e+00
88 145 5.205181e-03 2.608770e-03 1 1 2 2 5.265503e-14 0.000000e+00
88 146 5.205181e-03 3.284247e-03 1 1 2 2 5.251027e-14 0.000000e+00
88 147 5.205181e-03 4.134622e-03 1 1 2 2 5.223317e-14 0.000000e+00
88 148 5.205181e-03 5.205181e-03 1 1 2 2 5.151545e-14 0.000000e+00
88 149 5.205181e-03 6.552935e-03 1 1 2 2 4.985746e-14 0.000000e+00
88 150 5.205181e-03 8.249656e-03 1 1 2 2 4.757248e-14 0.000000e+00
88 151 5.205181e-03 1.038570e-02 1 1 2 2 4.493024e-14 0.000000e+00
88 152 5.205181e-03 1.307482e-02 1 1 2 2 4.192186e-14 0.000000e+00
88 153 5.205181e-03 1.646023e-02 1 1 2 2 3.850523e-14 0.000000e+00
88 154 5.205181e-03 2.072220e-02 1 1 2 2 3.466713e-14 0.000000e+00
88 155 5.205181e-03 2.608770e-02 1 1 2 2 3.044409e-14 0.000000e+00
88 156 5.205181e-03 3.284247e-02 1 1 2 2 2.593368e-14 0.000000e+00
88 157 5.205181e-03 4.134622e-02 1 1 2 2 2.129696e-14 0.000000e+00
88 158 5.205181e-03 5.205181e-02 1 1 2 2 1.674623e-14 0.000000e+00
88 159 5.205181e-03 6.552935e-02 1 1 2 2 1.250944e-14 0.000000e+00
89 140 6.552935e-03 8.249656e-04 1 1 2 2 5.060707e-14 0.000000e+00
89 141 6.552935e-03 1.038570e-03 1 1 2 2 5.059698e-14 0.000000e+00
89 142 6.552935e-03 1.307482e-03 1 1 2 2 5.058056e-14 0.000000e+00
89 143 6.552935e-03 1.646023e-03 1 1 2 2 5.055477e-14 0.000000e+00
89 144 6.552935e-03 2.072220e-03 1 1 2 2 5.051361e-14 0.000000e+00
89 145 6.552935e-03 2.608770e-03 1 1 2 2 5.044803e-14 0.000000e+00
89 146 6.552935e-03 3.284247e-03 1 1 2 2 5.034274e-14 0.000000e+00
89 147 6.552935e-03 4.134622e-03 1 1 2 2 5.016971e-14 0.000000e+00
89 148 6.552935e-03 5.205181e-03 1 1 2 2 4.985746e-14 0.000000e+00
89 149 6.552935e-03 6.552935e-03 1 1 2 2 4.906619e-14 0.000000e+00
89 150 6.552935e-03 8.249656e-03 1 1 2 2 4.720979e-14 0.000000e+00
89 151 6.552935e-03 1.038570e-02 1 1 2 2 4.467756e-14 0.000000e+00
89 152 6.552935e-03 1.307482e-02 1 1 2 2 4.174240e-14 0.000000e+00
89 153 6.552935e-03 1.646023e-02 1 1 2 2 3.838787e-14 0.000000e+00
89 154 6.552935e-03 2.072220e-02 1 1 2 2 3.459906e-14 0.000000e+00
89 155 6.552935e-03 2.608770e-02 1 1 2 2 3.041167e-14 0.000000e+00
89 156 6.552935e-03 3.284247e-02 1 1 2 2 2.592439e-14 0.000000e+00
89 157 6.552935e-03 4.134622e-02 1 1 2 2 2.130054e-14 0.000000e+00
89 158 6.552935e-03 5.205181e-02 1 1 2 2 1.675502e-14 0.000000e+00
89 159 6.552935e-03 6.552935e-02 1 1 2 2 1.251834e-14 0.000000e+00
90 140 8.249656e-03 8.249656e-04 1 1 2 2 4.812226e-14 0.000000e+00
90 141 8.249656e-03 1.038570e-03 1 1 2 2 4.811429e-14 0.000000e+00
90 142 8.249656e-03 1.307482e-03 1 1 2 2 4.810122e-14 0.000000e+00
90 143 8.249656e-03 1.646023e-03 1 1 2 2 4.808078e-14 0.000000e+00
90 144 8.249656e-03 2.072220e-03 1 1 2 2 4.804819e-14 0.000000e+00
90 145 8.249656e-03 2.608770e-03 1 1 2 2 4.799649e-14 0.000000e+00
90 146 8.249656e-03 3.284247e-03 1 1 2 2 4.791436e-14 0.000000e+00
90 147 8.249656e-03 4.134622e-03 1 1 2 2 4.778348e-14 0.000000e+00
90 148 8.249656e-03 5.205181e-03 1 1 2 2 4.757248e-14 0.000000e+00
90 149 8.249656e-03 6.552935e-03 1 1 2 2 4.720979e-14 0.000000e+00
90 150 8.249656e-03 8.249656e-03 1 1 2 2 4.632838e-14 0.000000e+00
90 151 8.249656e-03 1.038570e-02 1 1 2 2 4.425546e-14 0.000000e+00
90 152 8.249656e-03 1.307482e-02 1 1 2 2 4.145310e-14 0.000000e+00
90 153 8.249656e-03 1.646023e-02 1 1 2 2 3.819809e-14 0.000000e+00
90 154 8.249656e-03 2.072220e-02 1 1 2 2 3.448864e-14 0.000000e+00
90 155 8.249656e-03 2.608770e-02 1 1 2 2 3.035881e-14 0.000000e+00
90 156 8.249656e-03 3.284247e-02 1 1 2 2 2.590891e-14 0.000000e+00
90 157 8.249656e-03 4.134622e-02 1 1 2 2 2.130585e-14 0.000000e+00
90 158 8.249656e-03 5.205181e-02 1 1 2 2 1.676879e-14 0.000000e+00
90 159 8.249656e-03 6.552935e-02 1 1 2 2 1.253239e-14 0.000000e+00
91 140 1.038570e-02 8.249656e-04 1 1 2 2 4.534398e-14 0.000000e+00
91 141 1.038570e-02 1.038570e-03 1 1 2 2 4.533800e-14 0.000000e+00
91 142 1.038570e-02 1.307482e-03 1 1 2 2 4.532808e-14 0.000000e+00
91 143 1.038570e-02 1.646023e-03 1 1 2 2 4.531263e-14 0.000000e+00
91 144 1.038570e-02 2.072220e-03 1 1 2 2 4.528795e-14 0.000000e+00
91 145 1.038570e-02 2.608770e-03 1 1 2 2 4.524881e-14 0.000000e+00
91 146 1.038570e-02 3.284247e-03 1 1 2 2 4.518664e-14 0.000000e+00
91 147 1.038570e-02 4.134622e-03 1 1 2 2 4.508778e-14 0.000000e+00
91 148 1.038570e-02 5.205181e-03 1 1 2 2 4.493024e-14 0.000000e+00
91 149 1.038570e-02 6.552935e-03 1 1 2 2 4.467756e-14 0.000000e+00
91 150 1.038570e-02 8.249656e-03 1 1 2 2 4.425546e-14 0.000000e+00
91 151 1.038570e-02 1.038570e-02 1 1 2 2 4.327299e-14 0.000000e+00
91 152 1.038570e-02 1.307482e-02 1 1 2 2 4.097374e-14 0.000000e+00
91 153 1.038570e-02 1.646023e-02 1 1 2 2 3.788793e-14 0.000000e+00
91 154 1.038570e-02 2.072220e-02 1 1 2 2 3.430719e-14 0.000000e+00
91 155 1.038570e-02 2.608770e-02 1 1 2 2 3.027128e-14 0.000000e+00
91 156 1.038570e-02 3.284247e-02 1 1 2 2 2.588242e-14 0.000000e+00
91 157 1.038570e-02 4.134622e-02 1 1 2 2 2.131337e-14 0.000000e+00
91 158 1.038570e-02 5.205181e-02 1 1 2 2 1.679023e-14 0.000000e+00
91 159 1.038570e-02 6.552935e-02 1 1 2 2 1.255456e-14 0.000000e+00
92 140 1.307482e-02 8.249656e-04 1 1 2 2 4.221557e-14 0.000000e+00
92 141 1.307482e-02 1.038570e-03 1 1 2 2 4.221138e-14 0.000000e+00
92 142 1.307482e-02 1.307482e-03 1 1 2 2 4.220433e-14 0.000000e+00
92 143 1.307482e-02 1.646023e-03 1 1 2 2 4.219342e-14 0.000000e+00
92 144 1.307482e-02 2.072220e-03 1 1 2 2 4.217594e-14 0.000000e+00
92 145 1.307482e-02 2.608770e-03 1 1 2 2 4.214819e-14 0.000000e+00
92 146 1.307482e-02 3.284247e-03 1 1 2 2 4.210410e-14 0.000000e+00
92 147 1.307482e-02 4.134622e-03 1 1 2 2 4.203389e-14 0.000000e+00
92 148 1.307482e-02 5.205181e-03 1 1 2 2 4.192186e-14 0.000000e+00
92 149 1.307482e-02 6.552935e-03 1 1 2 2 4.174240e-14 0.000000e+00
92 150 1.307482e-02 8.249656e-03 1 1 2 2 4.145310e-14 0.000000e+00
92 151 1.307482e-02 1.038570e-02 1 1 2 2 4.097374e-14 0.000000e+00
92 152 1.307482e-02 1.307482e-02 1 1 2 2 3.989053e-14 0.000000e+00
92 153 1.307482e-02 1.646023e-02 1 1 2 2 3.736852e-14 0.000000e+00
92 154 1.307482e-02 2.072220e-02 1 1 2 2 3.400333e-14 0.000000e+00
92 155 1.307482e-02 2.608770e-02 1 1 2 2 3.012288e-14 0.000000e+00
92 156 1.307482e-02 3.284247e-02 1 1 2 2 2.583544e-14 0.000000e+00
92 157 1.307482e-02 4.134622e-02 1 1 2 2 2.132293e-14 0.000000e+00
92 158 1.307482e-02 5.205181e-02 1 1 2 2 1.682323e-14 0.000000e+00
92 159 1.307482e-02 6.552935e-02 1 1 2 2 1.258940e-14 0.000000e+00
93 140 1.646023e-02 8.249656e-04 1 1 2 2 3.869650e-14 0.000000e+00
93 141 1.646023e-02 1.038570e-03 1 1 2 2 3.869385e-14 0.000000e+00
93 142 1.646023e-02 1.307482e-03 1 1 2 2 3.868922e-14 0.000000e+00
93 143 1.646023e-02 1.646023e-03 1 1 2 2 3.868217e-14 0.000000e+00
93 144 1.646023e-02 2.072220e-03 1 1 2 2 3.867079e-14 0.000000e+00
93 145 1.646023e-02 2.608770e-03 1 1 2 2 3.865274e-14 0.000000e+00
93 146 1.646023e-02 3.284247e-03 1 1 2 2 3.862404e-14 0.000000e+00
93 147 1.646023e-02 4.134622e-03 1 1 2 2 3.857831e-14 0.000000e+00
93 148 1.646023e-02 5.205181e-03 1 1 2 2 3.850523e-14 0.000000e+00
93 149 1.646023e-02 6.552935e-03 1 1 2 2 3.838787e-14 0.000000e+00
93 150 1.646023e-02 8.249656e-03 1 1 2 2 3.819809e-14 0.000000e+00
93 151 1.646023e-02 1.038570e-02 1 1 2 2 3.788793e-14 0.000000e+00
93 152 1.646023e-02 1.307482e-02 1 1 2 2 3.736852e-14 0.000000e+00
93 153 1.646023e-02 1.646023e-02 1 1 2 2 3.620148e-14 0.000000e+00
93 154 1.646023e-02 2.072220e-02 1 1 2 2 3.347837e-14 0.000000e+00
93 155 1.646023e-02 2.608770e-02 1 1 2 2 2.986252e-14 0.000000e+00
93 156 1.646023e-02 3.284247e-02 1 1 2 2 2.574785e-14 0.000000e+00
93 157 1.646023e-02 4.134622e-02 1 1 2 2 2.133197e-14 0.000000e+00
93 158 1.646023e-02 5.205181e-02 1 1 2 2 1.687298e-14 0.000000e+00
93 159 1.646023e-02 6.552935e-02 1 1 2 2 1.264388e-14 0.000000e+00
94 140 2.072220e-02 8.249656e-04 1 1 2 2 3.477765e-14 0.000000e+00
94 141 2.072220e-02 1.038570e-03 1 1 2 2 3.477621e-14 0.000000e+00
94 142 2.072220e-02 1.307482e-03 1 1 2 2 3.477349e-14 0.000000e+00
94 143 2.072220e-02 1.646023e-03 1 1 2 2 3.476946e-14 0.000000e+00
94 144 2.072220e-02 2.072220e-03 1 1 2 2 3.476289e-14 0.000000e+00
94 145 2.072220e-02 2.608770e-03 1 1 2 2 3.475246e-14 0.000000e+00
94 146 2.072220e-02 3.284247e-03 1 1 2 2 3.473588e-14 0.000000e+00
94 147 2.072220e-02 4.134622e-03 1 1 2 2 3.470944e-14 0.000000e+00
94 148 2.072220e-02 5.205181e-03 1 1 2 2 3.466713e-14 0.000000e+00
94 149 2.072220e-02 6.552935e-03 1 1 2 2 3.459906e-14 0.000000e+00
94 150 2.072220e-02 8.249656e-03 1 1 2 2 3.448864e-14 0.000000e+00
94 151 2.072220e-02 1.038570e-02 1 1 2 2 3.430719e-14 0.000000e+00
94 152 2.072220e-02 1.307482e-02 1 1 2 2 3.400333e-14 0.000000e+00
94 153 2.072220e-02 1.646023e-02 1 1 2 2 3.347837e-14 0.000000e+00
94 154 2.072220e-02 2.072220e-02 1 1 2 2 3.226458e-14 0.000000e+00
94 155 2.072220e-02 2.608770e-02 1 1 2 2 2.938292e-14 0.000000e+00
94 156 2.072220e-02 3.284247e-02 1 1 2 2 2.557389e-14 0.000000e+00
94 157 2.072220e-02 4.134622e-02 1 1 2 2 2.133004e-14 0.000000e+00
94 158 2.072220e-02 5.205181e-02 1 1 2 2 1.694516e-14 0.000000e+00
94 159 2.072220e-02 6.552935e-02 1 1 2 2 1.272826e-14 0.000000e+00
95 140 2.608770e-02 8.249656e-04 1 1 2 2 3.049639e-14 0.000000e+00
95 141 2.608770e-02 1.038570e-03 1 1 2 2 3.049581e-14 0.000000e+00
95 142 2.608770e-02 1.307482e-03 1 1 2 2 3.049447e-14 0.000000e+00
95 143 2.608770e-02 1.646023e-03 1 1 2 2 3.049262e-14 0.000000e+00
95 144 2.608770e-02 2.072220e-03 1 1 2 2 3.048951e-14 0.000000e+00
95 145 2.608770e-02 2.608770e-03 1 1 2 2 3.048457e-14 0.000000e+00
95 146 2.608770e-02 3.284247e-03 1 1 2 2 3.047672e-14 0.000000e+00
95 147 2.608770e-02 4.134622e-03 1 1 2 2 3.046419e-14 0.000000e+00
95 148 2.608770e-02 5.205181e-03 1 1 2 2 3.044409e-14 0.000000e+00
95 149 2.608770e-02 6.552935e-03 1 1 2 2 3.041167e-14 0.000000e+00
95 150 2.608770e-02 8.249656e-03 1 1 2 2 3.035881e-14 0.000000e+00
95 151 2.608770e-02 1.038570e-02 1 1 2 2 3.027128e-14 0.000000e+00
95 152 2.608770e-02 1.307482e-02 1 1 2 2 3.012288e-14 0.000000e+00
95 153 2.608770e-02 1.646023e-02 1 1 2 2 2.986252e-14 0.000000e+00
95 154 2.608770e-02 2.072220e-02 1 1 2 2 2.938292e-14 0.000000e+00
95 155 2.608770e-02 2.608770e-02 1 1 2 2 2.817971e-14 0.000000e+00
95 156 2.608770e-02 3.284247e-02 1 1 2 2 2.520128e-14 0.000000e+00
95 157 2.608770e-02 4.134622e-02 1 1 2 2 2.128217e-14 0.000000e+00
95 158 2.608770e-02 5.205181e-02 1 1 2 2 1.704150e-14 0.000000e+00
95 159 2.608770e-02 6.552935e-02 1 1 2 2 1.285667e-14 0.000000e+00
96 140 3.284247e-02 8.249656e-04 1 1 2 2 2.594818e-14 0.000000e+00
96 141 3.284247e-02 1.038570e-03 1 1 2 2 2.594816e-14 0.000000e+00
96 142 3.284247e-02 1.307482e-03 1 1 2 2 2.594771e-14 0.000000e+00
96 143 3.284247e-02 1.646023e-03 1 1 2 2 2.594728e-14 0.000000e+00
96 144 3.284247e-02 2.072220e-03 1 1 2 2 2.594641e-14 0.000000e+00
96 145 3.284247e-02 2.608770e-03 1 1 2 2 2.594504e-14 0.000000e+00
96 146 3.284247e-02 3.284247e-03 1 1 2 2 2.594286e-14 0.000000e+00
96 147 3.284247e-02 4.134622e-03 1 1 2 2 2.593935e-14 0.000000e+00
96 148 3.284247e-02 5.205181e-03 1 1 2 2 2.593368e-14 0.000000e+00
96 149 3.284247e-02 6.552935e-03 1 1 2 2 2.592439e-14 0.000000e+00
96 150 3.284247e-02 8.249656e-03 1 1 2 2 2.590891e-14 0.000000e+00
96 151 3.284247e-02 1.038570e-02 1 1 2 2 2.588242e-14 0.000000e+00
96 152 3.284247e-02 1.307482e-02 1 1 2 2 2.583544e-14 0.000000e+00
96 153 3.284247e-02 1.646023e-02 1 1 2 2 2.574785e-14 0.000000e+00
96 154 3.284247e-02 2.072220e-02 1 1 2 2 2.557389e-14 0.000000e+00
96 155 3.284247e-02 2.608770e-02 1 1 2 2 2.520128e-14 0.000000e+00
96 156 3.284247e-02 3.284247e-02 1 1 2 2 2.407996e-14 0.000000e+00
96 157 3.284247e-02 4.134622e-02 1 1 2 2 2.107667e-14 0.000000e+00
96 158 3.284247e-02 5.205181e-02 1 1 2 2 1.714308e-14 0.000000e+00
96 159 3.284247e-02 6.552935e-02 1 1 2 2 1.304494e-14 0.000000e+00
97 140 4.134622e-02 8.249656e-04 1 1 2 2 2.129042e-14 0.000000e+00
97 141 4.134622e-02 1.038570e-03 1 1 2 2 2.129071e-14 0.000000e+00
97 142 4.134622e-02 1.307482e-03 1 1 2 2 2.129077e-14 0.000000e+00
97 143 4.134622e-02 1.646023e-03 1 1 2 2 2.129112e-14 0.000000e+00
97 144 4.134622e-02 2.072220e-03 1 1 2 2 2.129150e-14 0.000000e+00
97 145 4.134622e-02 2.608770e-03 1 1 2 2 2.129212e-14 0.000000e+00
97 146 4.134622e-02 3.284247e-03 1 1 2 2 2.129309e-14 0.000000e+00
97 147 4.134622e-02 4.134622e-03 1 1 2 2 2.129461e-14 0.000000e+00
97 148 4.134622e-02 5.205181e-03 1 1 2 2 2.129696e-14 0.000000e+00
97 149 4.134622e-02 6.552935e-03 1 1 2 2 2.130054e-14 0.000000e+00
97 150 4.134622e-02 8.249656e-03 1 1 2 2 2.130585e-14 0.000000e+00
97 151 4.134622e-02 1.038570e-02 1 1 2 2 2.131337e-14 0.000000e+00
97 152 4.134622e-02 1.307482e-02 1 1 2 2 2.132293e-14 0.000000e+00
97 153 4.134622e-02 1.646023e-02 1 1 2 2 2.133197e-14 0.000000e+00
97 154 4.134622e-02 2.072220e-02 1 1 2 2 2.133004e-14 0.000000e+00
97 155 4.134622e-02 2.608770e-02 1 1 2 2 2.128217e-14 0.000000e+00
97 156 4.134622e-02 3.284247e-02 1 1 2 2 2.107667e-14 0.000000e+00
97 157 4.134622e-02 4.134622e-02 1 1 2 2 2.010823e-14 0.000000e+00
97 158 4.134622e-02 5.205181e-02 1 1 2 2 1.714732e-14 0.000000e+00
97 159 4.134622e-02 6.552935e-02 1 1 2 2 1.329627e-14 0.000000e+00
98 140 5.205181e-02 8.249656e-04 1 1 2 2 1.673124e-14 0.000000e+00
98 141 5.205181e-02 1.038570e-03 1 1 2 2 1.673166e-14 0.000000e+00
98 142 5.205181e-02 1.307482e-03 1 1 2 2 1.673192e-14 0.000000e+00
98 143 5.205181e-02 1.646023e-03 1 1 2 2 1.673258e-14 0.000000e+00
98 144 5.205181e-02 2.072220e-03 1 1 2 2 1.673346e-14 0.000000e+00
98 145 5.205181e-02 2.608770e-03 1 1 2 2 1.673487e-14 0.000000e+00
98 146 5.205181e-02 3.284247e-03 1 1 2 2 1.673711e-14 0.000000e+00
98 147 5.205181e-02 4.134622e-03 1 1 2 2 1.674065e-14 0.000000e+00
98 148 5.205181e-02 5.205181e-03 1 1 2 2 1.674623e-14 0.000000e+00
98 149 5.205181e-02 6.552935e-03 1 1 2 2 1.675502e-14 0.000000e+00
98 150 5.205181e-02 8.249656e-03 1 1 2 2 1.676879e-14 0.000000e+00
98 151 5.205181e-02 1.038570e-02 1 1 2 2 1.679023e-14 0.000000e+00
98 152 5.205181e-02 1.307482e-02 1 1 2 2 1.682323e-14 0.000000e+00
98 153 5.205181e-02 1.646023e-02 1 1 2 2 1.687298e-14 0.000000e+00
98 154 5.205181e-02 2.072220e-02 1 1 2 2 1.694516e-14 0.000000e+00
98 155 5.205181e-02 2.608770e-02 1 1 2 2 1.704150e-14 0.000000e+00
98 156 5.205181e-02 3.284247e-02 1 1 2 2 1.714308e-14 0.000000e+00
98 157 5.205181e-02 4.134622e-02 1 1 2 2 1.714732e-14 0.000000e+00
98 158 5.205181e-02 5.205181e-02 1 1 2 2 1.638959e-14 0.000000e+00
98 159 5.205181e-02 6.552935e-02 1 1 2 2 1.353112e-14 0.000000e+00
99 140 6.552935e-02 8.249656e-04 1 1 2 2 1.249438e-14 0.000000e+00
99 141 6.552935e-02 1.038570e-03 1 1 2 2 1.249479e-14 0.000000e+00
99 142 6.552935e-02 1.307482e-03 1 1 2 2 1.249506e-14 0.000000e+00
99 143 6.552935e-02 1.646023e-03 1 1 2 2 1.249572e-14 0.000000e+00
99 144 6.552935e-02 2.072220e-03 1 1 2 2 1.249660e-14 0.000000e+00
99 145 6.552935e-02 2.608770e-03 1 1 2 2 1.249802e-14 0.000000e+00
99 146 6.552935e-02 3.284247e-03 1 1 2 2 1.250026e-14 0.000000e+00
99 147 6.552935e-02 4.134622e-03 1 1 2 2 1.250381e-14 0.000000e+00
99 148 6.552935e-02 5.205181e-03 1 1 2 2 1.250944e-14 0.000000e+00
99 149 6.552935e-02 6.552935e-03 1 1 2 2 1.251834e-14 0.000000e+00
99 150 6.552935e-02 8.249656e-03 1 1 2 2 1.253239e-14 0.000000e+00
99 151 6.552935e-02 1.038570e-02 1 1 2 2 1.255456e-14 0.000000e+00
99 152 6.552935e-02 1.307482e-02 1 1 2 2 1.258940e-14 0.000000e+00
99 153 6.552935e-02 1.646023e-02 1 1 2 2 1.264388e-14 0.000000e+00
99 154 6.552935e-02 2.072220e-02 1 1 2 2 1.272826e-14 0.000000e+00
99 155 6.552935e-02 2.608770e-02 1 1 2 2 1.285667e-14 0.000000e+00
99 156 6.552935e-02 3.284247e-02 1 1 2 2 1.304494e-14 0.000000e+00
99 157 6.552935e-02 4.134622e-02 1 1 2 2 1.329627e-14 0.000000e+00
99 158 6.552935e-02 5.205181e-02 1 1 2 2 1.353112e-14 0.000000e+00
99 159 6.552935e-02 6.552935e-02 1 1 2 2 1.303014e-14 0.000000e+00
