# Please cite the following papers in research using this covariance:
# arXiv: 1601.05779, https://arxiv.org/abs/1601.05779
# arXiv: 1911.11947, https://arxiv.org/abs/1911.11947
# arXiv: 2004.04833, https://arxiv.org/abs/2004.04833
########################################################
40 160 8.249656e-04 8.249656e-04 0 2 2 3 1.552637e-13 0.000000e+00
40 161 8.249656e-04 1.038570e-03 0 2 2 3 1.427843e-13 0.000000e+00
40 162 8.249656e-04 1.307482e-03 0 2 2 3 1.282748e-13 0.000000e+00
40 163 8.249656e-04 1.646023e-03 0 2 2 3 1.155822e-13 0.000000e+00
40 164 8.249656e-04 2.072220e-03 0 2 2 3 1.047839e-13 0.000000e+00
40 165 8.249656e-04 2.608770e-03 0 2 2 3 9.566965e-14 0.000000e+00
40 166 8.249656e-04 3.284247e-03 0 2 2 3 8.794060e-14 0.000000e+00
40 167 8.249656e-04 4.134622e-03 0 2 2 3 8.127351e-14 0.000000e+00
40 168 8.249656e-04 5.205181e-03 0 2 2 3 7.535446e-14 0.000000e+00
40 169 8.249656e-04 6.552935e-03 0 2 2 3 6.989901e-14 0.000000e+00
40 170 8.249656e-04 8.249656e-03 0 2 2 3 6.466391e-14 0.000000e+00
40 171 8.249656e-04 1.038570e-02 0 2 2 3 5.945372e-14 0.000000e+00
40 172 8.249656e-04 1.307482e-02 0 2 2 3 5.412504e-14 0.000000e+00
40 173 8.249656e-04 1.646023e-02 0 2 2 3 4.859029e-14 0.000000e+00
40 174 8.249656e-04 2.072220e-02 0 2 2 3 4.282320e-14 0.000000e+00
40 175 8.249656e-04 2.608770e-02 0 2 2 3 3.686377e-14 0.000000e+00
40 176 8.249656e-04 3.284247e-02 0 2 2 3 3.082233e-14 0.000000e+00
40 177 8.249656e-04 4.134622e-02 0 2 2 3 2.487484e-14 0.000000e+00
40 178 8.249656e-04 5.205181e-02 0 2 2 3 1.924035e-14 0.000000e+00
40 179 8.249656e-04 6.552935e-02 0 2 2 3 1.413564e-14 0.000000e+00
41 160 1.038570e-03 8.249656e-04 0 2 2 3 1.427843e-13 0.000000e+00
41 161 1.038570e-03 1.038570e-03 0 2 2 3 1.420596e-13 0.000000e+00
41 162 1.038570e-03 1.307482e-03 0 2 2 3 1.302426e-13 0.000000e+00
41 163 1.038570e-03 1.646023e-03 0 2 2 3 1.168339e-13 0.000000e+00
41 164 1.038570e-03 2.072220e-03 0 2 2 3 1.054908e-13 0.000000e+00
41 165 1.038570e-03 2.608770e-03 0 2 2 3 9.604102e-14 0.000000e+00
41 166 1.038570e-03 3.284247e-03 0 2 2 3 8.812243e-14 0.000000e+00
41 167 1.038570e-03 4.134622e-03 0 2 2 3 8.135523e-14 0.000000e+00
41 168 1.038570e-03 5.205181e-03 0 2 2 3 7.538679e-14 0.000000e+00
41 169 1.038570e-03 6.552935e-03 0 2 2 3 6.990889e-14 0.000000e+00
41 170 1.038570e-03 8.249656e-03 0 2 2 3 6.466479e-14 0.000000e+00
41 171 1.038570e-03 1.038570e-02 0 2 2 3 5.945183e-14 0.000000e+00
41 172 1.038570e-03 1.307482e-02 0 2 2 3 5.412293e-14 0.000000e+00
41 173 1.038570e-03 1.646023e-02 0 2 2 3 4.858884e-14 0.000000e+00
41 174 1.038570e-03 2.072220e-02 0 2 2 3 4.282253e-14 0.000000e+00
41 175 1.038570e-03 2.608770e-02 0 2 2 3 3.686372e-14 0.000000e+00
41 176 1.038570e-03 3.284247e-02 0 2 2 3 3.082269e-14 0.000000e+00
41 177 1.038570e-03 4.134622e-02 0 2 2 3 2.487541e-14 0.000000e+00
41 178 1.038570e-03 5.205181e-02 0 2 2 3 1.924093e-14 0.000000e+00
41 179 1.038570e-03 6.552935e-02 0 2 2 3 1.413616e-14 0.000000e+00
42 160 1.307482e-03 8.249656e-04 0 2 2 3 1.282748e-13 0.000000e+00
42 161 1.307482e-03 1.038570e-03 0 2 2 3 1.302426e-13 0.000000e+00
42 162 1.307482e-03 1.307482e-03 0 2 2 3 1.300561e-13 0.000000e+00
42 163 1.307482e-03 1.646023e-03 0 2 2 3 1.189599e-13 0.000000e+00
42 164 1.307482e-03 2.072220e-03 0 2 2 3 1.067077e-13 0.000000e+00
42 165 1.307482e-03 2.608770e-03 0 2 2 3 9.667127e-14 0.000000e+00
42 166 1.307482e-03 3.284247e-03 0 2 2 3 8.842638e-14 0.000000e+00
42 167 1.307482e-03 4.134622e-03 0 2 2 3 8.149008e-14 0.000000e+00
42 168 1.307482e-03 5.205181e-03 0 2 2 3 7.543949e-14 0.000000e+00
42 169 1.307482e-03 6.552935e-03 0 2 2 3 6.992470e-14 0.000000e+00
42 170 1.307482e-03 8.249656e-03 0 2 2 3 6.466590e-14 0.000000e+00
42 171 1.307482e-03 1.038570e-02 0 2 2 3 5.944838e-14 0.000000e+00
42 172 1.307482e-03 1.307482e-02 0 2 2 3 5.411909e-14 0.000000e+00
42 173 1.307482e-03 1.646023e-02 0 2 2 3 4.858606e-14 0.000000e+00
42 174 1.307482e-03 2.072220e-02 0 2 2 3 4.282097e-14 0.000000e+00
42 175 1.307482e-03 2.608770e-02 0 2 2 3 3.686319e-14 0.000000e+00
42 176 1.307482e-03 3.284247e-02 0 2 2 3 3.082280e-14 0.000000e+00
42 177 1.307482e-03 4.134622e-02 0 2 2 3 2.487584e-14 0.000000e+00
42 178 1.307482e-03 5.205181e-02 0 2 2 3 1.924140e-14 0.000000e+00
42 179 1.307482e-03 6.552935e-02 0 2 2 3 1.413655e-14 0.000000e+00
43 160 1.646023e-03 8.249656e-04 0 2 2 3 1.155822e-13 0.000000e+00
43 161 1.646023e-03 1.038570e-03 0 2 2 3 1.168339e-13 0.000000e+00
43 162 1.646023e-03 1.307482e-03 0 2 2 3 1.189599e-13 0.000000e+00
43 163 1.646023e-03 1.646023e-03 0 2 2 3 1.192310e-13 0.000000e+00
43 164 1.646023e-03 2.072220e-03 0 2 2 3 1.088808e-13 0.000000e+00
43 165 1.646023e-03 2.608770e-03 0 2 2 3 9.778893e-14 0.000000e+00
43 166 1.646023e-03 3.284247e-03 0 2 2 3 8.895331e-14 0.000000e+00
43 167 1.646023e-03 4.134622e-03 0 2 2 3 8.171980e-14 0.000000e+00
43 168 1.646023e-03 5.205181e-03 0 2 2 3 7.552849e-14 0.000000e+00
43 169 1.646023e-03 6.552935e-03 0 2 2 3 6.995166e-14 0.000000e+00
43 170 1.646023e-03 8.249656e-03 0 2 2 3 6.466843e-14 0.000000e+00
43 171 1.646023e-03 1.038570e-02 0 2 2 3 5.944335e-14 0.000000e+00
43 172 1.646023e-03 1.307482e-02 0 2 2 3 5.411339e-14 0.000000e+00
43 173 1.646023e-03 1.646023e-02 0 2 2 3 4.858197e-14 0.000000e+00
43 174 1.646023e-03 2.072220e-02 0 2 2 3 4.281883e-14 0.000000e+00
43 175 1.646023e-03 2.608770e-02 0 2 2 3 3.686266e-14 0.000000e+00
43 176 1.646023e-03 3.284247e-02 0 2 2 3 3.082328e-14 0.000000e+00
43 177 1.646023e-03 4.134622e-02 0 2 2 3 2.487682e-14 0.000000e+00
43 178 1.646023e-03 5.205181e-02 0 2 2 3 1.924244e-14 0.000000e+00
43 179 1.646023e-03 6.552935e-02 0 2 2 3 1.413744e-14 0.000000e+00
44 160 2.072220e-03 8.249656e-04 0 2 2 3 1.047839e-13 0.000000e+00
44 161 2.072220e-03 1.038570e-03 0 2 2 3 1.054908e-13 0.000000e+00
44 162 2.072220e-03 1.307482e-03 0 2 2 3 1.067077e-13 0.000000e+00
44 163 2.072220e-03 1.646023e-03 0 2 2 3 1.088808e-13 0.000000e+00
44 164 2.072220e-03 2.072220e-03 0 2 2 3 1.095021e-13 0.000000e+00
44 165 2.072220e-03 2.608770e-03 0 2 2 3 9.989721e-14 0.000000e+00
44 166 2.072220e-03 3.284247e-03 0 2 2 3 8.991944e-14 0.000000e+00
44 167 2.072220e-03 4.134622e-03 0 2 2 3 8.212779e-14 0.000000e+00
44 168 2.072220e-03 5.205181e-03 0 2 2 3 7.568337e-14 0.000000e+00
44 169 2.072220e-03 6.552935e-03 0 2 2 3 6.999844e-14 0.000000e+00
44 170 2.072220e-03 8.249656e-03 0 2 2 3 6.467344e-14 0.000000e+00
44 171 2.072220e-03 1.038570e-02 0 2 2 3 5.943548e-14 0.000000e+00
44 172 2.072220e-03 1.307482e-02 0 2 2 3 5.410419e-14 0.000000e+00
44 173 2.072220e-03 1.646023e-02 0 2 2 3 4.857528e-14 0.000000e+00
44 174 2.072220e-03 2.072220e-02 0 2 2 3 4.281526e-14 0.000000e+00
44 175 2.072220e-03 2.608770e-02 0 2 2 3 3.686161e-14 0.000000e+00
44 176 2.072220e-03 3.284247e-02 0 2 2 3 3.082385e-14 0.000000e+00
44 177 2.072220e-03 4.134622e-02 0 2 2 3 2.487815e-14 0.000000e+00
44 178 2.072220e-03 5.205181e-02 0 2 2 3 1.924391e-14 0.000000e+00
44 179 2.072220e-03 6.552935e-02 0 2 2 3 1.413866e-14 0.000000e+00
45 160 2.608770e-03 8.249656e-04 0 2 2 3 9.566965e-14 0.000000e+00
45 161 2.608770e-03 1.038570e-03 0 2 2 3 9.604102e-14 0.000000e+00
45 162 2.608770e-03 1.307482e-03 0 2 2 3 9.667127e-14 0.000000e+00
45 163 2.608770e-03 1.646023e-03 0 2 2 3 9.778893e-14 0.000000e+00
45 164 2.608770e-03 2.072220e-03 0 2 2 3 9.989721e-14 0.000000e+00
45 165 2.608770e-03 2.608770e-03 0 2 2 3 1.007465e-13 0.000000e+00
45 166 2.608770e-03 3.284247e-03 0 2 2 3 9.186217e-14 0.000000e+00
45 167 2.608770e-03 4.134622e-03 0 2 2 3 8.290844e-14 0.000000e+00
45 168 2.608770e-03 5.205181e-03 0 2 2 3 7.596920e-14 0.000000e+00
45 169 2.608770e-03 6.552935e-03 0 2 2 3 7.008430e-14 0.000000e+00
45 170 2.608770e-03 8.249656e-03 0 2 2 3 6.468462e-14 0.000000e+00
45 171 2.608770e-03 1.038570e-02 0 2 2 3 5.942385e-14 0.000000e+00
45 172 2.608770e-03 1.307482e-02 0 2 2 3 5.408981e-14 0.000000e+00
45 173 2.608770e-03 1.646023e-02 0 2 2 3 4.856473e-14 0.000000e+00
45 174 2.608770e-03 2.072220e-02 0 2 2 3 4.280960e-14 0.000000e+00
45 175 2.608770e-03 2.608770e-02 0 2 2 3 3.685993e-14 0.000000e+00
45 176 2.608770e-03 3.284247e-02 0 2 2 3 3.082477e-14 0.000000e+00
45 177 2.608770e-03 4.134622e-02 0 2 2 3 2.488028e-14 0.000000e+00
45 178 2.608770e-03 5.205181e-02 0 2 2 3 1.924625e-14 0.000000e+00
45 179 2.608770e-03 6.552935e-02 0 2 2 3 1.414061e-14 0.000000e+00
46 160 3.284247e-03 8.249656e-04 0 2 2 3 8.794060e-14 0.000000e+00
46 161 3.284247e-03 1.038570e-03 0 2 2 3 8.812243e-14 0.000000e+00
46 162 3.284247e-03 1.307482e-03 0 2 2 3 8.842638e-14 0.000000e+00
46 163 3.284247e-03 1.646023e-03 0 2 2 3 8.895331e-14 0.000000e+00
46 164 3.284247e-03 2.072220e-03 0 2 2 3 8.991944e-14 0.000000e+00
46 165 3.284247e-03 2.608770e-03 0 2 2 3 9.186217e-14 0.000000e+00
46 166 3.284247e-03 3.284247e-03 0 2 2 3 9.281288e-14 0.000000e+00
46 167 3.284247e-03 4.134622e-03 0 2 2 3 8.460477e-14 0.000000e+00
46 168 3.284247e-03 5.205181e-03 0 2 2 3 7.654956e-14 0.000000e+00
46 169 3.284247e-03 6.552935e-03 0 2 2 3 7.025476e-14 0.000000e+00
46 170 3.284247e-03 8.249656e-03 0 2 2 3 6.471138e-14 0.000000e+00
46 171 3.284247e-03 1.038570e-02 0 2 2 3 5.940762e-14 0.000000e+00
46 172 3.284247e-03 1.307482e-02 0 2 2 3 5.406747e-14 0.000000e+00
46 173 3.284247e-03 1.646023e-02 0 2 2 3 4.854803e-14 0.000000e+00
46 174 3.284247e-03 2.072220e-02 0 2 2 3 4.280060e-14 0.000000e+00
46 175 3.284247e-03 2.608770e-02 0 2 2 3 3.685726e-14 0.000000e+00
46 176 3.284247e-03 3.284247e-02 0 2 2 3 3.082620e-14 0.000000e+00
46 177 3.284247e-03 4.134622e-02 0 2 2 3 2.488366e-14 0.000000e+00
46 178 3.284247e-03 5.205181e-02 0 2 2 3 1.924998e-14 0.000000e+00
46 179 3.284247e-03 6.552935e-02 0 2 2 3 1.414371e-14 0.000000e+00
47 160 4.134622e-03 8.249656e-04 0 2 2 3 8.127351e-14 0.000000e+00
47 161 4.134622e-03 1.038570e-03 0 2 2 3 8.135523e-14 0.000000e+00
47 162 4.134622e-03 1.307482e-03 0 2 2 3 8.149008e-14 0.000000e+00
47 163 4.134622e-03 1.646023e-03 0 2 2 3 8.171980e-14 0.000000e+00
47 164 4.134622e-03 2.072220e-03 0 2 2 3 8.212779e-14 0.000000e+00
47 165 4.134622e-03 2.608770e-03 0 2 2 3 8.290844e-14 0.000000e+00
47 166 4.134622e-03 3.284247e-03 0 2 2 3 8.460477e-14 0.000000e+00
47 167 4.134622e-03 4.134622e-03 0 2 2 3 8.553618e-14 0.000000e+00
47 168 4.134622e-03 5.205181e-03 0 2 2 3 7.794481e-14 0.000000e+00
47 169 4.134622e-03 6.552935e-03 0 2 2 3 7.063784e-14 0.000000e+00
47 170 4.134622e-03 8.249656e-03 0 2 2 3 6.478100e-14 0.000000e+00
47 171 4.134622e-03 1.038570e-02 0 2 2 3 5.938822e-14 0.000000e+00
47 172 4.134622e-03 1.307482e-02 0 2 2 3 5.403332e-14 0.000000e+00
47 173 4.134622e-03 1.646023e-02 0 2 2 3 4.852171e-14 0.000000e+00
47 174 4.134622e-03 2.072220e-02 0 2 2 3 4.278627e-14 0.000000e+00
47 175 4.134622e-03 2.608770e-02 0 2 2 3 3.685296e-14 0.000000e+00
47 176 4.134622e-03 3.284247e-02 0 2 2 3 3.082842e-14 0.000000e+00
47 177 4.134622e-03 4.134622e-02 0 2 2 3 2.488902e-14 0.000000e+00
47 178 4.134622e-03 5.205181e-02 0 2 2 3 1.925586e-14 0.000000e+00
47 179 4.134622e-03 6.552935e-02 0 2 2 3 1.414863e-14 0.000000e+00
48 160 5.205181e-03 8.249656e-04 0 2 2 3 7.535446e-14 0.000000e+00
48 161 5.205181e-03 1.038570e-03 0 2 2 3 7.538679e-14 0.000000e+00
48 162 5.205181e-03 1.307482e-03 0 2 2 3 7.543949e-14 0.000000e+00
48 163 5.205181e-03 1.646023e-03 0 2 2 3 7.552849e-14 0.000000e+00
48 164 5.205181e-03 2.072220e-03 0 2 2 3 7.568337e-14 0.000000e+00
48 165 5.205181e-03 2.608770e-03 0 2 2 3 7.596920e-14 0.000000e+00
48 166 5.205181e-03 3.284247e-03 0 2 2 3 7.654956e-14 0.000000e+00
48 167 5.205181e-03 4.134622e-03 0 2 2 3 7.794481e-14 0.000000e+00
48 168 5.205181e-03 5.205181e-03 0 2 2 3 7.875125e-14 0.000000e+00
48 169 5.205181e-03 6.552935e-03 0 2 2 3 7.170590e-14 0.000000e+00
48 170 5.205181e-03 8.249656e-03 0 2 2 3 6.498471e-14 0.000000e+00
48 171 5.205181e-03 1.038570e-02 0 2 2 3 5.937714e-14 0.000000e+00
48 172 5.205181e-03 1.307482e-02 0 2 2 3 5.398297e-14 0.000000e+00
48 173 5.205181e-03 1.646023e-02 0 2 2 3 4.848038e-14 0.000000e+00
48 174 5.205181e-03 2.072220e-02 0 2 2 3 4.276340e-14 0.000000e+00
48 175 5.205181e-03 2.608770e-02 0 2 2 3 3.684598e-14 0.000000e+00
48 176 5.205181e-03 3.284247e-02 0 2 2 3 3.083185e-14 0.000000e+00
48 177 5.205181e-03 4.134622e-02 0 2 2 3 2.489744e-14 0.000000e+00
48 178 5.205181e-03 5.205181e-02 0 2 2 3 1.926516e-14 0.000000e+00
48 179 5.205181e-03 6.552935e-02 0 2 2 3 1.415643e-14 0.000000e+00
49 160 6.552935e-03 8.249656e-04 0 2 2 3 6.989901e-14 0.000000e+00
49 161 6.552935e-03 1.038570e-03 0 2 2 3 6.990889e-14 0.000000e+00
49 162 6.552935e-03 1.307482e-03 0 2 2 3 6.992470e-14 0.000000e+00
49 163 6.552935e-03 1.646023e-03 0 2 2 3 6.995166e-14 0.000000e+00
49 164 6.552935e-03 2.072220e-03 0 2 2 3 6.999844e-14 0.000000e+00
49 165 6.552935e-03 2.608770e-03 0 2 2 3 7.008430e-14 0.000000e+00
49 166 6.552935e-03 3.284247e-03 0 2 2 3 7.025476e-14 0.000000e+00
49 167 6.552935e-03 4.134622e-03 0 2 2 3 7.063784e-14 0.000000e+00
49 168 6.552935e-03 5.205181e-03 0 2 2 3 7.170590e-14 0.000000e+00
49 169 6.552935e-03 6.552935e-03 0 2 2 3 7.230384e-14 0.000000e+00
49 170 6.552935e-03 8.249656e-03 0 2 2 3 6.572739e-14 0.000000e+00
49 171 6.552935e-03 1.038570e-02 0 2 2 3 5.943092e-14 0.000000e+00
49 172 6.552935e-03 1.307482e-02 0 2 2 3 5.391554e-14 0.000000e+00
49 173 6.552935e-03 1.646023e-02 0 2 2 3 4.841630e-14 0.000000e+00
49 174 6.552935e-03 2.072220e-02 0 2 2 3 4.272677e-14 0.000000e+00
49 175 6.552935e-03 2.608770e-02 0 2 2 3 3.683449e-14 0.000000e+00
49 176 6.552935e-03 3.284247e-02 0 2 2 3 3.083702e-14 0.000000e+00
49 177 6.552935e-03 4.134622e-02 0 2 2 3 2.491068e-14 0.000000e+00
49 178 6.552935e-03 5.205181e-02 0 2 2 3 1.927987e-14 0.000000e+00
49 179 6.552935e-03 6.552935e-02 0 2 2 3 1.416877e-14 0.000000e+00
50 160 8.249656e-03 8.249656e-04 0 2 2 3 6.466391e-14 0.000000e+00
50 161 8.249656e-03 1.038570e-03 0 2 2 3 6.466479e-14 0.000000e+00
50 162 8.249656e-03 1.307482e-03 0 2 2 3 6.466590e-14 0.000000e+00
50 163 8.249656e-03 1.646023e-03 0 2 2 3 6.466843e-14 0.000000e+00
50 164 8.249656e-03 2.072220e-03 0 2 2 3 6.467344e-14 0.000000e+00
50 165 8.249656e-03 2.608770e-03 0 2 2 3 6.468462e-14 0.000000e+00
50 166 8.249656e-03 3.284247e-03 0 2 2 3 6.471138e-14 0.000000e+00
50 167 8.249656e-03 4.134622e-03 0 2 2 3 6.478100e-14 0.000000e+00
50 168 8.249656e-03 5.205181e-03 0 2 2 3 6.498471e-14 0.000000e+00
50 169 8.249656e-03 6.552935e-03 0 2 2 3 6.572739e-14 0.000000e+00
50 170 8.249656e-03 8.249656e-03 0 2 2 3 6.606062e-14 0.000000e+00
50 171 8.249656e-03 1.038570e-02 0 2 2 3 5.987522e-14 0.000000e+00
50 172 8.249656e-03 1.307482e-02 0 2 2 3 5.385768e-14 0.000000e+00
50 173 8.249656e-03 1.646023e-02 0 2 2 3 4.832041e-14 0.000000e+00
50 174 8.249656e-03 2.072220e-02 0 2 2 3 4.266806e-14 0.000000e+00
50 175 8.249656e-03 2.608770e-02 0 2 2 3 3.681527e-14 0.000000e+00
50 176 8.249656e-03 3.284247e-02 0 2 2 3 3.084457e-14 0.000000e+00
50 177 8.249656e-03 4.134622e-02 0 2 2 3 2.493134e-14 0.000000e+00
50 178 8.249656e-03 5.205181e-02 0 2 2 3 1.930305e-14 0.000000e+00
50 179 8.249656e-03 6.552935e-02 0 2 2 3 1.418830e-14 0.000000e+00
51 160 1.038570e-02 8.249656e-04 0 2 2 3 5.945372e-14 0.000000e+00
51 161 1.038570e-02 1.038570e-03 0 2 2 3 5.945183e-14 0.000000e+00
51 162 1.038570e-02 1.307482e-03 0 2 2 3 5.944838e-14 0.000000e+00
51 163 1.038570e-02 1.646023e-03 0 2 2 3 5.944335e-14 0.000000e+00
51 164 1.038570e-02 2.072220e-03 0 2 2 3 5.943548e-14 0.000000e+00
51 165 1.038570e-02 2.608770e-03 0 2 2 3 5.942385e-14 0.000000e+00
51 166 1.038570e-02 3.284247e-03 0 2 2 3 5.940762e-14 0.000000e+00
51 167 1.038570e-02 4.134622e-03 0 2 2 3 5.938822e-14 0.000000e+00
51 168 1.038570e-02 5.205181e-03 0 2 2 3 5.937714e-14 0.000000e+00
51 169 1.038570e-02 6.552935e-03 0 2 2 3 5.943092e-14 0.000000e+00
51 170 1.038570e-02 8.249656e-03 0 2 2 3 5.987522e-14 0.000000e+00
51 171 1.038570e-02 1.038570e-02 0 2 2 3 5.991818e-14 0.000000e+00
51 172 1.038570e-02 1.307482e-02 0 2 2 3 5.405239e-14 0.000000e+00
51 173 1.038570e-02 1.646023e-02 0 2 2 3 4.819619e-14 0.000000e+00
51 174 1.038570e-02 2.072220e-02 0 2 2 3 4.257467e-14 0.000000e+00
51 175 1.038570e-02 2.608770e-02 0 2 2 3 3.678229e-14 0.000000e+00
51 176 1.038570e-02 3.284247e-02 0 2 2 3 3.085490e-14 0.000000e+00
51 177 1.038570e-02 4.134622e-02 0 2 2 3 2.496331e-14 0.000000e+00
51 178 1.038570e-02 5.205181e-02 0 2 2 3 1.933950e-14 0.000000e+00
51 179 1.038570e-02 6.552935e-02 0 2 2 3 1.421924e-14 0.000000e+00
52 160 1.307482e-02 8.249656e-04 0 2 2 3 5.412504e-14 0.000000e+00
52 161 1.307482e-02 1.038570e-03 0 2 2 3 5.412293e-14 0.000000e+00
52 162 1.307482e-02 1.307482e-03 0 2 2 3 5.411909e-14 0.000000e+00
52 163 1.307482e-02 1.646023e-03 0 2 2 3 5.411339e-14 0.000000e+00
52 164 1.307482e-02 2.072220e-03 0 2 2 3 5.410419e-14 0.000000e+00
52 165 1.307482e-02 2.608770e-03 0 2 2 3 5.408981e-14 0.000000e+00
52 166 1.307482e-02 3.284247e-03 0 2 2 3 5.406747e-14 0.000000e+00
52 167 1.307482e-02 4.134622e-03 0 2 2 3 5.403332e-14 0.000000e+00
52 168 1.307482e-02 5.205181e-03 0 2 2 3 5.398297e-14 0.000000e+00
52 169 1.307482e-02 6.552935e-03 0 2 2 3 5.391554e-14 0.000000e+00
52 170 1.307482e-02 8.249656e-03 0 2 2 3 5.385768e-14 0.000000e+00
52 171 1.307482e-02 1.038570e-02 0 2 2 3 5.405239e-14 0.000000e+00
52 172 1.307482e-02 1.307482e-02 0 2 2 3 5.381171e-14 0.000000e+00
52 173 1.307482e-02 1.646023e-02 0 2 2 3 4.820811e-14 0.000000e+00
52 174 1.307482e-02 2.072220e-02 0 2 2 3 4.243501e-14 0.000000e+00
52 175 1.307482e-02 2.608770e-02 0 2 2 3 3.672436e-14 0.000000e+00
52 176 1.307482e-02 3.284247e-02 0 2 2 3 3.086716e-14 0.000000e+00
52 177 1.307482e-02 4.134622e-02 0 2 2 3 2.501195e-14 0.000000e+00
52 178 1.307482e-02 5.205181e-02 0 2 2 3 1.939650e-14 0.000000e+00
52 179 1.307482e-02 6.552935e-02 0 2 2 3 1.426813e-14 0.000000e+00
53 160 1.646023e-02 8.249656e-04 0 2 2 3 4.859029e-14 0.000000e+00
53 161 1.646023e-02 1.038570e-03 0 2 2 3 4.858884e-14 0.000000e+00
53 162 1.646023e-02 1.307482e-03 0 2 2 3 4.858606e-14 0.000000e+00
53 163 1.646023e-02 1.646023e-03 0 2 2 3 4.858197e-14 0.000000e+00
53 164 1.646023e-02 2.072220e-03 0 2 2 3 4.857528e-14 0.000000e+00
53 165 1.646023e-02 2.608770e-03 0 2 2 3 4.856473e-14 0.000000e+00
53 166 1.646023e-02 3.284247e-03 0 2 2 3 4.854803e-14 0.000000e+00
53 167 1.646023e-02 4.134622e-03 0 2 2 3 4.852171e-14 0.000000e+00
53 168 1.646023e-02 5.205181e-03 0 2 2 3 4.848038e-14 0.000000e+00
53 169 1.646023e-02 6.552935e-03 0 2 2 3 4.841630e-14 0.000000e+00
53 170 1.646023e-02 8.249656e-03 0 2 2 3 4.832041e-14 0.000000e+00
53 171 1.646023e-02 1.038570e-02 0 2 2 3 4.819619e-14 0.000000e+00
53 172 1.646023e-02 1.307482e-02 0 2 2 3 4.820811e-14 0.000000e+00
53 173 1.646023e-02 1.646023e-02 0 2 2 3 4.772264e-14 0.000000e+00
53 174 1.646023e-02 2.072220e-02 0 2 2 3 4.234524e-14 0.000000e+00
53 175 1.646023e-02 2.608770e-02 0 2 2 3 3.662354e-14 0.000000e+00
53 176 1.646023e-02 3.284247e-02 0 2 2 3 3.087630e-14 0.000000e+00
53 177 1.646023e-02 4.134622e-02 0 2 2 3 2.508378e-14 0.000000e+00
53 178 1.646023e-02 5.205181e-02 0 2 2 3 1.948487e-14 0.000000e+00
53 179 1.646023e-02 6.552935e-02 0 2 2 3 1.434531e-14 0.000000e+00
54 160 2.072220e-02 8.249656e-04 0 2 2 3 4.282320e-14 0.000000e+00
54 161 2.072220e-02 1.038570e-03 0 2 2 3 4.282253e-14 0.000000e+00
54 162 2.072220e-02 1.307482e-03 0 2 2 3 4.282097e-14 0.000000e+00
54 163 2.072220e-02 1.646023e-03 0 2 2 3 4.281883e-14 0.000000e+00
54 164 2.072220e-02 2.072220e-03 0 2 2 3 4.281526e-14 0.000000e+00
54 165 2.072220e-02 2.608770e-03 0 2 2 3 4.280960e-14 0.000000e+00
54 166 2.072220e-02 3.284247e-03 0 2 2 3 4.280060e-14 0.000000e+00
54 167 2.072220e-02 4.134622e-03 0 2 2 3 4.278627e-14 0.000000e+00
54 168 2.072220e-02 5.205181e-03 0 2 2 3 4.276340e-14 0.000000e+00
54 169 2.072220e-02 6.552935e-03 0 2 2 3 4.272677e-14 0.000000e+00
54 170 2.072220e-02 8.249656e-03 0 2 2 3 4.266806e-14 0.000000e+00
54 171 2.072220e-02 1.038570e-02 0 2 2 3 4.257467e-14 0.000000e+00
54 172 2.072220e-02 1.307482e-02 0 2 2 3 4.243501e-14 0.000000e+00
54 173 2.072220e-02 1.646023e-02 0 2 2 3 4.234524e-14 0.000000e+00
54 174 2.072220e-02 2.072220e-02 0 2 2 3 4.168354e-14 0.000000e+00
54 175 2.072220e-02 2.608770e-02 0 2 2 3 3.652193e-14 0.000000e+00
54 176 2.072220e-02 3.284247e-02 0 2 2 3 3.086666e-14 0.000000e+00
54 177 2.072220e-02 4.134622e-02 0 2 2 3 2.518389e-14 0.000000e+00
54 178 2.072220e-02 5.205181e-02 0 2 2 3 1.961975e-14 0.000000e+00
54 179 2.072220e-02 6.552935e-02 0 2 2 3 1.446664e-14 0.000000e+00
55 160 2.608770e-02 8.249656e-04 0 2 2 3 3.686377e-14 0.000000e+00
55 161 2.608770e-02 1.038570e-03 0 2 2 3 3.686372e-14 0.000000e+00
55 162 2.608770e-02 1.307482e-03 0 2 2 3 3.686319e-14 0.000000e+00
55 163 2.608770e-02 1.646023e-03 0 2 2 3 3.686266e-14 0.000000e+00
55 164 2.608770e-02 2.072220e-03 0 2 2 3 3.686161e-14 0.000000e+00
55 165 2.608770e-02 2.608770e-03 0 2 2 3 3.685993e-14 0.000000e+00
55 166 2.608770e-02 3.284247e-03 0 2 2 3 3.685726e-14 0.000000e+00
55 167 2.608770e-02 4.134622e-03 0 2 2 3 3.685296e-14 0.000000e+00
55 168 2.608770e-02 5.205181e-03 0 2 2 3 3.684598e-14 0.000000e+00
55 169 2.608770e-02 6.552935e-03 0 2 2 3 3.683449e-14 0.000000e+00
55 170 2.608770e-02 8.249656e-03 0 2 2 3 3.681527e-14 0.000000e+00
55 171 2.608770e-02 1.038570e-02 0 2 2 3 3.678229e-14 0.000000e+00
55 172 2.608770e-02 1.307482e-02 0 2 2 3 3.672436e-14 0.000000e+00
55 173 2.608770e-02 1.646023e-02 0 2 2 3 3.662354e-14 0.000000e+00
55 174 2.608770e-02 2.072220e-02 0 2 2 3 3.652193e-14 0.000000e+00
55 175 2.608770e-02 2.608770e-02 0 2 2 3 3.577544e-14 0.000000e+00
55 176 2.608770e-02 3.284247e-02 0 2 2 3 3.084277e-14 0.000000e+00
55 177 2.608770e-02 4.134622e-02 0 2 2 3 2.530672e-14 0.000000e+00
55 178 2.608770e-02 5.205181e-02 0 2 2 3 1.981933e-14 0.000000e+00
55 179 2.608770e-02 6.552935e-02 0 2 2 3 1.465596e-14 0.000000e+00
56 160 3.284247e-02 8.249656e-04 0 2 2 3 3.082233e-14 0.000000e+00
56 161 3.284247e-02 1.038570e-03 0 2 2 3 3.082269e-14 0.000000e+00
56 162 3.284247e-02 1.307482e-03 0 2 2 3 3.082280e-14 0.000000e+00
56 163 3.284247e-02 1.646023e-03 0 2 2 3 3.082328e-14 0.000000e+00
56 164 3.284247e-02 2.072220e-03 0 2 2 3 3.082385e-14 0.000000e+00
56 165 3.284247e-02 2.608770e-03 0 2 2 3 3.082477e-14 0.000000e+00
56 166 3.284247e-02 3.284247e-03 0 2 2 3 3.082620e-14 0.000000e+00
56 167 3.284247e-02 4.134622e-03 0 2 2 3 3.082842e-14 0.000000e+00
56 168 3.284247e-02 5.205181e-03 0 2 2 3 3.083185e-14 0.000000e+00
56 169 3.284247e-02 6.552935e-03 0 2 2 3 3.083702e-14 0.000000e+00
56 170 3.284247e-02 8.249656e-03 0 2 2 3 3.084457e-14 0.000000e+00
56 171 3.284247e-02 1.038570e-02 0 2 2 3 3.085490e-14 0.000000e+00
56 172 3.284247e-02 1.307482e-02 0 2 2 3 3.086716e-14 0.000000e+00
56 173 3.284247e-02 1.646023e-02 0 2 2 3 3.087630e-14 0.000000e+00
56 174 3.284247e-02 2.072220e-02 0 2 2 3 3.086666e-14 0.000000e+00
56 175 3.284247e-02 2.608770e-02 0 2 2 3 3.084277e-14 0.000000e+00
56 176 3.284247e-02 3.284247e-02 0 2 2 3 3.011315e-14 0.000000e+00
56 177 3.284247e-02 4.134622e-02 0 2 2 3 2.543650e-14 0.000000e+00
56 178 3.284247e-02 5.205181e-02 0 2 2 3 2.009543e-14 0.000000e+00
56 179 3.284247e-02 6.552935e-02 0 2 2 3 1.494635e-14 0.000000e+00
57 160 4.134622e-02 8.249656e-04 0 2 2 3 2.487484e-14 0.000000e+00
57 161 4.134622e-02 1.038570e-03 0 2 2 3 2.487541e-14 0.000000e+00
57 162 4.134622e-02 1.307482e-03 0 2 2 3 2.487584e-14 0.000000e+00
57 163 4.134622e-02 1.646023e-03 0 2 2 3 2.487682e-14 0.000000e+00
57 164 4.134622e-02 2.072220e-03 0 2 2 3 2.487815e-14 0.000000e+00
57 165 4.134622e-02 2.608770e-03 0 2 2 3 2.488028e-14 0.000000e+00
57 166 4.134622e-02 3.284247e-03 0 2 2 3 2.488366e-14 0.000000e+00
57 167 4.134622e-02 4.134622e-03 0 2 2 3 2.488902e-14 0.000000e+00
57 168 4.134622e-02 5.205181e-03 0 2 2 3 2.489744e-14 0.000000e+00
57 169 4.134622e-02 6.552935e-03 0 2 2 3 2.491068e-14 0.000000e+00
57 170 4.134622e-02 8.249656e-03 0 2 2 3 2.493134e-14 0.000000e+00
57 171 4.134622e-02 1.038570e-02 0 2 2 3 2.496331e-14 0.000000e+00
57 172 4.134622e-02 1.307482e-02 0 2 2 3 2.501195e-14 0.000000e+00
57 173 4.134622e-02 1.646023e-02 0 2 2 3 2.508378e-14 0.000000e+00
57 174 4.134622e-02 2.072220e-02 0 2 2 3 2.518389e-14 0.000000e+00
57 175 4.134622e-02 2.608770e-02 0 2 2 3 2.530672e-14 0.000000e+00
57 176 4.134622e-02 3.284247e-02 0 2 2 3 2.543650e-14 0.000000e+00
57 177 4.134622e-02 4.134622e-02 0 2 2 3 2.481979e-14 0.000000e+00
57 178 4.134622e-02 5.205181e-02 0 2 2 3 2.043079e-14 0.000000e+00
57 179 4.134622e-02 6.552935e-02 0 2 2 3 1.537347e-14 0.000000e+00
58 160 5.205181e-02 8.249656e-04 0 2 2 3 1.924035e-14 0.000000e+00
58 161 5.205181e-02 1.038570e-03 0 2 2 3 1.924093e-14 0.000000e+00
58 162 5.205181e-02 1.307482e-03 0 2 2 3 1.924140e-14 0.000000e+00
58 163 5.205181e-02 1.646023e-03 0 2 2 3 1.924244e-14 0.000000e+00
58 164 5.205181e-02 2.072220e-03 0 2 2 3 1.924391e-14 0.000000e+00
58 165 5.205181e-02 2.608770e-03 0 2 2 3 1.924625e-14 0.000000e+00
58 166 5.205181e-02 3.284247e-03 0 2 2 3 1.924998e-14 0.000000e+00
58 167 5.205181e-02 4.134622e-03 0 2 2 3 1.925586e-14 0.000000e+00
58 168 5.205181e-02 5.205181e-03 0 2 2 3 1.926516e-14 0.000000e+00
58 169 5.205181e-02 6.552935e-03 0 2 2 3 1.927987e-14 0.000000e+00
58 170 5.205181e-02 8.249656e-03 0 2 2 3 1.930305e-14 0.000000e+00
58 171 5.205181e-02 1.038570e-02 0 2 2 3 1.933950e-14 0.000000e+00
58 172 5.205181e-02 1.307482e-02 0 2 2 3 1.939650e-14 0.000000e+00
58 173 5.205181e-02 1.646023e-02 0 2 2 3 1.948487e-14 0.000000e+00
58 174 5.205181e-02 2.072220e-02 0 2 2 3 1.961975e-14 0.000000e+00
58 175 5.205181e-02 2.608770e-02 0 2 2 3 1.981933e-14 0.000000e+00
58 176 5.205181e-02 3.284247e-02 0 2 2 3 2.009543e-14 0.000000e+00
58 177 5.205181e-02 4.134622e-02 0 2 2 3 2.043079e-14 0.000000e+00
58 178 5.205181e-02 5.205181e-02 0 2 2 3 2.000723e-14 0.000000e+00
58 179 5.205181e-02 6.552935e-02 0 2 2 3 1.593856e-14 0.000000e+00
59 160 6.552935e-02 8.249656e-04 0 2 2 3 1.413564e-14 0.000000e+00
59 161 6.552935e-02 1.038570e-03 0 2 2 3 1.413616e-14 0.000000e+00
59 162 6.552935e-02 1.307482e-03 0 2 2 3 1.413655e-14 0.000000e+00
59 163 6.552935e-02 1.646023e-03 0 2 2 3 1.413744e-14 0.000000e+00
59 164 6.552935e-02 2.072220e-03 0 2 2 3 1.413866e-14 0.000000e+00
59 165 6.552935e-02 2.608770e-03 0 2 2 3 1.414061e-14 0.000000e+00
59 166 6.552935e-02 3.284247e-03 0 2 2 3 1.414371e-14 0.000000e+00
59 167 6.552935e-02 4.134622e-03 0 2 2 3 1.414863e-14 0.000000e+00
59 168 6.552935e-02 5.205181e-03 0 2 2 3 1.415643e-14 0.000000e+00
59 169 6.552935e-02 6.552935e-03 0 2 2 3 1.416877e-14 0.000000e+00
59 170 6.552935e-02 8.249656e-03 0 2 2 3 1.418830e-14 0.000000e+00
59 171 6.552935e-02 1.038570e-02 0 2 2 3 1.421924e-14 0.000000e+00
59 172 6.552935e-02 1.307482e-02 0 2 2 3 1.426813e-14 0.000000e+00
59 173 6.552935e-02 1.646023e-02 0 2 2 3 1.434531e-14 0.000000e+00
59 174 6.552935e-02 2.072220e-02 0 2 2 3 1.446664e-14 0.000000e+00
59 175 6.552935e-02 2.608770e-02 0 2 2 3 1.465596e-14 0.000000e+00
59 176 6.552935e-02 3.284247e-02 0 2 2 3 1.494635e-14 0.000000e+00
59 177 6.552935e-02 4.134622e-02 0 2 2 3 1.537347e-14 0.000000e+00
59 178 6.552935e-02 5.205181e-02 0 2 2 3 1.593856e-14 0.000000e+00
59 179 6.552935e-02 6.552935e-02 0 2 2 3 1.576769e-14 0.000000e+00
