# Please cite the following papers in research using this covariance:
# arXiv: 1601.05779, https://arxiv.org/abs/1601.05779
# arXiv: 1911.11947, https://arxiv.org/abs/1911.11947
# arXiv: 2004.04833, https://arxiv.org/abs/2004.04833
########################################################
0 0 8.249656e-04 8.249656e-04 0 0 0 0 5.249556e-11 2.930230e-13
0 1 8.249656e-04 1.038570e-03 0 0 0 0 1.652775e-13 2.583676e-13
0 2 8.249656e-04 1.307482e-03 0 0 0 0 1.384132e-13 2.245589e-13
0 3 8.249656e-04 1.646023e-03 0 0 0 0 1.144161e-13 1.921820e-13
0 4 8.249656e-04 2.072220e-03 0 0 0 0 9.398472e-14 1.619214e-13
0 5 8.249656e-04 2.608770e-03 0 0 0 0 7.712534e-14 1.343160e-13
0 6 8.249656e-04 3.284247e-03 0 0 0 0 6.352742e-14 1.097779e-13
0 7 8.249656e-04 4.134622e-03 0 0 0 0 5.271649e-14 8.870632e-14
0 8 8.249656e-04 5.205181e-03 0 0 0 0 4.415932e-14 7.093120e-14
0 9 8.249656e-04 6.552935e-03 0 0 0 0 3.734039e-14 5.651442e-14
0 10 8.249656e-04 8.249656e-03 0 0 0 0 3.181031e-14 4.502851e-14
0 11 8.249656e-04 1.038570e-02 0 0 0 0 2.720883e-14 3.585222e-14
0 12 8.249656e-04 1.307482e-02 0 0 0 0 2.326848e-14 2.889830e-14
0 13 8.249656e-04 1.646023e-02 0 0 0 0 1.980526e-14 2.319987e-14
0 14 8.249656e-04 2.072220e-02 0 0 0 0 1.670419e-14 1.873858e-14
0 15 8.249656e-04 2.608770e-02 0 0 0 0 1.390112e-14 1.513470e-14
0 16 8.249656e-04 3.284247e-02 0 0 0 0 1.136463e-14 1.198253e-14
0 17 8.249656e-04 4.134622e-02 0 0 0 0 9.084054e-15 9.481248e-15
0 18 8.249656e-04 5.205181e-02 0 0 0 0 7.063787e-15 7.289090e-15
0 19 8.249656e-04 6.552935e-02 0 0 0 0 5.311999e-15 5.468448e-15
1 0 1.038570e-03 8.249656e-04 0 0 0 0 1.652775e-13 2.583676e-13
1 1 1.038570e-03 1.038570e-03 0 0 0 0 3.316712e-11 2.282692e-13
1 2 1.038570e-03 1.307482e-03 0 0 0 0 1.417476e-13 1.988239e-13
1 3 1.038570e-03 1.646023e-03 0 0 0 0 1.168534e-13 1.705318e-13
1 4 1.038570e-03 2.072220e-03 0 0 0 0 9.551519e-14 1.439905e-13
1 5 1.038570e-03 2.608770e-03 0 0 0 0 7.801137e-14 1.196855e-13
1 6 1.038570e-03 3.284247e-03 0 0 0 0 6.400866e-14 9.799476e-14
1 7 1.038570e-03 4.134622e-03 0 0 0 0 5.296381e-14 7.928326e-14
1 8 1.038570e-03 5.205181e-03 0 0 0 0 4.428044e-14 6.344139e-14
1 9 1.038570e-03 6.552935e-03 0 0 0 0 3.739732e-14 5.054286e-14
1 10 1.038570e-03 8.249656e-03 0 0 0 0 3.183630e-14 4.023698e-14
1 11 1.038570e-03 1.038570e-02 0 0 0 0 2.722060e-14 3.200108e-14
1 12 1.038570e-03 1.307482e-02 0 0 0 0 2.327389e-14 2.575128e-14
1 13 1.038570e-03 1.646023e-02 0 0 0 0 1.980791e-14 2.064559e-14
1 14 1.038570e-03 2.072220e-02 0 0 0 0 1.670561e-14 1.665977e-14
1 15 1.038570e-03 2.608770e-02 0 0 0 0 1.390195e-14 1.344939e-14
1 16 1.038570e-03 3.284247e-02 0 0 0 0 1.136517e-14 1.065078e-14
1 17 1.038570e-03 4.134622e-02 0 0 0 0 9.084460e-15 8.437343e-15
1 18 1.038570e-03 5.205181e-02 0 0 0 0 7.064056e-15 6.495779e-15
1 19 1.038570e-03 6.552935e-02 0 0 0 0 5.312212e-15 4.884801e-15
2 0 1.307482e-03 8.249656e-04 0 0 0 0 1.384132e-13 2.245589e-13
2 1 1.307482e-03 1.038570e-03 0 0 0 0 1.417476e-13 1.988239e-13
2 2 1.307482e-03 1.307482e-03 0 0 0 0 2.096494e-11 1.735812e-13
2 3 1.307482e-03 1.646023e-03 0 0 0 0 1.207556e-13 1.492495e-13
2 4 1.307482e-03 2.072220e-03 0 0 0 0 9.806748e-14 1.263355e-13
2 5 1.307482e-03 2.608770e-03 0 0 0 0 7.948596e-14 1.052607e-13
2 6 1.307482e-03 3.284247e-03 0 0 0 0 6.480263e-14 8.636400e-14
2 7 1.307482e-03 4.134622e-03 0 0 0 0 5.336804e-14 6.998055e-14
2 8 1.307482e-03 5.205181e-03 0 0 0 0 4.447668e-14 5.605290e-14
2 9 1.307482e-03 6.552935e-03 0 0 0 0 3.748891e-14 4.466215e-14
2 10 1.307482e-03 8.249656e-03 0 0 0 0 3.187783e-14 3.552922e-14
2 11 1.307482e-03 1.038570e-02 0 0 0 0 2.723917e-14 2.822635e-14
2 12 1.307482e-03 1.307482e-02 0 0 0 0 2.328228e-14 2.267337e-14
2 13 1.307482e-03 1.646023e-02 0 0 0 0 1.981191e-14 1.815087e-14
2 14 1.307482e-03 2.072220e-02 0 0 0 0 1.670761e-14 1.463006e-14
2 15 1.307482e-03 2.608770e-02 0 0 0 0 1.390309e-14 1.180298e-14
2 16 1.307482e-03 3.284247e-02 0 0 0 0 1.136582e-14 9.348192e-15
2 17 1.307482e-03 4.134622e-02 0 0 0 0 9.084893e-15 7.413513e-15
2 18 1.307482e-03 5.205181e-02 0 0 0 0 7.064296e-15 5.715513e-15
2 19 1.307482e-03 6.552935e-02 0 0 0 0 5.312366e-15 4.308571e-15
3 0 1.646023e-03 8.249656e-04 0 0 0 0 1.144161e-13 1.921820e-13
3 1 1.646023e-03 1.038570e-03 0 0 0 0 1.168534e-13 1.705318e-13
3 2 1.646023e-03 1.307482e-03 0 0 0 0 1.207556e-13 1.492495e-13
3 3 1.646023e-03 1.646023e-03 0 0 0 0 1.326010e-11 1.286810e-13
3 4 1.646023e-03 2.072220e-03 0 0 0 0 1.023490e-13 1.092390e-13
3 5 1.646023e-03 2.608770e-03 0 0 0 0 8.200916e-14 9.126924e-14
3 6 1.646023e-03 3.284247e-03 0 0 0 0 6.614556e-14 7.506803e-14
3 7 1.646023e-03 4.134622e-03 0 0 0 0 5.404199e-14 6.094321e-14
3 8 1.646023e-03 5.205181e-03 0 0 0 0 4.479971e-14 4.887878e-14
3 9 1.646023e-03 6.552935e-03 0 0 0 0 3.763812e-14 3.896013e-14
3 10 1.646023e-03 8.249656e-03 0 0 0 0 3.194497e-14 3.097500e-14
3 11 1.646023e-03 1.038570e-02 0 0 0 0 2.726909e-14 2.458425e-14
3 12 1.646023e-03 1.307482e-02 0 0 0 0 2.329585e-14 1.971087e-14
3 13 1.646023e-03 1.646023e-02 0 0 0 0 1.981839e-14 1.575372e-14
3 14 1.646023e-03 2.072220e-02 0 0 0 0 1.671098e-14 1.268090e-14
3 15 1.646023e-03 2.608770e-02 0 0 0 0 1.390506e-14 1.022133e-14
3 16 1.646023e-03 3.284247e-02 0 0 0 0 1.136701e-14 8.095320e-15
3 17 1.646023e-03 4.134622e-02 0 0 0 0 9.085697e-15 6.425925e-15
3 18 1.646023e-03 5.205181e-02 0 0 0 0 7.064813e-15 4.960532e-15
3 19 1.646023e-03 6.552935e-02 0 0 0 0 5.312731e-15 3.748654e-15
4 0 2.072220e-03 8.249656e-04 0 0 0 0 9.398472e-14 1.619214e-13
4 1 2.072220e-03 1.038570e-03 0 0 0 0 9.551519e-14 1.439905e-13
4 2 2.072220e-03 1.307482e-03 0 0 0 0 9.806748e-14 1.263355e-13
4 3 2.072220e-03 1.646023e-03 0 0 0 0 1.023490e-13 1.092390e-13
4 4 2.072220e-03 2.072220e-03 0 0 0 0 8.393786e-12 9.302709e-14
4 5 2.072220e-03 2.608770e-03 0 0 0 0 8.645343e-14 7.797092e-14
4 6 2.072220e-03 3.284247e-03 0 0 0 0 6.850804e-14 6.431912e-14
4 7 2.072220e-03 4.134622e-03 0 0 0 0 5.520107e-14 5.234393e-14
4 8 2.072220e-03 5.205181e-03 0 0 0 0 4.534348e-14 4.205497e-14
4 9 2.072220e-03 6.552935e-03 0 0 0 0 3.788495e-14 3.354295e-14
4 10 2.072220e-03 8.249656e-03 0 0 0 0 3.205452e-14 2.665953e-14
4 11 2.072220e-03 1.038570e-02 0 0 0 0 2.731736e-14 2.114274e-14
4 12 2.072220e-03 1.307482e-02 0 0 0 0 2.331749e-14 1.691935e-14
4 13 2.072220e-03 1.646023e-02 0 0 0 0 1.982862e-14 1.349964e-14
4 14 2.072220e-03 2.072220e-02 0 0 0 0 1.671629e-14 1.084976e-14
4 15 2.072220e-03 2.608770e-02 0 0 0 0 1.390803e-14 8.735102e-15
4 16 2.072220e-03 3.284247e-02 0 0 0 0 1.136880e-14 6.916592e-15
4 17 2.072220e-03 4.134622e-02 0 0 0 0 9.086845e-15 5.493927e-15
4 18 2.072220e-03 5.205181e-02 0 0 0 0 7.065549e-15 4.245671e-15
4 19 2.072220e-03 6.552935e-02 0 0 0 0 5.313215e-15 3.215983e-15
5 0 2.608770e-03 8.249656e-04 0 0 0 0 7.712534e-14 1.343160e-13
5 1 2.608770e-03 1.038570e-03 0 0 0 0 7.801137e-14 1.196855e-13
5 2 2.608770e-03 1.307482e-03 0 0 0 0 7.948596e-14 1.052607e-13
5 3 2.608770e-03 1.646023e-03 0 0 0 0 8.200916e-14 9.126924e-14
5 4 2.608770e-03 2.072220e-03 0 0 0 0 8.645343e-14 7.797092e-14
5 5 2.608770e-03 2.608770e-03 0 0 0 0 5.319232e-12 6.557957e-14
5 6 2.608770e-03 3.284247e-03 0 0 0 0 7.289656e-14 5.429202e-14
5 7 2.608770e-03 4.134622e-03 0 0 0 0 5.730222e-14 4.432465e-14
5 8 2.608770e-03 5.205181e-03 0 0 0 0 4.629517e-14 3.569363e-14
5 9 2.608770e-03 6.552935e-03 0 0 0 0 3.830462e-14 2.849870e-14
5 10 2.608770e-03 8.249656e-03 0 0 0 0 3.223669e-14 2.265295e-14
5 11 2.608770e-03 1.038570e-02 0 0 0 0 2.739634e-14 1.795597e-14
5 12 2.608770e-03 1.307482e-02 0 0 0 0 2.335252e-14 1.434201e-14
5 13 2.608770e-03 1.646023e-02 0 0 0 0 1.984507e-14 1.142364e-14
5 14 2.608770e-03 2.072220e-02 0 0 0 0 1.672473e-14 9.165565e-15
5 15 2.608770e-03 2.608770e-02 0 0 0 0 1.391275e-14 7.368038e-15
5 16 2.608770e-03 3.284247e-02 0 0 0 0 1.137166e-14 5.831300e-15
5 17 2.608770e-03 4.134622e-02 0 0 0 0 9.088659e-15 4.633268e-15
5 18 2.608770e-03 5.205181e-02 0 0 0 0 7.066752e-15 3.583406e-15
5 19 2.608770e-03 6.552935e-02 0 0 0 0 5.313995e-15 2.720104e-15
6 0 3.284247e-03 8.249656e-04 0 0 0 0 6.352742e-14 1.097779e-13
6 1 3.284247e-03 1.038570e-03 0 0 0 0 6.400866e-14 9.799476e-14
6 2 3.284247e-03 1.307482e-03 0 0 0 0 6.480263e-14 8.636400e-14
6 3 3.284247e-03 1.646023e-03 0 0 0 0 6.614556e-14 7.506803e-14
6 4 3.284247e-03 2.072220e-03 0 0 0 0 6.850804e-14 6.431912e-14
6 5 3.284247e-03 2.608770e-03 0 0 0 0 7.289656e-14 5.429202e-14
6 6 3.284247e-03 3.284247e-03 0 0 0 0 3.375857e-12 4.513392e-14
6 7 3.284247e-03 4.134622e-03 0 0 0 0 6.144024e-14 3.699456e-14
6 8 3.284247e-03 5.205181e-03 0 0 0 0 4.807555e-14 2.988164e-14
6 9 3.284247e-03 6.552935e-03 0 0 0 0 3.905166e-14 2.390004e-14
6 10 3.284247e-03 8.249656e-03 0 0 0 0 3.254907e-14 1.901239e-14
6 11 3.284247e-03 1.038570e-02 0 0 0 0 2.752813e-14 1.506617e-14
6 12 3.284247e-03 1.307482e-02 0 0 0 0 2.340979e-14 1.201170e-14
6 13 3.284247e-03 1.646023e-02 0 0 0 0 1.987157e-14 9.552099e-15
6 14 3.284247e-03 2.072220e-02 0 0 0 0 1.673821e-14 7.650106e-15
6 15 3.284247e-03 2.608770e-02 0 0 0 0 1.392030e-14 6.138141e-15
6 16 3.284247e-03 3.284247e-02 0 0 0 0 1.137618e-14 4.854439e-15
6 17 3.284247e-03 4.134622e-02 0 0 0 0 9.091560e-15 3.856511e-15
6 18 3.284247e-03 5.205181e-02 0 0 0 0 7.068664e-15 2.983903e-15
6 19 3.284247e-03 6.552935e-02 0 0 0 0 5.315231e-15 2.269010e-15
7 0 4.134622e-03 8.249656e-04 0 0 0 0 5.271649e-14 8.870632e-14
7 1 4.134622e-03 1.038570e-03 0 0 0 0 5.296381e-14 7.928326e-14
7 2 4.134622e-03 1.307482e-03 0 0 0 0 5.336804e-14 6.998055e-14
7 3 4.134622e-03 1.646023e-03 0 0 0 0 5.404199e-14 6.094321e-14
7 4 4.134622e-03 2.072220e-03 0 0 0 0 5.520107e-14 5.234393e-14
7 5 4.134622e-03 2.608770e-03 0 0 0 0 5.730222e-14 4.432465e-14
7 6 4.134622e-03 3.284247e-03 0 0 0 0 6.144024e-14 3.699456e-14
7 7 4.134622e-03 4.134622e-03 0 0 0 0 2.146744e-12 3.045449e-14
7 8 4.134622e-03 5.205181e-03 0 0 0 0 5.181305e-14 2.469991e-14
7 9 4.134622e-03 6.552935e-03 0 0 0 0 4.049436e-14 1.981985e-14
7 10 4.134622e-03 8.249656e-03 0 0 0 0 3.311377e-14 1.579644e-14
7 11 4.134622e-03 1.038570e-02 0 0 0 0 2.775547e-14 1.251792e-14
7 12 4.134622e-03 1.307482e-02 0 0 0 0 2.350541e-14 9.964134e-15
7 13 4.134622e-03 1.646023e-02 0 0 0 0 1.991486e-14 7.913471e-15
7 14 4.134622e-03 2.072220e-02 0 0 0 0 1.675991e-14 6.326310e-15
7 15 4.134622e-03 2.608770e-02 0 0 0 0 1.393232e-14 5.064028e-15
7 16 4.134622e-03 3.284247e-02 0 0 0 0 1.138337e-14 4.001345e-15
7 17 4.134622e-03 4.134622e-02 0 0 0 0 9.096207e-15 3.176147e-15
7 18 4.134622e-03 5.205181e-02 0 0 0 0 7.071669e-15 2.457052e-15
7 19 4.134622e-03 6.552935e-02 0 0 0 0 5.317200e-15 1.870364e-15
8 0 5.205181e-03 8.249656e-04 0 0 0 0 4.415932e-14 7.093120e-14
8 1 5.205181e-03 1.038570e-03 0 0 0 0 4.428044e-14 6.344139e-14
8 2 5.205181e-03 1.307482e-03 0 0 0 0 4.447668e-14 5.605290e-14
8 3 5.205181e-03 1.646023e-03 0 0 0 0 4.479971e-14 4.887878e-14
8 4 5.205181e-03 2.072220e-03 0 0 0 0 4.534348e-14 4.205497e-14
8 5 5.205181e-03 2.608770e-03 0 0 0 0 4.629517e-14 3.569363e-14
8 6 5.205181e-03 3.284247e-03 0 0 0 0 4.807555e-14 2.988164e-14
8 7 5.205181e-03 4.134622e-03 0 0 0 0 5.181305e-14 2.469991e-14
8 8 5.205181e-03 5.205181e-03 0 0 0 0 1.368737e-12 2.013720e-14
8 9 5.205181e-03 6.552935e-03 0 0 0 0 4.373765e-14 1.624422e-14
8 10 5.205181e-03 8.249656e-03 0 0 0 0 3.423793e-14 1.299023e-14
8 11 5.205181e-03 1.038570e-02 0 0 0 0 2.817129e-14 1.029933e-14
8 12 5.205181e-03 1.307482e-02 0 0 0 0 2.367064e-14 8.189499e-15
8 13 5.205181e-03 1.646023e-02 0 0 0 0 1.998681e-14 6.497869e-15
8 14 5.205181e-03 2.072220e-02 0 0 0 0 1.679513e-14 5.184712e-15
8 15 5.205181e-03 2.608770e-02 0 0 0 0 1.395160e-14 4.138559e-15
8 16 5.205181e-03 3.284247e-02 0 0 0 0 1.139487e-14 3.267171e-15
8 17 5.205181e-03 4.134622e-02 0 0 0 0 9.103559e-15 2.589461e-15
8 18 5.205181e-03 5.205181e-02 0 0 0 0 7.076428e-15 2.001754e-15
8 19 5.205181e-03 6.552935e-02 0 0 0 0 5.320332e-15 1.524307e-15
9 0 6.552935e-03 8.249656e-04 0 0 0 0 3.734039e-14 5.651442e-14
9 1 6.552935e-03 1.038570e-03 0 0 0 0 3.739732e-14 5.054286e-14
9 2 6.552935e-03 1.307482e-03 0 0 0 0 3.748891e-14 4.466215e-14
9 3 6.552935e-03 1.646023e-03 0 0 0 0 3.763812e-14 3.896013e-14
9 4 6.552935e-03 2.072220e-03 0 0 0 0 3.788495e-14 3.354295e-14
9 5 6.552935e-03 2.608770e-03 0 0 0 0 3.830462e-14 2.849870e-14
9 6 6.552935e-03 3.284247e-03 0 0 0 0 3.905166e-14 2.390004e-14
9 7 6.552935e-03 4.134622e-03 0 0 0 0 4.049436e-14 1.981985e-14
9 8 6.552935e-03 5.205181e-03 0 0 0 0 4.373765e-14 1.624422e-14
9 9 6.552935e-03 6.552935e-03 0 0 0 0 8.757082e-13 1.318732e-14
9 10 6.552935e-03 8.249656e-03 0 0 0 0 3.695137e-14 1.059791e-14
9 11 6.552935e-03 1.038570e-02 0 0 0 0 2.902061e-14 8.421967e-15
9 12 6.552935e-03 1.307482e-02 0 0 0 0 2.397436e-14 6.701174e-15
9 13 6.552935e-03 1.646023e-02 0 0 0 0 2.011049e-14 5.314019e-15
9 14 6.552935e-03 2.072220e-02 0 0 0 0 1.685321e-14 4.230089e-15
9 15 6.552935e-03 2.608770e-02 0 0 0 0 1.398269e-14 3.366765e-15
9 16 6.552935e-03 3.284247e-02 0 0 0 0 1.141324e-14 2.655861e-15
9 17 6.552935e-03 4.134622e-02 0 0 0 0 9.115243e-15 2.100138e-15
9 18 6.552935e-03 5.205181e-02 0 0 0 0 7.084010e-15 1.621415e-15
9 19 6.552935e-03 6.552935e-02 0 0 0 0 5.325281e-15 1.233974e-15
10 0 8.249656e-03 8.249656e-04 0 0 0 0 3.181031e-14 4.502851e-14
10 1 8.249656e-03 1.038570e-03 0 0 0 0 3.183630e-14 4.023698e-14
10 2 8.249656e-03 1.307482e-03 0 0 0 0 3.187783e-14 3.552922e-14
10 3 8.249656e-03 1.646023e-03 0 0 0 0 3.194497e-14 3.097500e-14
10 4 8.249656e-03 2.072220e-03 0 0 0 0 3.205452e-14 2.665953e-14
10 5 8.249656e-03 2.608770e-03 0 0 0 0 3.223669e-14 2.265295e-14
10 6 8.249656e-03 3.284247e-03 0 0 0 0 3.254907e-14 1.901239e-14
10 7 8.249656e-03 4.134622e-03 0 0 0 0 3.311377e-14 1.579644e-14
10 8 8.249656e-03 5.205181e-03 0 0 0 0 3.423793e-14 1.299023e-14
10 9 8.249656e-03 6.552935e-03 0 0 0 0 3.695137e-14 1.059791e-14
10 10 8.249656e-03 8.249656e-03 0 0 0 0 5.627748e-13 8.568182e-15
10 11 8.249656e-03 1.038570e-02 0 0 0 0 3.121933e-14 6.849453e-15
10 12 8.249656e-03 1.307482e-02 0 0 0 0 2.460487e-14 5.471310e-15
10 13 8.249656e-03 1.646023e-02 0 0 0 0 2.033656e-14 4.338041e-15
10 14 8.249656e-03 2.072220e-02 0 0 0 0 1.695176e-14 3.442054e-15
10 15 8.249656e-03 2.608770e-02 0 0 0 0 1.403352e-14 2.733137e-15
10 16 8.249656e-03 3.284247e-02 0 0 0 0 1.144282e-14 2.154441e-15
10 17 8.249656e-03 4.134622e-02 0 0 0 0 9.133865e-15 1.698447e-15
10 18 8.249656e-03 5.205181e-02 0 0 0 0 7.096051e-15 1.309190e-15
10 19 8.249656e-03 6.552935e-02 0 0 0 0 5.333141e-15 9.950129e-16
11 0 1.038570e-02 8.249656e-04 0 0 0 0 2.720883e-14 3.585222e-14
11 1 1.038570e-02 1.038570e-03 0 0 0 0 2.722060e-14 3.200108e-14
11 2 1.038570e-02 1.307482e-03 0 0 0 0 2.723917e-14 2.822635e-14
11 3 1.038570e-02 1.646023e-03 0 0 0 0 2.726909e-14 2.458425e-14
11 4 1.038570e-02 2.072220e-03 0 0 0 0 2.731736e-14 2.114274e-14
11 5 1.038570e-02 2.608770e-03 0 0 0 0 2.739634e-14 1.795597e-14
11 6 1.038570e-02 3.284247e-03 0 0 0 0 2.752813e-14 1.506617e-14
11 7 1.038570e-02 4.134622e-03 0 0 0 0 2.775547e-14 1.251792e-14
11 8 1.038570e-02 5.205181e-03 0 0 0 0 2.817129e-14 1.029933e-14
11 9 1.038570e-02 6.552935e-03 0 0 0 0 2.902061e-14 8.421967e-15
11 10 1.038570e-02 8.249656e-03 0 0 0 0 3.121933e-14 6.849453e-15
11 11 1.038570e-02 1.038570e-02 0 0 0 0 3.637107e-13 5.524954e-15
11 12 1.038570e-02 1.307482e-02 0 0 0 0 2.634186e-14 4.444917e-15
11 13 1.038570e-02 1.646023e-02 0 0 0 0 2.080578e-14 3.528016e-15
11 14 1.038570e-02 2.072220e-02 0 0 0 0 1.712860e-14 2.791498e-15
11 15 1.038570e-02 2.608770e-02 0 0 0 0 1.411850e-14 2.213899e-15
11 16 1.038570e-02 3.284247e-02 0 0 0 0 1.149086e-14 1.742946e-15
11 17 1.038570e-02 4.134622e-02 0 0 0 0 9.163666e-15 1.369047e-15
11 18 1.038570e-02 5.205181e-02 0 0 0 0 7.115267e-15 1.053788e-15
11 19 1.038570e-02 6.552935e-02 0 0 0 0 5.345651e-15 7.996901e-16
12 0 1.307482e-02 8.249656e-04 0 0 0 0 2.326848e-14 2.889830e-14
12 1 1.307482e-02 1.038570e-03 0 0 0 0 2.327389e-14 2.575128e-14
12 2 1.307482e-02 1.307482e-03 0 0 0 0 2.328228e-14 2.267337e-14
12 3 1.307482e-02 1.646023e-03 0 0 0 0 2.329585e-14 1.971087e-14
12 4 1.307482e-02 2.072220e-03 0 0 0 0 2.331749e-14 1.691935e-14
12 5 1.307482e-02 2.608770e-03 0 0 0 0 2.335252e-14 1.434201e-14
12 6 1.307482e-02 3.284247e-03 0 0 0 0 2.340979e-14 1.201170e-14
12 7 1.307482e-02 4.134622e-03 0 0 0 0 2.350541e-14 9.964134e-15
12 8 1.307482e-02 5.205181e-03 0 0 0 0 2.367064e-14 8.189499e-15
12 9 1.307482e-02 6.552935e-03 0 0 0 0 2.397436e-14 6.701174e-15
12 10 1.307482e-02 8.249656e-03 0 0 0 0 2.460487e-14 5.471310e-15
12 11 1.307482e-02 1.038570e-02 0 0 0 0 2.634186e-14 4.444917e-15
12 12 1.307482e-02 1.307482e-02 0 0 0 0 2.366940e-13 3.603509e-15
12 13 1.307482e-02 1.646023e-02 0 0 0 0 2.215620e-14 2.874297e-15
12 14 1.307482e-02 2.072220e-02 0 0 0 0 1.748781e-14 2.279557e-15
12 15 1.307482e-02 2.608770e-02 0 0 0 0 1.426730e-14 1.808997e-15
12 16 1.307482e-02 3.284247e-02 0 0 0 0 1.157021e-14 1.420054e-15
12 17 1.307482e-02 4.134622e-02 0 0 0 0 9.211705e-15 1.110855e-15
12 18 1.307482e-02 5.205181e-02 0 0 0 0 7.145989e-15 8.541197e-16
12 19 1.307482e-02 6.552935e-02 0 0 0 0 5.365555e-15 6.471021e-16
13 0 1.646023e-02 8.249656e-04 0 0 0 0 1.980526e-14 2.319987e-14
13 1 1.646023e-02 1.038570e-03 0 0 0 0 1.980791e-14 2.064559e-14
13 2 1.646023e-02 1.307482e-03 0 0 0 0 1.981191e-14 1.815087e-14
13 3 1.646023e-02 1.646023e-03 0 0 0 0 1.981839e-14 1.575372e-14
13 4 1.646023e-02 2.072220e-03 0 0 0 0 1.982862e-14 1.349964e-14
13 5 1.646023e-02 2.608770e-03 0 0 0 0 1.984507e-14 1.142364e-14
13 6 1.646023e-02 3.284247e-03 0 0 0 0 1.987157e-14 9.552099e-15
13 7 1.646023e-02 4.134622e-03 0 0 0 0 1.991486e-14 7.913471e-15
13 8 1.646023e-02 5.205181e-03 0 0 0 0 1.998681e-14 6.497869e-15
13 9 1.646023e-02 6.552935e-03 0 0 0 0 2.011049e-14 5.314019e-15
13 10 1.646023e-02 8.249656e-03 0 0 0 0 2.033656e-14 4.338041e-15
13 11 1.646023e-02 1.038570e-02 0 0 0 0 2.080578e-14 3.528016e-15
13 12 1.646023e-02 1.307482e-02 0 0 0 0 2.215620e-14 2.874297e-15
13 13 1.646023e-02 1.646023e-02 0 0 0 0 1.553106e-13 2.314616e-15
13 14 1.646023e-02 2.072220e-02 0 0 0 0 1.853428e-14 1.854082e-15
13 15 1.646023e-02 2.608770e-02 0 0 0 0 1.455796e-14 1.475378e-15
13 16 1.646023e-02 3.284247e-02 0 0 0 0 1.170587e-14 1.152660e-15
13 17 1.646023e-02 4.134622e-02 0 0 0 0 9.290202e-15 8.982968e-16
13 18 1.646023e-02 5.205181e-02 0 0 0 0 7.195440e-15 6.902578e-16
13 19 1.646023e-02 6.552935e-02 0 0 0 0 5.397351e-15 5.222709e-16
14 0 2.072220e-02 8.249656e-04 0 0 0 0 1.670419e-14 1.873858e-14
14 1 2.072220e-02 1.038570e-03 0 0 0 0 1.670561e-14 1.665977e-14
14 2 2.072220e-02 1.307482e-03 0 0 0 0 1.670761e-14 1.463006e-14
14 3 2.072220e-02 1.646023e-03 0 0 0 0 1.671098e-14 1.268090e-14
14 4 2.072220e-02 2.072220e-03 0 0 0 0 1.671629e-14 1.084976e-14
14 5 2.072220e-02 2.608770e-03 0 0 0 0 1.672473e-14 9.165565e-15
14 6 2.072220e-02 3.284247e-03 0 0 0 0 1.673821e-14 7.650106e-15
14 7 2.072220e-02 4.134622e-03 0 0 0 0 1.675991e-14 6.326310e-15
14 8 2.072220e-02 5.205181e-03 0 0 0 0 1.679513e-14 5.184712e-15
14 9 2.072220e-02 6.552935e-03 0 0 0 0 1.685321e-14 4.230089e-15
14 10 2.072220e-02 8.249656e-03 0 0 0 0 1.695176e-14 3.442054e-15
14 11 2.072220e-02 1.038570e-02 0 0 0 0 1.712860e-14 2.791498e-15
14 12 2.072220e-02 1.307482e-02 0 0 0 0 1.748781e-14 2.279557e-15
14 13 2.072220e-02 1.646023e-02 0 0 0 0 1.853428e-14 1.854082e-15
14 14 2.072220e-02 2.072220e-02 0 0 0 0 1.028742e-13 1.504135e-15
14 15 2.072220e-02 2.608770e-02 0 0 0 0 1.538045e-14 1.203579e-15
14 16 2.072220e-02 3.284247e-02 0 0 0 0 1.195882e-14 9.385254e-16
14 17 2.072220e-02 4.134622e-02 0 0 0 0 9.421980e-15 7.308110e-16
14 18 2.072220e-02 5.205181e-02 0 0 0 0 7.275824e-15 5.611596e-16
14 19 2.072220e-02 6.552935e-02 0 0 0 0 5.448360e-15 4.236205e-16
15 0 2.608770e-02 8.249656e-04 0 0 0 0 1.390112e-14 1.513470e-14
15 1 2.608770e-02 1.038570e-03 0 0 0 0 1.390195e-14 1.344939e-14
15 2 2.608770e-02 1.307482e-03 0 0 0 0 1.390309e-14 1.180298e-14
15 3 2.608770e-02 1.646023e-03 0 0 0 0 1.390506e-14 1.022133e-14
15 4 2.608770e-02 2.072220e-03 0 0 0 0 1.390803e-14 8.735102e-15
15 5 2.608770e-02 2.608770e-03 0 0 0 0 1.391275e-14 7.368038e-15
15 6 2.608770e-02 3.284247e-03 0 0 0 0 1.392030e-14 6.138141e-15
15 7 2.608770e-02 4.134622e-03 0 0 0 0 1.393232e-14 5.064028e-15
15 8 2.608770e-02 5.205181e-03 0 0 0 0 1.395160e-14 4.138559e-15
15 9 2.608770e-02 6.552935e-03 0 0 0 0 1.398269e-14 3.366765e-15
15 10 2.608770e-02 8.249656e-03 0 0 0 0 1.403352e-14 2.733137e-15
15 11 2.608770e-02 1.038570e-02 0 0 0 0 1.411850e-14 2.213899e-15
15 12 2.608770e-02 1.307482e-02 0 0 0 0 1.426730e-14 1.808997e-15
15 13 2.608770e-02 1.646023e-02 0 0 0 0 1.455796e-14 1.475378e-15
15 14 2.608770e-02 2.072220e-02 0 0 0 0 1.538045e-14 1.203579e-15
15 15 2.608770e-02 2.608770e-02 0 0 0 0 6.884315e-14 9.704487e-16
15 16 2.608770e-02 3.284247e-02 0 0 0 0 1.262667e-14 7.624740e-16
15 17 2.608770e-02 4.134622e-02 0 0 0 0 9.658162e-15 5.966669e-16
15 18 2.608770e-02 5.205181e-02 0 0 0 0 7.409110e-15 4.573362e-16
15 19 2.608770e-02 6.552935e-02 0 0 0 0 5.530960e-15 3.435363e-16
16 0 3.284247e-02 8.249656e-04 0 0 0 0 1.136463e-14 1.198253e-14
16 1 3.284247e-02 1.038570e-03 0 0 0 0 1.136517e-14 1.065078e-14
16 2 3.284247e-02 1.307482e-03 0 0 0 0 1.136582e-14 9.348192e-15
16 3 3.284247e-02 1.646023e-03 0 0 0 0 1.136701e-14 8.095320e-15
16 4 3.284247e-02 2.072220e-03 0 0 0 0 1.136880e-14 6.916592e-15
16 5 3.284247e-02 2.608770e-03 0 0 0 0 1.137166e-14 5.831300e-15
16 6 3.284247e-02 3.284247e-03 0 0 0 0 1.137618e-14 4.854439e-15
16 7 3.284247e-02 4.134622e-03 0 0 0 0 1.138337e-14 4.001345e-15
16 8 3.284247e-02 5.205181e-03 0 0 0 0 1.139487e-14 3.267171e-15
16 9 3.284247e-02 6.552935e-03 0 0 0 0 1.141324e-14 2.655861e-15
16 10 3.284247e-02 8.249656e-03 0 0 0 0 1.144282e-14 2.154441e-15
16 11 3.284247e-02 1.038570e-02 0 0 0 0 1.149086e-14 1.742946e-15
16 12 3.284247e-02 1.307482e-02 0 0 0 0 1.157021e-14 1.420054e-15
16 13 3.284247e-02 1.646023e-02 0 0 0 0 1.170587e-14 1.152660e-15
16 14 3.284247e-02 2.072220e-02 0 0 0 0 1.195882e-14 9.385254e-16
16 15 3.284247e-02 2.608770e-02 0 0 0 0 1.262667e-14 7.624740e-16
16 16 3.284247e-02 3.284247e-02 0 0 0 0 4.655620e-14 6.082794e-16
16 17 3.284247e-02 4.134622e-02 0 0 0 0 1.022724e-14 4.808182e-16
16 18 3.284247e-02 5.205181e-02 0 0 0 0 7.641201e-15 3.679578e-16
16 19 3.284247e-02 6.552935e-02 0 0 0 0 5.667015e-15 2.748965e-16
17 0 4.134622e-02 8.249656e-04 0 0 0 0 9.084054e-15 9.481248e-15
17 1 4.134622e-02 1.038570e-03 0 0 0 0 9.084460e-15 8.437343e-15
17 2 4.134622e-02 1.307482e-03 0 0 0 0 9.084893e-15 7.413513e-15
17 3 4.134622e-02 1.646023e-03 0 0 0 0 9.085697e-15 6.425925e-15
17 4 4.134622e-02 2.072220e-03 0 0 0 0 9.086845e-15 5.493927e-15
17 5 4.134622e-02 2.608770e-03 0 0 0 0 9.088659e-15 4.633268e-15
17 6 4.134622e-02 3.284247e-03 0 0 0 0 9.091560e-15 3.856511e-15
17 7 4.134622e-02 4.134622e-03 0 0 0 0 9.096207e-15 3.176147e-15
17 8 4.134622e-02 5.205181e-03 0 0 0 0 9.103559e-15 2.589461e-15
17 9 4.134622e-02 6.552935e-03 0 0 0 0 9.115243e-15 2.100138e-15
17 10 4.134622e-02 8.249656e-03 0 0 0 0 9.133865e-15 1.698447e-15
17 11 4.134622e-02 1.038570e-02 0 0 0 0 9.163666e-15 1.369047e-15
17 12 4.134622e-02 1.307482e-02 0 0 0 0 9.211705e-15 1.110855e-15
17 13 4.134622e-02 1.646023e-02 0 0 0 0 9.290202e-15 8.982968e-16
17 14 4.134622e-02 2.072220e-02 0 0 0 0 9.421980e-15 7.308110e-16
17 15 4.134622e-02 2.608770e-02 0 0 0 0 9.658162e-15 5.966669e-16
17 16 4.134622e-02 3.284247e-02 0 0 0 0 1.022724e-14 4.808182e-16
17 17 4.134622e-02 4.134622e-02 0 0 0 0 3.180344e-14 3.838001e-16
17 18 4.134622e-02 5.205181e-02 0 0 0 0 8.152117e-15 2.949628e-16
17 19 4.134622e-02 6.552935e-02 0 0 0 0 5.899933e-15 2.208918e-16
18 0 5.205181e-02 8.249656e-04 0 0 0 0 7.063787e-15 7.289090e-15
18 1 5.205181e-02 1.038570e-03 0 0 0 0 7.064056e-15 6.495779e-15
18 2 5.205181e-02 1.307482e-03 0 0 0 0 7.064296e-15 5.715513e-15
18 3 5.205181e-02 1.646023e-03 0 0 0 0 7.064813e-15 4.960532e-15
18 4 5.205181e-02 2.072220e-03 0 0 0 0 7.065549e-15 4.245671e-15
18 5 5.205181e-02 2.608770e-03 0 0 0 0 7.066752e-15 3.583406e-15
18 6 5.205181e-02 3.284247e-03 0 0 0 0 7.068664e-15 2.983903e-15
18 7 5.205181e-02 4.134622e-03 0 0 0 0 7.071669e-15 2.457052e-15
18 8 5.205181e-02 5.205181e-03 0 0 0 0 7.076428e-15 2.001754e-15
18 9 5.205181e-02 6.552935e-03 0 0 0 0 7.084010e-15 1.621415e-15
18 10 5.205181e-02 8.249656e-03 0 0 0 0 7.096051e-15 1.309190e-15
18 11 5.205181e-02 1.038570e-02 0 0 0 0 7.115267e-15 1.053788e-15
18 12 5.205181e-02 1.307482e-02 0 0 0 0 7.145989e-15 8.541197e-16
18 13 5.205181e-02 1.646023e-02 0 0 0 0 7.195440e-15 6.902578e-16
18 14 5.205181e-02 2.072220e-02 0 0 0 0 7.275824e-15 5.611596e-16
18 15 5.205181e-02 2.608770e-02 0 0 0 0 7.409110e-15 4.573362e-16
18 16 5.205181e-02 3.284247e-02 0 0 0 0 7.641201e-15 3.679578e-16
18 17 5.205181e-02 4.134622e-02 0 0 0 0 8.152117e-15 2.949628e-16
18 18 5.205181e-02 5.205181e-02 0 0 0 0 2.192060e-14 2.293275e-16
18 19 5.205181e-02 6.552935e-02 0 0 0 0 6.377473e-15 1.740485e-16
19 0 6.552935e-02 8.249656e-04 0 0 0 0 5.311999e-15 5.468448e-15
19 1 6.552935e-02 1.038570e-03 0 0 0 0 5.312212e-15 4.884801e-15
19 2 6.552935e-02 1.307482e-03 0 0 0 0 5.312366e-15 4.308571e-15
19 3 6.552935e-02 1.646023e-03 0 0 0 0 5.312731e-15 3.748654e-15
19 4 6.552935e-02 2.072220e-03 0 0 0 0 5.313215e-15 3.215983e-15
19 5 6.552935e-02 2.608770e-03 0 0 0 0 5.313995e-15 2.720104e-15
19 6 6.552935e-02 3.284247e-03 0 0 0 0 5.315231e-15 2.269010e-15
19 7 6.552935e-02 4.134622e-03 0 0 0 0 5.317200e-15 1.870364e-15
19 8 6.552935e-02 5.205181e-03 0 0 0 0 5.320332e-15 1.524307e-15
19 9 6.552935e-02 6.552935e-03 0 0 0 0 5.325281e-15 1.233974e-15
19 10 6.552935e-02 8.249656e-03 0 0 0 0 5.333141e-15 9.950129e-16
19 11 6.552935e-02 1.038570e-02 0 0 0 0 5.345651e-15 7.996901e-16
19 12 6.552935e-02 1.307482e-02 0 0 0 0 5.365555e-15 6.471021e-16
19 13 6.552935e-02 1.646023e-02 0 0 0 0 5.397351e-15 5.222709e-16
19 14 6.552935e-02 2.072220e-02 0 0 0 0 5.448360e-15 4.236205e-16
19 15 6.552935e-02 2.608770e-02 0 0 0 0 5.530960e-15 3.435363e-16
19 16 6.552935e-02 3.284247e-02 0 0 0 0 5.667015e-15 2.748965e-16
19 17 6.552935e-02 4.134622e-02 0 0 0 0 5.899933e-15 2.208918e-16
19 18 6.552935e-02 5.205181e-02 0 0 0 0 6.377473e-15 1.740485e-16
19 19 6.552935e-02 6.552935e-02 0 0 0 0 1.521441e-14 1.343836e-16
