# Please cite the following papers in research using this covariance:
# arXiv: 1601.05779, https://arxiv.org/abs/1601.05779
# arXiv: 1911.11947, https://arxiv.org/abs/1911.11947
# arXiv: 2004.04833, https://arxiv.org/abs/2004.04833
########################################################
0 80 8.249656e-04 8.249656e-04 0 0 1 1 1.825503e-14 0.000000e+00
0 81 8.249656e-04 1.038570e-03 0 0 1 1 1.810400e-14 0.000000e+00
0 82 8.249656e-04 1.307482e-03 0 0 1 1 1.788462e-14 0.000000e+00
0 83 8.249656e-04 1.646023e-03 0 0 1 1 1.759369e-14 0.000000e+00
0 84 8.249656e-04 2.072220e-03 0 0 1 1 1.723383e-14 0.000000e+00
0 85 8.249656e-04 2.608770e-03 0 0 1 1 1.681248e-14 0.000000e+00
0 86 8.249656e-04 3.284247e-03 0 0 1 1 1.633931e-14 0.000000e+00
0 87 8.249656e-04 4.134622e-03 0 0 1 1 1.582326e-14 0.000000e+00
0 88 8.249656e-04 5.205181e-03 0 0 1 1 1.526952e-14 0.000000e+00
0 89 8.249656e-04 6.552935e-03 0 0 1 1 1.467741e-14 0.000000e+00
0 90 8.249656e-04 8.249656e-03 0 0 1 1 1.403991e-14 0.000000e+00
0 91 8.249656e-04 1.038570e-02 0 0 1 1 1.334461e-14 0.000000e+00
0 92 8.249656e-04 1.307482e-02 0 0 1 1 1.257603e-14 0.000000e+00
0 93 8.249656e-04 1.646023e-02 0 0 1 1 1.171872e-14 0.000000e+00
0 94 8.249656e-04 2.072220e-02 0 0 1 1 1.076082e-14 0.000000e+00
0 95 8.249656e-04 2.608770e-02 0 0 1 1 9.697962e-15 0.000000e+00
0 96 8.249656e-04 3.284247e-02 0 0 1 1 8.537391e-15 0.000000e+00
0 97 8.249656e-04 4.134622e-02 0 0 1 1 7.301351e-15 0.000000e+00
0 98 8.249656e-04 5.205181e-02 0 0 1 1 6.029012e-15 0.000000e+00
0 99 8.249656e-04 6.552935e-02 0 0 1 1 4.773902e-15 0.000000e+00
1 80 1.038570e-03 8.249656e-04 0 0 1 1 1.810400e-14 0.000000e+00
1 81 1.038570e-03 1.038570e-03 0 0 1 1 1.799172e-14 0.000000e+00
1 82 1.038570e-03 1.307482e-03 0 0 1 1 1.781031e-14 0.000000e+00
1 83 1.038570e-03 1.646023e-03 0 0 1 1 1.754838e-14 0.000000e+00
1 84 1.038570e-03 2.072220e-03 0 0 1 1 1.720814e-14 0.000000e+00
1 85 1.038570e-03 2.608770e-03 0 0 1 1 1.679874e-14 0.000000e+00
1 86 1.038570e-03 3.284247e-03 0 0 1 1 1.633212e-14 0.000000e+00
1 87 1.038570e-03 4.134622e-03 0 0 1 1 1.581929e-14 0.000000e+00
1 88 1.038570e-03 5.205181e-03 0 0 1 1 1.526698e-14 0.000000e+00
1 89 1.038570e-03 6.552935e-03 0 0 1 1 1.467552e-14 0.000000e+00
1 90 1.038570e-03 8.249656e-03 0 0 1 1 1.403840e-14 0.000000e+00
1 91 1.038570e-03 1.038570e-02 0 0 1 1 1.334341e-14 0.000000e+00
1 92 1.038570e-03 1.307482e-02 0 0 1 1 1.257513e-14 0.000000e+00
1 93 1.038570e-03 1.646023e-02 0 0 1 1 1.171809e-14 0.000000e+00
1 94 1.038570e-03 2.072220e-02 0 0 1 1 1.076043e-14 0.000000e+00
1 95 1.038570e-03 2.608770e-02 0 0 1 1 9.697767e-15 0.000000e+00
1 96 1.038570e-03 3.284247e-02 0 0 1 1 8.537336e-15 0.000000e+00
1 97 1.038570e-03 4.134622e-02 0 0 1 1 7.301390e-15 0.000000e+00
1 98 1.038570e-03 5.205181e-02 0 0 1 1 6.029104e-15 0.000000e+00
1 99 1.038570e-03 6.552935e-02 0 0 1 1 4.774015e-15 0.000000e+00
2 80 1.307482e-03 8.249656e-04 0 0 1 1 1.788462e-14 0.000000e+00
2 81 1.307482e-03 1.038570e-03 0 0 1 1 1.781031e-14 0.000000e+00
2 82 1.307482e-03 1.307482e-03 0 0 1 1 1.768196e-14 0.000000e+00
2 83 1.307482e-03 1.646023e-03 0 0 1 1 1.746951e-14 0.000000e+00
2 84 1.307482e-03 2.072220e-03 0 0 1 1 1.716370e-14 0.000000e+00
2 85 1.307482e-03 2.608770e-03 0 0 1 1 1.677523e-14 0.000000e+00
2 86 1.307482e-03 3.284247e-03 0 0 1 1 1.631995e-14 0.000000e+00
2 87 1.307482e-03 4.134622e-03 0 0 1 1 1.581261e-14 0.000000e+00
2 88 1.307482e-03 5.205181e-03 0 0 1 1 1.526272e-14 0.000000e+00
2 89 1.307482e-03 6.552935e-03 0 0 1 1 1.467233e-14 0.000000e+00
2 90 1.307482e-03 8.249656e-03 0 0 1 1 1.403582e-14 0.000000e+00
2 91 1.307482e-03 1.038570e-02 0 0 1 1 1.334133e-14 0.000000e+00
2 92 1.307482e-03 1.307482e-02 0 0 1 1 1.257352e-14 0.000000e+00
2 93 1.307482e-03 1.646023e-02 0 0 1 1 1.171693e-14 0.000000e+00
2 94 1.307482e-03 2.072220e-02 0 0 1 1 1.075964e-14 0.000000e+00
2 95 1.307482e-03 2.608770e-02 0 0 1 1 9.697283e-15 0.000000e+00
2 96 1.307482e-03 3.284247e-02 0 0 1 1 8.537076e-15 0.000000e+00
2 97 1.307482e-03 4.134622e-02 0 0 1 1 7.301281e-15 0.000000e+00
2 98 1.307482e-03 5.205181e-02 0 0 1 1 6.029082e-15 0.000000e+00
2 99 1.307482e-03 6.552935e-02 0 0 1 1 4.774033e-15 0.000000e+00
3 80 1.646023e-03 8.249656e-04 0 0 1 1 1.759369e-14 0.000000e+00
3 81 1.646023e-03 1.038570e-03 0 0 1 1 1.754838e-14 0.000000e+00
3 82 1.646023e-03 1.307482e-03 0 0 1 1 1.746951e-14 0.000000e+00
3 83 1.646023e-03 1.646023e-03 0 0 1 1 1.732743e-14 0.000000e+00
3 84 1.646023e-03 2.072220e-03 0 0 1 1 1.708360e-14 0.000000e+00
3 85 1.646023e-03 2.608770e-03 0 0 1 1 1.673370e-14 0.000000e+00
3 86 1.646023e-03 3.284247e-03 0 0 1 1 1.629909e-14 0.000000e+00
3 87 1.646023e-03 4.134622e-03 0 0 1 1 1.580158e-14 0.000000e+00
3 88 1.646023e-03 5.205181e-03 0 0 1 1 1.525593e-14 0.000000e+00
3 89 1.646023e-03 6.552935e-03 0 0 1 1 1.466737e-14 0.000000e+00
3 90 1.646023e-03 8.249656e-03 0 0 1 1 1.403185e-14 0.000000e+00
3 91 1.646023e-03 1.038570e-02 0 0 1 1 1.333815e-14 0.000000e+00
3 92 1.646023e-03 1.307482e-02 0 0 1 1 1.257109e-14 0.000000e+00
3 93 1.646023e-03 1.646023e-02 0 0 1 1 1.171519e-14 0.000000e+00
3 94 1.646023e-03 2.072220e-02 0 0 1 1 1.075851e-14 0.000000e+00
3 95 1.646023e-03 2.608770e-02 0 0 1 1 9.696630e-15 0.000000e+00
3 96 1.646023e-03 3.284247e-02 0 0 1 1 8.536777e-15 0.000000e+00
3 97 1.646023e-03 4.134622e-02 0 0 1 1 7.301218e-15 0.000000e+00
3 98 1.646023e-03 5.205181e-02 0 0 1 1 6.029154e-15 0.000000e+00
3 99 1.646023e-03 6.552935e-02 0 0 1 1 4.774161e-15 0.000000e+00
4 80 2.072220e-03 8.249656e-04 0 0 1 1 1.723383e-14 0.000000e+00
4 81 2.072220e-03 1.038570e-03 0 0 1 1 1.720814e-14 0.000000e+00
4 82 2.072220e-03 1.307482e-03 0 0 1 1 1.716370e-14 0.000000e+00
4 83 2.072220e-03 1.646023e-03 0 0 1 1 1.708360e-14 0.000000e+00
4 84 2.072220e-03 2.072220e-03 0 0 1 1 1.693023e-14 0.000000e+00
4 85 2.072220e-03 2.608770e-03 0 0 1 1 1.665499e-14 0.000000e+00
4 86 2.072220e-03 3.284247e-03 0 0 1 1 1.626108e-14 0.000000e+00
4 87 2.072220e-03 4.134622e-03 0 0 1 1 1.578244e-14 0.000000e+00
4 88 2.072220e-03 5.205181e-03 0 0 1 1 1.524467e-14 0.000000e+00
4 89 2.072220e-03 6.552935e-03 0 0 1 1 1.465933e-14 0.000000e+00
4 90 2.072220e-03 8.249656e-03 0 0 1 1 1.402545e-14 0.000000e+00
4 91 2.072220e-03 1.038570e-02 0 0 1 1 1.333301e-14 0.000000e+00
4 92 2.072220e-03 1.307482e-02 0 0 1 1 1.256714e-14 0.000000e+00
4 93 2.072220e-03 1.646023e-02 0 0 1 1 1.171235e-14 0.000000e+00
4 94 2.072220e-03 2.072220e-02 0 0 1 1 1.075662e-14 0.000000e+00
4 95 2.072220e-03 2.608770e-02 0 0 1 1 9.695510e-15 0.000000e+00
4 96 2.072220e-03 3.284247e-02 0 0 1 1 8.536219e-15 0.000000e+00
4 97 2.072220e-03 4.134622e-02 0 0 1 1 7.301036e-15 0.000000e+00
4 98 2.072220e-03 5.205181e-02 0 0 1 1 6.029188e-15 0.000000e+00
4 99 2.072220e-03 6.552935e-02 0 0 1 1 4.774287e-15 0.000000e+00
5 80 2.608770e-03 8.249656e-04 0 0 1 1 1.681248e-14 0.000000e+00
5 81 2.608770e-03 1.038570e-03 0 0 1 1 1.679874e-14 0.000000e+00
5 82 2.608770e-03 1.307482e-03 0 0 1 1 1.677523e-14 0.000000e+00
5 83 2.608770e-03 1.646023e-03 0 0 1 1 1.673370e-14 0.000000e+00
5 84 2.608770e-03 2.072220e-03 0 0 1 1 1.665499e-14 0.000000e+00
5 85 2.608770e-03 2.608770e-03 0 0 1 1 1.649280e-14 0.000000e+00
5 86 2.608770e-03 3.284247e-03 0 0 1 1 1.618550e-14 0.000000e+00
5 87 2.608770e-03 4.134622e-03 0 0 1 1 1.574728e-14 0.000000e+00
5 88 2.608770e-03 5.205181e-03 0 0 1 1 1.522555e-14 0.000000e+00
5 89 2.608770e-03 6.552935e-03 0 0 1 1 1.464633e-14 0.000000e+00
5 90 2.608770e-03 8.249656e-03 0 0 1 1 1.401530e-14 0.000000e+00
5 91 2.608770e-03 1.038570e-02 0 0 1 1 1.332489e-14 0.000000e+00
5 92 2.608770e-03 1.307482e-02 0 0 1 1 1.256090e-14 0.000000e+00
5 93 2.608770e-03 1.646023e-02 0 0 1 1 1.170785e-14 0.000000e+00
5 94 2.608770e-03 2.072220e-02 0 0 1 1 1.075364e-14 0.000000e+00
5 95 2.608770e-03 2.608770e-02 0 0 1 1 9.693744e-15 0.000000e+00
5 96 2.608770e-03 3.284247e-02 0 0 1 1 8.535344e-15 0.000000e+00
5 97 2.608770e-03 4.134622e-02 0 0 1 1 7.300757e-15 0.000000e+00
5 98 2.608770e-03 5.205181e-02 0 0 1 1 6.029252e-15 0.000000e+00
5 99 2.608770e-03 6.552935e-02 0 0 1 1 4.774497e-15 0.000000e+00
6 80 3.284247e-03 8.249656e-04 0 0 1 1 1.633931e-14 0.000000e+00
6 81 3.284247e-03 1.038570e-03 0 0 1 1 1.633212e-14 0.000000e+00
6 82 3.284247e-03 1.307482e-03 0 0 1 1 1.631995e-14 0.000000e+00
6 83 3.284247e-03 1.646023e-03 0 0 1 1 1.629909e-14 0.000000e+00
6 84 3.284247e-03 2.072220e-03 0 0 1 1 1.626108e-14 0.000000e+00
6 85 3.284247e-03 2.608770e-03 0 0 1 1 1.618550e-14 0.000000e+00
6 86 3.284247e-03 3.284247e-03 0 0 1 1 1.601592e-14 0.000000e+00
6 87 3.284247e-03 4.134622e-03 0 0 1 1 1.567482e-14 0.000000e+00
6 88 3.284247e-03 5.205181e-03 0 0 1 1 1.519103e-14 0.000000e+00
6 89 3.284247e-03 6.552935e-03 0 0 1 1 1.462488e-14 0.000000e+00
6 90 3.284247e-03 8.249656e-03 0 0 1 1 1.399907e-14 0.000000e+00
6 91 3.284247e-03 1.038570e-02 0 0 1 1 1.331200e-14 0.000000e+00
6 92 3.284247e-03 1.307482e-02 0 0 1 1 1.255099e-14 0.000000e+00
6 93 3.284247e-03 1.646023e-02 0 0 1 1 1.170072e-14 0.000000e+00
6 94 3.284247e-03 2.072220e-02 0 0 1 1 1.074891e-14 0.000000e+00
6 95 3.284247e-03 2.608770e-02 0 0 1 1 9.690940e-15 0.000000e+00
6 96 3.284247e-03 3.284247e-02 0 0 1 1 8.533955e-15 0.000000e+00
6 97 3.284247e-03 4.134622e-02 0 0 1 1 7.300314e-15 0.000000e+00
6 98 3.284247e-03 5.205181e-02 0 0 1 1 6.029353e-15 0.000000e+00
6 99 3.284247e-03 6.552935e-02 0 0 1 1 4.774829e-15 0.000000e+00
7 80 4.134622e-03 8.249656e-04 0 0 1 1 1.582326e-14 0.000000e+00
7 81 4.134622e-03 1.038570e-03 0 0 1 1 1.581929e-14 0.000000e+00
7 82 4.134622e-03 1.307482e-03 0 0 1 1 1.581261e-14 0.000000e+00
7 83 4.134622e-03 1.646023e-03 0 0 1 1 1.580158e-14 0.000000e+00
7 84 4.134622e-03 2.072220e-03 0 0 1 1 1.578244e-14 0.000000e+00
7 85 4.134622e-03 2.608770e-03 0 0 1 1 1.574728e-14 0.000000e+00
7 86 4.134622e-03 3.284247e-03 0 0 1 1 1.567482e-14 0.000000e+00
7 87 4.134622e-03 4.134622e-03 0 0 1 1 1.549777e-14 0.000000e+00
7 88 4.134622e-03 5.205181e-03 0 0 1 1 1.511971e-14 0.000000e+00
7 89 4.134622e-03 6.552935e-03 0 0 1 1 1.458768e-14 0.000000e+00
7 90 4.134622e-03 8.249656e-03 0 0 1 1 1.397290e-14 0.000000e+00
7 91 4.134622e-03 1.038570e-02 0 0 1 1 1.329153e-14 0.000000e+00
7 92 4.134622e-03 1.307482e-02 0 0 1 1 1.253528e-14 0.000000e+00
7 93 4.134622e-03 1.646023e-02 0 0 1 1 1.168939e-14 0.000000e+00
7 94 4.134622e-03 2.072220e-02 0 0 1 1 1.074139e-14 0.000000e+00
7 95 4.134622e-03 2.608770e-02 0 0 1 1 9.686480e-15 0.000000e+00
7 96 4.134622e-03 3.284247e-02 0 0 1 1 8.531744e-15 0.000000e+00
7 97 4.134622e-03 4.134622e-02 0 0 1 1 7.299608e-15 0.000000e+00
7 98 4.134622e-03 5.205181e-02 0 0 1 1 6.029512e-15 0.000000e+00
7 99 4.134622e-03 6.552935e-02 0 0 1 1 4.775356e-15 0.000000e+00
8 80 5.205181e-03 8.249656e-04 0 0 1 1 1.526952e-14 0.000000e+00
8 81 5.205181e-03 1.038570e-03 0 0 1 1 1.526698e-14 0.000000e+00
8 82 5.205181e-03 1.307482e-03 0 0 1 1 1.526272e-14 0.000000e+00
8 83 5.205181e-03 1.646023e-03 0 0 1 1 1.525593e-14 0.000000e+00
8 84 5.205181e-03 2.072220e-03 0 0 1 1 1.524467e-14 0.000000e+00
8 85 5.205181e-03 2.608770e-03 0 0 1 1 1.522555e-14 0.000000e+00
8 86 5.205181e-03 3.284247e-03 0 0 1 1 1.519103e-14 0.000000e+00
8 87 5.205181e-03 4.134622e-03 0 0 1 1 1.511971e-14 0.000000e+00
8 88 5.205181e-03 5.205181e-03 0 0 1 1 1.493335e-14 0.000000e+00
8 89 5.205181e-03 6.552935e-03 0 0 1 1 1.451384e-14 0.000000e+00
8 90 5.205181e-03 8.249656e-03 0 0 1 1 1.392940e-14 0.000000e+00
8 91 5.205181e-03 1.038570e-02 0 0 1 1 1.325888e-14 0.000000e+00
8 92 5.205181e-03 1.307482e-02 0 0 1 1 1.251031e-14 0.000000e+00
8 93 5.205181e-03 1.646023e-02 0 0 1 1 1.167136e-14 0.000000e+00
8 94 5.205181e-03 2.072220e-02 0 0 1 1 1.072942e-14 0.000000e+00
8 95 5.205181e-03 2.608770e-02 0 0 1 1 9.679374e-15 0.000000e+00
8 96 5.205181e-03 3.284247e-02 0 0 1 1 8.528220e-15 0.000000e+00
8 97 5.205181e-03 4.134622e-02 0 0 1 1 7.298477e-15 0.000000e+00
8 98 5.205181e-03 5.205181e-02 0 0 1 1 6.029758e-15 0.000000e+00
8 99 5.205181e-03 6.552935e-02 0 0 1 1 4.776189e-15 0.000000e+00
9 80 6.552935e-03 8.249656e-04 0 0 1 1 1.467741e-14 0.000000e+00
9 81 6.552935e-03 1.038570e-03 0 0 1 1 1.467552e-14 0.000000e+00
9 82 6.552935e-03 1.307482e-03 0 0 1 1 1.467233e-14 0.000000e+00
9 83 6.552935e-03 1.646023e-03 0 0 1 1 1.466737e-14 0.000000e+00
9 84 6.552935e-03 2.072220e-03 0 0 1 1 1.465933e-14 0.000000e+00
9 85 6.552935e-03 2.608770e-03 0 0 1 1 1.464633e-14 0.000000e+00
9 86 6.552935e-03 3.284247e-03 0 0 1 1 1.462488e-14 0.000000e+00
9 87 6.552935e-03 4.134622e-03 0 0 1 1 1.458768e-14 0.000000e+00
9 88 6.552935e-03 5.205181e-03 0 0 1 1 1.451384e-14 0.000000e+00
9 89 6.552935e-03 6.552935e-03 0 0 1 1 1.431472e-14 0.000000e+00
9 90 6.552935e-03 8.249656e-03 0 0 1 1 1.384839e-14 0.000000e+00
9 91 6.552935e-03 1.038570e-02 0 0 1 1 1.320603e-14 0.000000e+00
9 92 6.552935e-03 1.307482e-02 0 0 1 1 1.247056e-14 0.000000e+00
9 93 6.552935e-03 1.646023e-02 0 0 1 1 1.164262e-14 0.000000e+00
9 94 6.552935e-03 2.072220e-02 0 0 1 1 1.071030e-14 0.000000e+00
9 95 6.552935e-03 2.608770e-02 0 0 1 1 9.668014e-15 0.000000e+00
9 96 6.552935e-03 3.284247e-02 0 0 1 1 8.522579e-15 0.000000e+00
9 97 6.552935e-03 4.134622e-02 0 0 1 1 7.296654e-15 0.000000e+00
9 98 6.552935e-03 5.205181e-02 0 0 1 1 6.030132e-15 0.000000e+00
9 99 6.552935e-03 6.552935e-02 0 0 1 1 4.777501e-15 0.000000e+00
10 80 8.249656e-03 8.249656e-04 0 0 1 1 1.403991e-14 0.000000e+00
10 81 8.249656e-03 1.038570e-03 0 0 1 1 1.403840e-14 0.000000e+00
10 82 8.249656e-03 1.307482e-03 0 0 1 1 1.403582e-14 0.000000e+00
10 83 8.249656e-03 1.646023e-03 0 0 1 1 1.403185e-14 0.000000e+00
10 84 8.249656e-03 2.072220e-03 0 0 1 1 1.402545e-14 0.000000e+00
10 85 8.249656e-03 2.608770e-03 0 0 1 1 1.401530e-14 0.000000e+00
10 86 8.249656e-03 3.284247e-03 0 0 1 1 1.399907e-14 0.000000e+00
10 87 8.249656e-03 4.134622e-03 0 0 1 1 1.397290e-14 0.000000e+00
10 88 8.249656e-03 5.205181e-03 0 0 1 1 1.392940e-14 0.000000e+00
10 89 8.249656e-03 6.552935e-03 0 0 1 1 1.384839e-14 0.000000e+00
10 90 8.249656e-03 8.249656e-03 0 0 1 1 1.363206e-14 0.000000e+00
10 91 8.249656e-03 1.038570e-02 0 0 1 1 1.311334e-14 0.000000e+00
10 92 8.249656e-03 1.307482e-02 0 0 1 1 1.240683e-14 0.000000e+00
10 93 8.249656e-03 1.646023e-02 0 0 1 1 1.159668e-14 0.000000e+00
10 94 8.249656e-03 2.072220e-02 0 0 1 1 1.067966e-14 0.000000e+00
10 95 8.249656e-03 2.608770e-02 0 0 1 1 9.649770e-15 0.000000e+00
10 96 8.249656e-03 3.284247e-02 0 0 1 1 8.513498e-15 0.000000e+00
10 97 8.249656e-03 4.134622e-02 0 0 1 1 7.293689e-15 0.000000e+00
10 98 8.249656e-03 5.205181e-02 0 0 1 1 6.030688e-15 0.000000e+00
10 99 8.249656e-03 6.552935e-02 0 0 1 1 4.779566e-15 0.000000e+00
11 80 1.038570e-02 8.249656e-04 0 0 1 1 1.334461e-14 0.000000e+00
11 81 1.038570e-02 1.038570e-03 0 0 1 1 1.334341e-14 0.000000e+00
11 82 1.038570e-02 1.307482e-03 0 0 1 1 1.334133e-14 0.000000e+00
11 83 1.038570e-02 1.646023e-03 0 0 1 1 1.333815e-14 0.000000e+00
11 84 1.038570e-02 2.072220e-03 0 0 1 1 1.333301e-14 0.000000e+00
11 85 1.038570e-02 2.608770e-03 0 0 1 1 1.332489e-14 0.000000e+00
11 86 1.038570e-02 3.284247e-03 0 0 1 1 1.331200e-14 0.000000e+00
11 87 1.038570e-02 4.134622e-03 0 0 1 1 1.329153e-14 0.000000e+00
11 88 1.038570e-02 5.205181e-03 0 0 1 1 1.325888e-14 0.000000e+00
11 89 1.038570e-02 6.552935e-03 0 0 1 1 1.320603e-14 0.000000e+00
11 90 1.038570e-02 8.249656e-03 0 0 1 1 1.311334e-14 0.000000e+00
11 91 1.038570e-02 1.038570e-02 0 0 1 1 1.287523e-14 0.000000e+00
11 92 1.038570e-02 1.307482e-02 0 0 1 1 1.229936e-14 0.000000e+00
11 93 1.038570e-02 1.646023e-02 0 0 1 1 1.152281e-14 0.000000e+00
11 94 1.038570e-02 2.072220e-02 0 0 1 1 1.063023e-14 0.000000e+00
11 95 1.038570e-02 2.608770e-02 0 0 1 1 9.620248e-15 0.000000e+00
11 96 1.038570e-02 3.284247e-02 0 0 1 1 8.498749e-15 0.000000e+00
11 97 1.038570e-02 4.134622e-02 0 0 1 1 7.288797e-15 0.000000e+00
11 98 1.038570e-02 5.205181e-02 0 0 1 1 6.031474e-15 0.000000e+00
11 99 1.038570e-02 6.552935e-02 0 0 1 1 4.782800e-15 0.000000e+00
12 80 1.307482e-02 8.249656e-04 0 0 1 1 1.257603e-14 0.000000e+00
12 81 1.307482e-02 1.038570e-03 0 0 1 1 1.257513e-14 0.000000e+00
12 82 1.307482e-02 1.307482e-03 0 0 1 1 1.257352e-14 0.000000e+00
12 83 1.307482e-02 1.646023e-03 0 0 1 1 1.257109e-14 0.000000e+00
12 84 1.307482e-02 2.072220e-03 0 0 1 1 1.256714e-14 0.000000e+00
12 85 1.307482e-02 2.608770e-03 0 0 1 1 1.256090e-14 0.000000e+00
12 86 1.307482e-02 3.284247e-03 0 0 1 1 1.255099e-14 0.000000e+00
12 87 1.307482e-02 4.134622e-03 0 0 1 1 1.253528e-14 0.000000e+00
12 88 1.307482e-02 5.205181e-03 0 0 1 1 1.251031e-14 0.000000e+00
12 89 1.307482e-02 6.552935e-03 0 0 1 1 1.247056e-14 0.000000e+00
12 90 1.307482e-02 8.249656e-03 0 0 1 1 1.240683e-14 0.000000e+00
12 91 1.307482e-02 1.038570e-02 0 0 1 1 1.229936e-14 0.000000e+00
12 92 1.307482e-02 1.307482e-02 0 0 1 1 1.203605e-14 0.000000e+00
12 93 1.307482e-02 1.646023e-02 0 0 1 1 1.140020e-14 0.000000e+00
12 94 1.307482e-02 2.072220e-02 0 0 1 1 1.054979e-14 0.000000e+00
12 95 1.307482e-02 2.608770e-02 0 0 1 1 9.571937e-15 0.000000e+00
12 96 1.307482e-02 3.284247e-02 0 0 1 1 8.474460e-15 0.000000e+00
12 97 1.307482e-02 4.134622e-02 0 0 1 1 7.280555e-15 0.000000e+00
12 98 1.307482e-02 5.205181e-02 0 0 1 1 6.032479e-15 0.000000e+00
12 99 1.307482e-02 6.552935e-02 0 0 1 1 4.787826e-15 0.000000e+00
13 80 1.646023e-02 8.249656e-04 0 0 1 1 1.171872e-14 0.000000e+00
13 81 1.646023e-02 1.038570e-03 0 0 1 1 1.171809e-14 0.000000e+00
13 82 1.646023e-02 1.307482e-03 0 0 1 1 1.171693e-14 0.000000e+00
13 83 1.646023e-02 1.646023e-03 0 0 1 1 1.171519e-14 0.000000e+00
13 84 1.646023e-02 2.072220e-03 0 0 1 1 1.171235e-14 0.000000e+00
13 85 1.646023e-02 2.608770e-03 0 0 1 1 1.170785e-14 0.000000e+00
13 86 1.646023e-02 3.284247e-03 0 0 1 1 1.170072e-14 0.000000e+00
13 87 1.646023e-02 4.134622e-03 0 0 1 1 1.168939e-14 0.000000e+00
13 88 1.646023e-02 5.205181e-03 0 0 1 1 1.167136e-14 0.000000e+00
13 89 1.646023e-02 6.552935e-03 0 0 1 1 1.164262e-14 0.000000e+00
13 90 1.646023e-02 8.249656e-03 0 0 1 1 1.159668e-14 0.000000e+00
13 91 1.646023e-02 1.038570e-02 0 0 1 1 1.152281e-14 0.000000e+00
13 92 1.646023e-02 1.307482e-02 0 0 1 1 1.140020e-14 0.000000e+00
13 93 1.646023e-02 1.646023e-02 0 0 1 1 1.111094e-14 0.000000e+00
13 94 1.646023e-02 2.072220e-02 0 0 1 1 1.041558e-14 0.000000e+00
13 95 1.646023e-02 2.608770e-02 0 0 1 1 9.491566e-15 0.000000e+00
13 96 1.646023e-02 3.284247e-02 0 0 1 1 8.433616e-15 0.000000e+00
13 97 1.646023e-02 4.134622e-02 0 0 1 1 7.266232e-15 0.000000e+00
13 98 1.646023e-02 5.205181e-02 0 0 1 1 6.033456e-15 0.000000e+00
13 99 1.646023e-02 6.552935e-02 0 0 1 1 4.795537e-15 0.000000e+00
14 80 2.072220e-02 8.249656e-04 0 0 1 1 1.076082e-14 0.000000e+00
14 81 2.072220e-02 1.038570e-03 0 0 1 1 1.076043e-14 0.000000e+00
14 82 2.072220e-02 1.307482e-03 0 0 1 1 1.075964e-14 0.000000e+00
14 83 2.072220e-02 1.646023e-03 0 0 1 1 1.075851e-14 0.000000e+00
14 84 2.072220e-02 2.072220e-03 0 0 1 1 1.075662e-14 0.000000e+00
14 85 2.072220e-02 2.608770e-03 0 0 1 1 1.075364e-14 0.000000e+00
14 86 2.072220e-02 3.284247e-03 0 0 1 1 1.074891e-14 0.000000e+00
14 87 2.072220e-02 4.134622e-03 0 0 1 1 1.074139e-14 0.000000e+00
14 88 2.072220e-02 5.205181e-03 0 0 1 1 1.072942e-14 0.000000e+00
14 89 2.072220e-02 6.552935e-03 0 0 1 1 1.071030e-14 0.000000e+00
14 90 2.072220e-02 8.249656e-03 0 0 1 1 1.067966e-14 0.000000e+00
14 91 2.072220e-02 1.038570e-02 0 0 1 1 1.063023e-14 0.000000e+00
14 92 2.072220e-02 1.307482e-02 0 0 1 1 1.054979e-14 0.000000e+00
14 93 2.072220e-02 1.646023e-02 0 0 1 1 1.041558e-14 0.000000e+00
14 94 2.072220e-02 2.072220e-02 0 0 1 1 1.010373e-14 0.000000e+00
14 95 2.072220e-02 2.608770e-02 0 0 1 1 9.353942e-15 0.000000e+00
14 96 2.072220e-02 3.284247e-02 0 0 1 1 8.362820e-15 0.000000e+00
14 97 2.072220e-02 4.134622e-02 0 0 1 1 7.240246e-15 0.000000e+00
14 98 2.072220e-02 5.205181e-02 0 0 1 1 6.033413e-15 0.000000e+00
14 99 2.072220e-02 6.552935e-02 0 0 1 1 4.807097e-15 0.000000e+00
15 80 2.608770e-02 8.249656e-04 0 0 1 1 9.697962e-15 0.000000e+00
15 81 2.608770e-02 1.038570e-03 0 0 1 1 9.697767e-15 0.000000e+00
15 82 2.608770e-02 1.307482e-03 0 0 1 1 9.697283e-15 0.000000e+00
15 83 2.608770e-02 1.646023e-03 0 0 1 1 9.696630e-15 0.000000e+00
15 84 2.608770e-02 2.072220e-03 0 0 1 1 9.695510e-15 0.000000e+00
15 85 2.608770e-02 2.608770e-03 0 0 1 1 9.693744e-15 0.000000e+00
15 86 2.608770e-02 3.284247e-03 0 0 1 1 9.690940e-15 0.000000e+00
15 87 2.608770e-02 4.134622e-03 0 0 1 1 9.686480e-15 0.000000e+00
15 88 2.608770e-02 5.205181e-03 0 0 1 1 9.679374e-15 0.000000e+00
15 89 2.608770e-02 6.552935e-03 0 0 1 1 9.668014e-15 0.000000e+00
15 90 2.608770e-02 8.249656e-03 0 0 1 1 9.649770e-15 0.000000e+00
15 91 2.608770e-02 1.038570e-02 0 0 1 1 9.620248e-15 0.000000e+00
15 92 2.608770e-02 1.307482e-02 0 0 1 1 9.571937e-15 0.000000e+00
15 93 2.608770e-02 1.646023e-02 0 0 1 1 9.491566e-15 0.000000e+00
15 94 2.608770e-02 2.072220e-02 0 0 1 1 9.353942e-15 0.000000e+00
15 95 2.608770e-02 2.608770e-02 0 0 1 1 9.028210e-15 0.000000e+00
15 96 2.608770e-02 3.284247e-02 0 0 1 1 8.234570e-15 0.000000e+00
15 97 2.608770e-02 4.134622e-02 0 0 1 1 7.190335e-15 0.000000e+00
15 98 2.608770e-02 5.205181e-02 0 0 1 1 6.029151e-15 0.000000e+00
15 99 2.608770e-02 6.552935e-02 0 0 1 1 4.823681e-15 0.000000e+00
16 80 3.284247e-02 8.249656e-04 0 0 1 1 8.537391e-15 0.000000e+00
16 81 3.284247e-02 1.038570e-03 0 0 1 1 8.537336e-15 0.000000e+00
16 82 3.284247e-02 1.307482e-03 0 0 1 1 8.537076e-15 0.000000e+00
16 83 3.284247e-02 1.646023e-03 0 0 1 1 8.536777e-15 0.000000e+00
16 84 3.284247e-02 2.072220e-03 0 0 1 1 8.536219e-15 0.000000e+00
16 85 3.284247e-02 2.608770e-03 0 0 1 1 8.535344e-15 0.000000e+00
16 86 3.284247e-02 3.284247e-03 0 0 1 1 8.533955e-15 0.000000e+00
16 87 3.284247e-02 4.134622e-03 0 0 1 1 8.531744e-15 0.000000e+00
16 88 3.284247e-02 5.205181e-03 0 0 1 1 8.528220e-15 0.000000e+00
16 89 3.284247e-02 6.552935e-03 0 0 1 1 8.522579e-15 0.000000e+00
16 90 3.284247e-02 8.249656e-03 0 0 1 1 8.513498e-15 0.000000e+00
16 91 3.284247e-02 1.038570e-02 0 0 1 1 8.498749e-15 0.000000e+00
16 92 3.284247e-02 1.307482e-02 0 0 1 1 8.474460e-15 0.000000e+00
16 93 3.284247e-02 1.646023e-02 0 0 1 1 8.433616e-15 0.000000e+00
16 94 3.284247e-02 2.072220e-02 0 0 1 1 8.362820e-15 0.000000e+00
16 95 3.284247e-02 2.608770e-02 0 0 1 1 8.234570e-15 0.000000e+00
16 96 3.284247e-02 3.284247e-02 0 0 1 1 7.909182e-15 0.000000e+00
16 97 3.284247e-02 4.134622e-02 0 0 1 1 7.087452e-15 0.000000e+00
16 98 3.284247e-02 5.205181e-02 0 0 1 1 6.010986e-15 0.000000e+00
16 99 3.284247e-02 6.552935e-02 0 0 1 1 4.845268e-15 0.000000e+00
17 80 4.134622e-02 8.249656e-04 0 0 1 1 7.301351e-15 0.000000e+00
17 81 4.134622e-02 1.038570e-03 0 0 1 1 7.301390e-15 0.000000e+00
17 82 4.134622e-02 1.307482e-03 0 0 1 1 7.301281e-15 0.000000e+00
17 83 4.134622e-02 1.646023e-03 0 0 1 1 7.301218e-15 0.000000e+00
17 84 4.134622e-02 2.072220e-03 0 0 1 1 7.301036e-15 0.000000e+00
17 85 4.134622e-02 2.608770e-03 0 0 1 1 7.300757e-15 0.000000e+00
17 86 4.134622e-02 3.284247e-03 0 0 1 1 7.300314e-15 0.000000e+00
17 87 4.134622e-02 4.134622e-03 0 0 1 1 7.299608e-15 0.000000e+00
17 88 4.134622e-02 5.205181e-03 0 0 1 1 7.298477e-15 0.000000e+00
17 89 4.134622e-02 6.552935e-03 0 0 1 1 7.296654e-15 0.000000e+00
17 90 4.134622e-02 8.249656e-03 0 0 1 1 7.293689e-15 0.000000e+00
17 91 4.134622e-02 1.038570e-02 0 0 1 1 7.288797e-15 0.000000e+00
17 92 4.134622e-02 1.307482e-02 0 0 1 1 7.280555e-15 0.000000e+00
17 93 4.134622e-02 1.646023e-02 0 0 1 1 7.266232e-15 0.000000e+00
17 94 4.134622e-02 2.072220e-02 0 0 1 1 7.240246e-15 0.000000e+00
17 95 4.134622e-02 2.608770e-02 0 0 1 1 7.190335e-15 0.000000e+00
17 96 4.134622e-02 3.284247e-02 0 0 1 1 7.087452e-15 0.000000e+00
17 97 4.134622e-02 4.134622e-02 0 0 1 1 6.780676e-15 0.000000e+00
17 98 4.134622e-02 5.205181e-02 0 0 1 1 5.949741e-15 0.000000e+00
17 99 4.134622e-02 6.552935e-02 0 0 1 1 4.866238e-15 0.000000e+00
18 80 5.205181e-02 8.249656e-04 0 0 1 1 6.029012e-15 0.000000e+00
18 81 5.205181e-02 1.038570e-03 0 0 1 1 6.029104e-15 0.000000e+00
18 82 5.205181e-02 1.307482e-03 0 0 1 1 6.029082e-15 0.000000e+00
18 83 5.205181e-02 1.646023e-03 0 0 1 1 6.029154e-15 0.000000e+00
18 84 5.205181e-02 2.072220e-03 0 0 1 1 6.029188e-15 0.000000e+00
18 85 5.205181e-02 2.608770e-03 0 0 1 1 6.029252e-15 0.000000e+00
18 86 5.205181e-02 3.284247e-03 0 0 1 1 6.029353e-15 0.000000e+00
18 87 5.205181e-02 4.134622e-03 0 0 1 1 6.029512e-15 0.000000e+00
18 88 5.205181e-02 5.205181e-03 0 0 1 1 6.029758e-15 0.000000e+00
18 89 5.205181e-02 6.552935e-03 0 0 1 1 6.030132e-15 0.000000e+00
18 90 5.205181e-02 8.249656e-03 0 0 1 1 6.030688e-15 0.000000e+00
18 91 5.205181e-02 1.038570e-02 0 0 1 1 6.031474e-15 0.000000e+00
18 92 5.205181e-02 1.307482e-02 0 0 1 1 6.032479e-15 0.000000e+00
18 93 5.205181e-02 1.646023e-02 0 0 1 1 6.033456e-15 0.000000e+00
18 94 5.205181e-02 2.072220e-02 0 0 1 1 6.033413e-15 0.000000e+00
18 95 5.205181e-02 2.608770e-02 0 0 1 1 6.029151e-15 0.000000e+00
18 96 5.205181e-02 3.284247e-02 0 0 1 1 6.010986e-15 0.000000e+00
18 97 5.205181e-02 4.134622e-02 0 0 1 1 5.949741e-15 0.000000e+00
18 98 5.205181e-02 5.205181e-02 0 0 1 1 5.680756e-15 0.000000e+00
18 99 5.205181e-02 6.552935e-02 0 0 1 1 4.859465e-15 0.000000e+00
19 80 6.552935e-02 8.249656e-04 0 0 1 1 4.773902e-15 0.000000e+00
19 81 6.552935e-02 1.038570e-03 0 0 1 1 4.774015e-15 0.000000e+00
19 82 6.552935e-02 1.307482e-03 0 0 1 1 4.774033e-15 0.000000e+00
19 83 6.552935e-02 1.646023e-03 0 0 1 1 4.774161e-15 0.000000e+00
19 84 6.552935e-02 2.072220e-03 0 0 1 1 4.774287e-15 0.000000e+00
19 85 6.552935e-02 2.608770e-03 0 0 1 1 4.774497e-15 0.000000e+00
19 86 6.552935e-02 3.284247e-03 0 0 1 1 4.774829e-15 0.000000e+00
19 87 6.552935e-02 4.134622e-03 0 0 1 1 4.775356e-15 0.000000e+00
19 88 6.552935e-02 5.205181e-03 0 0 1 1 4.776189e-15 0.000000e+00
19 89 6.552935e-02 6.552935e-03 0 0 1 1 4.777501e-15 0.000000e+00
19 90 6.552935e-02 8.249656e-03 0 0 1 1 4.779566e-15 0.000000e+00
19 91 6.552935e-02 1.038570e-02 0 0 1 1 4.782800e-15 0.000000e+00
19 92 6.552935e-02 1.307482e-02 0 0 1 1 4.787826e-15 0.000000e+00
19 93 6.552935e-02 1.646023e-02 0 0 1 1 4.795537e-15 0.000000e+00
19 94 6.552935e-02 2.072220e-02 0 0 1 1 4.807097e-15 0.000000e+00
19 95 6.552935e-02 2.608770e-02 0 0 1 1 4.823681e-15 0.000000e+00
19 96 6.552935e-02 3.284247e-02 0 0 1 1 4.845268e-15 0.000000e+00
19 97 6.552935e-02 4.134622e-02 0 0 1 1 4.866238e-15 0.000000e+00
19 98 6.552935e-02 5.205181e-02 0 0 1 1 4.859465e-15 0.000000e+00
19 99 6.552935e-02 6.552935e-02 0 0 1 1 4.645124e-15 0.000000e+00
