# Please cite the following papers in research using this covariance:
# arXiv: 1601.05779, https://arxiv.org/abs/1601.05779
# arXiv: 1911.11947, https://arxiv.org/abs/1911.11947
# arXiv: 2004.04833, https://arxiv.org/abs/2004.04833
########################################################
20 100 8.249656e-04 8.249656e-04 0 1 1 2 1.107538e-13 0.000000e+00
20 101 8.249656e-04 1.038570e-03 0 1 1 2 9.963484e-14 0.000000e+00
20 102 8.249656e-04 1.307482e-03 0 1 1 2 8.669156e-14 0.000000e+00
20 103 8.249656e-04 1.646023e-03 0 1 1 2 7.545096e-14 0.000000e+00
20 104 8.249656e-04 2.072220e-03 0 1 1 2 6.604710e-14 0.000000e+00
20 105 8.249656e-04 2.608770e-03 0 1 1 2 5.831340e-14 0.000000e+00
20 106 8.249656e-04 3.284247e-03 0 1 1 2 5.198540e-14 0.000000e+00
20 107 8.249656e-04 4.134622e-03 0 1 1 2 4.677290e-14 0.000000e+00
20 108 8.249656e-04 5.205181e-03 0 1 1 2 4.239774e-14 0.000000e+00
20 109 8.249656e-04 6.552935e-03 0 1 1 2 3.861459e-14 0.000000e+00
20 110 8.249656e-04 8.249656e-03 0 1 1 2 3.522019e-14 0.000000e+00
20 111 8.249656e-04 1.038570e-02 0 1 1 2 3.205530e-14 0.000000e+00
20 112 8.249656e-04 1.307482e-02 0 1 1 2 2.900284e-14 0.000000e+00
20 113 8.249656e-04 1.646023e-02 0 1 1 2 2.598395e-14 0.000000e+00
20 114 8.249656e-04 2.072220e-02 0 1 1 2 2.295479e-14 0.000000e+00
20 115 8.249656e-04 2.608770e-02 0 1 1 2 1.990381e-14 0.000000e+00
20 116 8.249656e-04 3.284247e-02 0 1 1 2 1.685167e-14 0.000000e+00
20 117 8.249656e-04 4.134622e-02 0 1 1 2 1.385014e-14 0.000000e+00
20 118 8.249656e-04 5.205181e-02 0 1 1 2 1.097883e-14 0.000000e+00
20 119 8.249656e-04 6.552935e-02 0 1 1 2 8.332453e-15 0.000000e+00
21 100 1.038570e-03 8.249656e-04 0 1 1 2 9.963484e-14 0.000000e+00
21 101 1.038570e-03 1.038570e-03 0 1 1 2 9.904564e-14 0.000000e+00
21 102 1.038570e-03 1.307482e-03 0 1 1 2 8.856142e-14 0.000000e+00
21 103 1.038570e-03 1.646023e-03 0 1 1 2 7.667202e-14 0.000000e+00
21 104 1.038570e-03 2.072220e-03 0 1 1 2 6.675027e-14 0.000000e+00
21 105 1.038570e-03 2.608770e-03 0 1 1 2 5.869091e-14 0.000000e+00
21 106 1.038570e-03 3.284247e-03 0 1 1 2 5.217659e-14 0.000000e+00
21 107 1.038570e-03 4.134622e-03 0 1 1 2 4.686440e-14 0.000000e+00
21 108 1.038570e-03 5.205181e-03 0 1 1 2 4.243895e-14 0.000000e+00
21 109 1.038570e-03 6.552935e-03 0 1 1 2 3.863183e-14 0.000000e+00
21 110 1.038570e-03 8.249656e-03 0 1 1 2 3.522672e-14 0.000000e+00
21 111 1.038570e-03 1.038570e-02 0 1 1 2 3.205743e-14 0.000000e+00
21 112 1.038570e-03 1.307482e-02 0 1 1 2 2.900335e-14 0.000000e+00
21 113 1.038570e-03 1.646023e-02 0 1 1 2 2.598401e-14 0.000000e+00
21 114 1.038570e-03 2.072220e-02 0 1 1 2 2.295482e-14 0.000000e+00
21 115 1.038570e-03 2.608770e-02 0 1 1 2 1.990393e-14 0.000000e+00
21 116 1.038570e-03 3.284247e-02 0 1 1 2 1.685189e-14 0.000000e+00
21 117 1.038570e-03 4.134622e-02 0 1 1 2 1.385043e-14 0.000000e+00
21 118 1.038570e-03 5.205181e-02 0 1 1 2 1.097912e-14 0.000000e+00
21 119 1.038570e-03 6.552935e-02 0 1 1 2 8.332724e-15 0.000000e+00
22 100 1.307482e-03 8.249656e-04 0 1 1 2 8.669156e-14 0.000000e+00
22 101 1.307482e-03 1.038570e-03 0 1 1 2 8.856142e-14 0.000000e+00
22 102 1.307482e-03 1.307482e-03 0 1 1 2 8.850893e-14 0.000000e+00
22 103 1.307482e-03 1.646023e-03 0 1 1 2 7.872171e-14 0.000000e+00
22 104 1.307482e-03 2.072220e-03 0 1 1 2 6.795430e-14 0.000000e+00
22 105 1.307482e-03 2.608770e-03 0 1 1 2 5.932930e-14 0.000000e+00
22 106 1.307482e-03 3.284247e-03 0 1 1 2 5.249508e-14 0.000000e+00
22 107 1.307482e-03 4.134622e-03 0 1 1 2 4.701478e-14 0.000000e+00
22 108 1.307482e-03 5.205181e-03 0 1 1 2 4.250586e-14 0.000000e+00
22 109 1.307482e-03 6.552935e-03 0 1 1 2 3.865948e-14 0.000000e+00
22 110 1.307482e-03 8.249656e-03 0 1 1 2 3.523696e-14 0.000000e+00
22 111 1.307482e-03 1.038570e-02 0 1 1 2 3.206053e-14 0.000000e+00
22 112 1.307482e-03 1.307482e-02 0 1 1 2 2.900385e-14 0.000000e+00
22 113 1.307482e-03 1.646023e-02 0 1 1 2 2.598381e-14 0.000000e+00
22 114 1.307482e-03 2.072220e-02 0 1 1 2 2.295455e-14 0.000000e+00
22 115 1.307482e-03 2.608770e-02 0 1 1 2 1.990383e-14 0.000000e+00
22 116 1.307482e-03 3.284247e-02 0 1 1 2 1.685194e-14 0.000000e+00
22 117 1.307482e-03 4.134622e-02 0 1 1 2 1.385059e-14 0.000000e+00
22 118 1.307482e-03 5.205181e-02 0 1 1 2 1.097929e-14 0.000000e+00
22 119 1.307482e-03 6.552935e-02 0 1 1 2 8.332882e-15 0.000000e+00
23 100 1.646023e-03 8.249656e-04 0 1 1 2 7.545096e-14 0.000000e+00
23 101 1.646023e-03 1.038570e-03 0 1 1 2 7.667202e-14 0.000000e+00
23 102 1.646023e-03 1.307482e-03 0 1 1 2 7.872171e-14 0.000000e+00
23 103 1.646023e-03 1.646023e-03 0 1 1 2 7.913620e-14 0.000000e+00
23 104 1.646023e-03 2.072220e-03 0 1 1 2 7.007855e-14 0.000000e+00
23 105 1.646023e-03 2.608770e-03 0 1 1 2 6.045365e-14 0.000000e+00
23 106 1.646023e-03 3.284247e-03 0 1 1 2 5.304346e-14 0.000000e+00
23 107 1.646023e-03 4.134622e-03 0 1 1 2 4.726858e-14 0.000000e+00
23 108 1.646023e-03 5.205181e-03 0 1 1 2 4.261714e-14 0.000000e+00
23 109 1.646023e-03 6.552935e-03 0 1 1 2 3.870505e-14 0.000000e+00
23 110 1.646023e-03 8.249656e-03 0 1 1 2 3.525384e-14 0.000000e+00
23 111 1.646023e-03 1.038570e-02 0 1 1 2 3.206577e-14 0.000000e+00
23 112 1.646023e-03 1.307482e-02 0 1 1 2 2.900490e-14 0.000000e+00
23 113 1.646023e-03 1.646023e-02 0 1 1 2 2.598368e-14 0.000000e+00
23 114 1.646023e-03 2.072220e-02 0 1 1 2 2.295434e-14 0.000000e+00
23 115 1.646023e-03 2.608770e-02 0 1 1 2 1.990389e-14 0.000000e+00
23 116 1.646023e-03 3.284247e-02 0 1 1 2 1.685222e-14 0.000000e+00
23 117 1.646023e-03 4.134622e-02 0 1 1 2 1.385102e-14 0.000000e+00
23 118 1.646023e-03 5.205181e-02 0 1 1 2 1.097975e-14 0.000000e+00
23 119 1.646023e-03 6.552935e-02 0 1 1 2 8.333300e-15 0.000000e+00
24 100 2.072220e-03 8.249656e-04 0 1 1 2 6.604710e-14 0.000000e+00
24 101 2.072220e-03 1.038570e-03 0 1 1 2 6.675027e-14 0.000000e+00
24 102 2.072220e-03 1.307482e-03 0 1 1 2 6.795430e-14 0.000000e+00
24 103 2.072220e-03 1.646023e-03 0 1 1 2 7.007855e-14 0.000000e+00
24 104 2.072220e-03 2.072220e-03 0 1 1 2 7.086446e-14 0.000000e+00
24 105 2.072220e-03 2.608770e-03 0 1 1 2 6.254603e-14 0.000000e+00
24 106 2.072220e-03 3.284247e-03 0 1 1 2 5.403866e-14 0.000000e+00
24 107 2.072220e-03 4.134622e-03 0 1 1 2 4.771361e-14 0.000000e+00
24 108 2.072220e-03 5.205181e-03 0 1 1 2 4.280706e-14 0.000000e+00
24 109 2.072220e-03 6.552935e-03 0 1 1 2 3.878132e-14 0.000000e+00
24 110 2.072220e-03 8.249656e-03 0 1 1 2 3.528169e-14 0.000000e+00
24 111 2.072220e-03 1.038570e-02 0 1 1 2 3.207428e-14 0.000000e+00
24 112 2.072220e-03 1.307482e-02 0 1 1 2 2.900649e-14 0.000000e+00
24 113 2.072220e-03 1.646023e-02 0 1 1 2 2.598336e-14 0.000000e+00
24 114 2.072220e-03 2.072220e-02 0 1 1 2 2.295392e-14 0.000000e+00
24 115 2.072220e-03 2.608770e-02 0 1 1 2 1.990382e-14 0.000000e+00
24 116 2.072220e-03 3.284247e-02 0 1 1 2 1.685253e-14 0.000000e+00
24 117 2.072220e-03 4.134622e-02 0 1 1 2 1.385157e-14 0.000000e+00
24 118 2.072220e-03 5.205181e-02 0 1 1 2 1.098036e-14 0.000000e+00
24 119 2.072220e-03 6.552935e-02 0 1 1 2 8.333840e-15 0.000000e+00
25 100 2.608770e-03 8.249656e-04 0 1 1 2 5.831340e-14 0.000000e+00
25 101 2.608770e-03 1.038570e-03 0 1 1 2 5.869091e-14 0.000000e+00
25 102 2.608770e-03 1.307482e-03 0 1 1 2 5.932930e-14 0.000000e+00
25 103 2.608770e-03 1.646023e-03 0 1 1 2 6.045365e-14 0.000000e+00
25 104 2.608770e-03 2.072220e-03 0 1 1 2 6.254603e-14 0.000000e+00
25 105 2.608770e-03 2.608770e-03 0 1 1 2 6.359343e-14 0.000000e+00
25 106 2.608770e-03 3.284247e-03 0 1 1 2 5.600383e-14 0.000000e+00
25 107 2.608770e-03 4.134622e-03 0 1 1 2 4.854886e-14 0.000000e+00
25 108 2.608770e-03 5.205181e-03 0 1 1 2 4.314745e-14 0.000000e+00
25 109 2.608770e-03 6.552935e-03 0 1 1 2 3.891374e-14 0.000000e+00
25 110 2.608770e-03 8.249656e-03 0 1 1 2 3.532908e-14 0.000000e+00
25 111 2.608770e-03 1.038570e-02 0 1 1 2 3.208866e-14 0.000000e+00
25 112 2.608770e-03 1.307482e-02 0 1 1 2 2.900928e-14 0.000000e+00
25 113 2.608770e-03 1.646023e-02 0 1 1 2 2.598295e-14 0.000000e+00
25 114 2.608770e-03 2.072220e-02 0 1 1 2 2.295325e-14 0.000000e+00
25 115 2.608770e-03 2.608770e-02 0 1 1 2 1.990373e-14 0.000000e+00
25 116 2.608770e-03 3.284247e-02 0 1 1 2 1.685305e-14 0.000000e+00
25 117 2.608770e-03 4.134622e-02 0 1 1 2 1.385244e-14 0.000000e+00
25 118 2.608770e-03 5.205181e-02 0 1 1 2 1.098136e-14 0.000000e+00
25 119 2.608770e-03 6.552935e-02 0 1 1 2 8.334711e-15 0.000000e+00
26 100 3.284247e-03 8.249656e-04 0 1 1 2 5.198540e-14 0.000000e+00
26 101 3.284247e-03 1.038570e-03 0 1 1 2 5.217659e-14 0.000000e+00
26 102 3.284247e-03 1.307482e-03 0 1 1 2 5.249508e-14 0.000000e+00
26 103 3.284247e-03 1.646023e-03 0 1 1 2 5.304346e-14 0.000000e+00
26 104 3.284247e-03 2.072220e-03 0 1 1 2 5.403866e-14 0.000000e+00
26 105 3.284247e-03 2.608770e-03 0 1 1 2 5.600383e-14 0.000000e+00
26 106 3.284247e-03 3.284247e-03 0 1 1 2 5.719859e-14 0.000000e+00
26 107 3.284247e-03 4.134622e-03 0 1 1 2 5.031138e-14 0.000000e+00
26 108 3.284247e-03 5.205181e-03 0 1 1 2 4.381098e-14 0.000000e+00
26 109 3.284247e-03 6.552935e-03 0 1 1 2 3.915735e-14 0.000000e+00
26 110 3.284247e-03 8.249656e-03 0 1 1 2 3.541327e-14 0.000000e+00
26 111 3.284247e-03 1.038570e-02 0 1 1 2 3.211382e-14 0.000000e+00
26 112 3.284247e-03 1.307482e-02 0 1 1 2 2.901427e-14 0.000000e+00
26 113 3.284247e-03 1.646023e-02 0 1 1 2 2.598239e-14 0.000000e+00
26 114 3.284247e-03 2.072220e-02 0 1 1 2 2.295221e-14 0.000000e+00
26 115 3.284247e-03 2.608770e-02 0 1 1 2 1.990359e-14 0.000000e+00
26 116 3.284247e-03 3.284247e-02 0 1 1 2 1.685385e-14 0.000000e+00
26 117 3.284247e-03 4.134622e-02 0 1 1 2 1.385383e-14 0.000000e+00
26 118 3.284247e-03 5.205181e-02 0 1 1 2 1.098293e-14 0.000000e+00
26 119 3.284247e-03 6.552935e-02 0 1 1 2 8.336092e-15 0.000000e+00
27 100 4.134622e-03 8.249656e-04 0 1 1 2 4.677290e-14 0.000000e+00
27 101 4.134622e-03 1.038570e-03 0 1 1 2 4.686440e-14 0.000000e+00
27 102 4.134622e-03 1.307482e-03 0 1 1 2 4.701478e-14 0.000000e+00
27 103 4.134622e-03 1.646023e-03 0 1 1 2 4.726858e-14 0.000000e+00
27 104 4.134622e-03 2.072220e-03 0 1 1 2 4.771361e-14 0.000000e+00
27 105 4.134622e-03 2.608770e-03 0 1 1 2 4.854886e-14 0.000000e+00
27 106 4.134622e-03 3.284247e-03 0 1 1 2 5.031138e-14 0.000000e+00
27 107 4.134622e-03 4.134622e-03 0 1 1 2 5.154529e-14 0.000000e+00
27 108 4.134622e-03 5.205181e-03 0 1 1 2 4.532111e-14 0.000000e+00
27 109 4.134622e-03 6.552935e-03 0 1 1 2 3.965404e-14 0.000000e+00
27 110 4.134622e-03 8.249656e-03 0 1 1 2 3.557388e-14 0.000000e+00
27 111 4.134622e-03 1.038570e-02 0 1 1 2 3.216040e-14 0.000000e+00
27 112 4.134622e-03 1.307482e-02 0 1 1 2 2.902379e-14 0.000000e+00
27 113 4.134622e-03 1.646023e-02 0 1 1 2 2.598188e-14 0.000000e+00
27 114 4.134622e-03 2.072220e-02 0 1 1 2 2.295062e-14 0.000000e+00
27 115 4.134622e-03 2.608770e-02 0 1 1 2 1.990336e-14 0.000000e+00
27 116 4.134622e-03 3.284247e-02 0 1 1 2 1.685512e-14 0.000000e+00
27 117 4.134622e-03 4.134622e-02 0 1 1 2 1.385605e-14 0.000000e+00
27 118 4.134622e-03 5.205181e-02 0 1 1 2 1.098541e-14 0.000000e+00
27 119 4.134622e-03 6.552935e-02 0 1 1 2 8.338284e-15 0.000000e+00
28 100 5.205181e-03 8.249656e-04 0 1 1 2 4.239774e-14 0.000000e+00
28 101 5.205181e-03 1.038570e-03 0 1 1 2 4.243895e-14 0.000000e+00
28 102 5.205181e-03 1.307482e-03 0 1 1 2 4.250586e-14 0.000000e+00
28 103 5.205181e-03 1.646023e-03 0 1 1 2 4.261714e-14 0.000000e+00
28 104 5.205181e-03 2.072220e-03 0 1 1 2 4.280706e-14 0.000000e+00
28 105 5.205181e-03 2.608770e-03 0 1 1 2 4.314745e-14 0.000000e+00
28 106 5.205181e-03 3.284247e-03 0 1 1 2 4.381098e-14 0.000000e+00
28 107 5.205181e-03 4.134622e-03 0 1 1 2 4.532111e-14 0.000000e+00
28 108 5.205181e-03 5.205181e-03 0 1 1 2 4.649993e-14 0.000000e+00
28 109 5.205181e-03 6.552935e-03 0 1 1 2 4.088893e-14 0.000000e+00
28 110 5.205181e-03 8.249656e-03 0 1 1 2 3.592099e-14 0.000000e+00
28 111 5.205181e-03 1.038570e-02 0 1 1 2 3.225475e-14 0.000000e+00
28 112 5.205181e-03 1.307482e-02 0 1 1 2 2.904347e-14 0.000000e+00
28 113 5.205181e-03 1.646023e-02 0 1 1 2 2.598202e-14 0.000000e+00
28 114 5.205181e-03 2.072220e-02 0 1 1 2 2.294827e-14 0.000000e+00
28 115 5.205181e-03 2.608770e-02 0 1 1 2 1.990301e-14 0.000000e+00
28 116 5.205181e-03 3.284247e-02 0 1 1 2 1.685713e-14 0.000000e+00
28 117 5.205181e-03 4.134622e-02 0 1 1 2 1.385955e-14 0.000000e+00
28 118 5.205181e-03 5.205181e-02 0 1 1 2 1.098933e-14 0.000000e+00
28 119 5.205181e-03 6.552935e-02 0 1 1 2 8.341759e-15 0.000000e+00
29 100 6.552935e-03 8.249656e-04 0 1 1 2 3.861459e-14 0.000000e+00
29 101 6.552935e-03 1.038570e-03 0 1 1 2 3.863183e-14 0.000000e+00
29 102 6.552935e-03 1.307482e-03 0 1 1 2 3.865948e-14 0.000000e+00
29 103 6.552935e-03 1.646023e-03 0 1 1 2 3.870505e-14 0.000000e+00
29 104 6.552935e-03 2.072220e-03 0 1 1 2 3.878132e-14 0.000000e+00
29 105 6.552935e-03 2.608770e-03 0 1 1 2 3.891374e-14 0.000000e+00
29 106 6.552935e-03 3.284247e-03 0 1 1 2 3.915735e-14 0.000000e+00
29 107 6.552935e-03 4.134622e-03 0 1 1 2 3.965404e-14 0.000000e+00
29 108 6.552935e-03 5.205181e-03 0 1 1 2 4.088893e-14 0.000000e+00
29 109 6.552935e-03 6.552935e-03 0 1 1 2 4.193815e-14 0.000000e+00
29 110 6.552935e-03 8.249656e-03 0 1 1 2 3.688241e-14 0.000000e+00
29 111 6.552935e-03 1.038570e-02 0 1 1 2 3.247710e-14 0.000000e+00
29 112 6.552935e-03 1.307482e-02 0 1 1 2 2.908910e-14 0.000000e+00
29 113 6.552935e-03 1.646023e-02 0 1 1 2 2.598508e-14 0.000000e+00
29 114 6.552935e-03 2.072220e-02 0 1 1 2 2.294501e-14 0.000000e+00
29 115 6.552935e-03 2.608770e-02 0 1 1 2 1.990245e-14 0.000000e+00
29 116 6.552935e-03 3.284247e-02 0 1 1 2 1.686025e-14 0.000000e+00
29 117 6.552935e-03 4.134622e-02 0 1 1 2 1.386505e-14 0.000000e+00
29 118 6.552935e-03 5.205181e-02 0 1 1 2 1.099554e-14 0.000000e+00
29 119 6.552935e-03 6.552935e-02 0 1 1 2 8.347252e-15 0.000000e+00
30 100 8.249656e-03 8.249656e-04 0 1 1 2 3.522019e-14 0.000000e+00
30 101 8.249656e-03 1.038570e-03 0 1 1 2 3.522672e-14 0.000000e+00
30 102 8.249656e-03 1.307482e-03 0 1 1 2 3.523696e-14 0.000000e+00
30 103 8.249656e-03 1.646023e-03 0 1 1 2 3.525384e-14 0.000000e+00
30 104 8.249656e-03 2.072220e-03 0 1 1 2 3.528169e-14 0.000000e+00
30 105 8.249656e-03 2.608770e-03 0 1 1 2 3.532908e-14 0.000000e+00
30 106 8.249656e-03 3.284247e-03 0 1 1 2 3.541327e-14 0.000000e+00
30 107 8.249656e-03 4.134622e-03 0 1 1 2 3.557388e-14 0.000000e+00
30 108 8.249656e-03 5.205181e-03 0 1 1 2 3.592099e-14 0.000000e+00
30 109 8.249656e-03 6.552935e-03 0 1 1 2 3.688241e-14 0.000000e+00
30 110 8.249656e-03 8.249656e-03 0 1 1 2 3.775031e-14 0.000000e+00
30 111 8.249656e-03 1.038570e-02 0 1 1 2 3.318660e-14 0.000000e+00
30 112 8.249656e-03 1.307482e-02 0 1 1 2 2.921515e-14 0.000000e+00
30 113 8.249656e-03 1.646023e-02 0 1 1 2 2.599920e-14 0.000000e+00
30 114 8.249656e-03 2.072220e-02 0 1 1 2 2.294127e-14 0.000000e+00
30 115 8.249656e-03 2.608770e-02 0 1 1 2 1.990166e-14 0.000000e+00
30 116 8.249656e-03 3.284247e-02 0 1 1 2 1.686510e-14 0.000000e+00
30 117 8.249656e-03 4.134622e-02 0 1 1 2 1.387369e-14 0.000000e+00
30 118 8.249656e-03 5.205181e-02 0 1 1 2 1.100532e-14 0.000000e+00
30 119 8.249656e-03 6.552935e-02 0 1 1 2 8.355943e-15 0.000000e+00
31 100 1.038570e-02 8.249656e-04 0 1 1 2 3.205530e-14 0.000000e+00
31 101 1.038570e-02 1.038570e-03 0 1 1 2 3.205743e-14 0.000000e+00
31 102 1.038570e-02 1.307482e-03 0 1 1 2 3.206053e-14 0.000000e+00
31 103 1.038570e-02 1.646023e-03 0 1 1 2 3.206577e-14 0.000000e+00
31 104 1.038570e-02 2.072220e-03 0 1 1 2 3.207428e-14 0.000000e+00
31 105 1.038570e-02 2.608770e-03 0 1 1 2 3.208866e-14 0.000000e+00
31 106 1.038570e-02 3.284247e-03 0 1 1 2 3.211382e-14 0.000000e+00
31 107 1.038570e-02 4.134622e-03 0 1 1 2 3.216040e-14 0.000000e+00
31 108 1.038570e-02 5.205181e-03 0 1 1 2 3.225475e-14 0.000000e+00
31 109 1.038570e-02 6.552935e-03 0 1 1 2 3.247710e-14 0.000000e+00
31 110 1.038570e-02 8.249656e-03 0 1 1 2 3.318660e-14 0.000000e+00
31 111 1.038570e-02 1.038570e-02 0 1 1 2 3.384507e-14 0.000000e+00
31 112 1.038570e-02 1.307482e-02 0 1 1 2 2.970848e-14 0.000000e+00
31 113 1.038570e-02 1.646023e-02 0 1 1 2 2.605830e-14 0.000000e+00
31 114 1.038570e-02 2.072220e-02 0 1 1 2 2.294046e-14 0.000000e+00
31 115 1.038570e-02 2.608770e-02 0 1 1 2 1.990075e-14 0.000000e+00
31 116 1.038570e-02 3.284247e-02 0 1 1 2 1.687254e-14 0.000000e+00
31 117 1.038570e-02 4.134622e-02 0 1 1 2 1.388718e-14 0.000000e+00
31 118 1.038570e-02 5.205181e-02 0 1 1 2 1.102073e-14 0.000000e+00
31 119 1.038570e-02 6.552935e-02 0 1 1 2 8.369689e-15 0.000000e+00
32 100 1.307482e-02 8.249656e-04 0 1 1 2 2.900284e-14 0.000000e+00
32 101 1.307482e-02 1.038570e-03 0 1 1 2 2.900335e-14 0.000000e+00
32 102 1.307482e-02 1.307482e-03 0 1 1 2 2.900385e-14 0.000000e+00
32 103 1.307482e-02 1.646023e-03 0 1 1 2 2.900490e-14 0.000000e+00
32 104 1.307482e-02 2.072220e-03 0 1 1 2 2.900649e-14 0.000000e+00
32 105 1.307482e-02 2.608770e-03 0 1 1 2 2.900928e-14 0.000000e+00
32 106 1.307482e-02 3.284247e-03 0 1 1 2 2.901427e-14 0.000000e+00
32 107 1.307482e-02 4.134622e-03 0 1 1 2 2.902379e-14 0.000000e+00
32 108 1.307482e-02 5.205181e-03 0 1 1 2 2.904347e-14 0.000000e+00
32 109 1.307482e-02 6.552935e-03 0 1 1 2 2.908910e-14 0.000000e+00
32 110 1.307482e-02 8.249656e-03 0 1 1 2 2.921515e-14 0.000000e+00
32 111 1.307482e-02 1.038570e-02 0 1 1 2 2.970848e-14 0.000000e+00
32 112 1.307482e-02 1.307482e-02 0 1 1 2 3.015184e-14 0.000000e+00
32 113 1.307482e-02 1.646023e-02 0 1 1 2 2.638017e-14 0.000000e+00
32 114 1.307482e-02 2.072220e-02 0 1 1 2 2.296163e-14 0.000000e+00
32 115 1.307482e-02 2.608770e-02 0 1 1 2 1.990109e-14 0.000000e+00
32 116 1.307482e-02 3.284247e-02 0 1 1 2 1.688381e-14 0.000000e+00
32 117 1.307482e-02 4.134622e-02 0 1 1 2 1.390808e-14 0.000000e+00
32 118 1.307482e-02 5.205181e-02 0 1 1 2 1.104487e-14 0.000000e+00
32 119 1.307482e-02 6.552935e-02 0 1 1 2 8.391378e-15 0.000000e+00
33 100 1.646023e-02 8.249656e-04 0 1 1 2 2.598395e-14 0.000000e+00
33 101 1.646023e-02 1.038570e-03 0 1 1 2 2.598401e-14 0.000000e+00
33 102 1.646023e-02 1.307482e-03 0 1 1 2 2.598381e-14 0.000000e+00
33 103 1.646023e-02 1.646023e-03 0 1 1 2 2.598368e-14 0.000000e+00
33 104 1.646023e-02 2.072220e-03 0 1 1 2 2.598336e-14 0.000000e+00
33 105 1.646023e-02 2.608770e-03 0 1 1 2 2.598295e-14 0.000000e+00
33 106 1.646023e-02 3.284247e-03 0 1 1 2 2.598239e-14 0.000000e+00
33 107 1.646023e-02 4.134622e-03 0 1 1 2 2.598188e-14 0.000000e+00
33 108 1.646023e-02 5.205181e-03 0 1 1 2 2.598202e-14 0.000000e+00
33 109 1.646023e-02 6.552935e-03 0 1 1 2 2.598508e-14 0.000000e+00
33 110 1.646023e-02 8.249656e-03 0 1 1 2 2.599920e-14 0.000000e+00
33 111 1.646023e-02 1.038570e-02 0 1 1 2 2.605830e-14 0.000000e+00
33 112 1.646023e-02 1.307482e-02 0 1 1 2 2.638017e-14 0.000000e+00
33 113 1.646023e-02 1.646023e-02 0 1 1 2 2.662310e-14 0.000000e+00
33 114 1.646023e-02 2.072220e-02 0 1 1 2 2.316175e-14 0.000000e+00
33 115 1.646023e-02 2.608770e-02 0 1 1 2 1.991259e-14 0.000000e+00
33 116 1.646023e-02 3.284247e-02 0 1 1 2 1.690086e-14 0.000000e+00
33 117 1.646023e-02 4.134622e-02 0 1 1 2 1.393995e-14 0.000000e+00
33 118 1.646023e-02 5.205181e-02 0 1 1 2 1.108244e-14 0.000000e+00
33 119 1.646023e-02 6.552935e-02 0 1 1 2 8.425526e-15 0.000000e+00
34 100 2.072220e-02 8.249656e-04 0 1 1 2 2.295479e-14 0.000000e+00
34 101 2.072220e-02 1.038570e-03 0 1 1 2 2.295482e-14 0.000000e+00
34 102 2.072220e-02 1.307482e-03 0 1 1 2 2.295455e-14 0.000000e+00
34 103 2.072220e-02 1.646023e-03 0 1 1 2 2.295434e-14 0.000000e+00
34 104 2.072220e-02 2.072220e-03 0 1 1 2 2.295392e-14 0.000000e+00
34 105 2.072220e-02 2.608770e-03 0 1 1 2 2.295325e-14 0.000000e+00
34 106 2.072220e-02 3.284247e-03 0 1 1 2 2.295221e-14 0.000000e+00
34 107 2.072220e-02 4.134622e-03 0 1 1 2 2.295062e-14 0.000000e+00
34 108 2.072220e-02 5.205181e-03 0 1 1 2 2.294827e-14 0.000000e+00
34 109 2.072220e-02 6.552935e-03 0 1 1 2 2.294501e-14 0.000000e+00
34 110 2.072220e-02 8.249656e-03 0 1 1 2 2.294127e-14 0.000000e+00
34 111 2.072220e-02 1.038570e-02 0 1 1 2 2.294046e-14 0.000000e+00
34 112 2.072220e-02 1.307482e-02 0 1 1 2 2.296163e-14 0.000000e+00
34 113 2.072220e-02 1.646023e-02 0 1 1 2 2.316175e-14 0.000000e+00
34 114 2.072220e-02 2.072220e-02 0 1 1 2 2.323629e-14 0.000000e+00
34 115 2.072220e-02 2.608770e-02 0 1 1 2 2.004263e-14 0.000000e+00
34 116 2.072220e-02 3.284247e-02 0 1 1 2 1.692968e-14 0.000000e+00
34 117 2.072220e-02 4.134622e-02 0 1 1 2 1.398754e-14 0.000000e+00
34 118 2.072220e-02 5.205181e-02 0 1 1 2 1.114024e-14 0.000000e+00
34 119 2.072220e-02 6.552935e-02 0 1 1 2 8.479036e-15 0.000000e+00
35 100 2.608770e-02 8.249656e-04 0 1 1 2 1.990381e-14 0.000000e+00
35 101 2.608770e-02 1.038570e-03 0 1 1 2 1.990393e-14 0.000000e+00
35 102 2.608770e-02 1.307482e-03 0 1 1 2 1.990383e-14 0.000000e+00
35 103 2.608770e-02 1.646023e-03 0 1 1 2 1.990389e-14 0.000000e+00
35 104 2.608770e-02 2.072220e-03 0 1 1 2 1.990382e-14 0.000000e+00
35 105 2.608770e-02 2.608770e-03 0 1 1 2 1.990373e-14 0.000000e+00
35 106 2.608770e-02 3.284247e-03 0 1 1 2 1.990359e-14 0.000000e+00
35 107 2.608770e-02 4.134622e-03 0 1 1 2 1.990336e-14 0.000000e+00
35 108 2.608770e-02 5.205181e-03 0 1 1 2 1.990301e-14 0.000000e+00
35 109 2.608770e-02 6.552935e-03 0 1 1 2 1.990245e-14 0.000000e+00
35 110 2.608770e-02 8.249656e-03 0 1 1 2 1.990166e-14 0.000000e+00
35 111 2.608770e-02 1.038570e-02 0 1 1 2 1.990075e-14 0.000000e+00
35 112 2.608770e-02 1.307482e-02 0 1 1 2 1.990109e-14 0.000000e+00
35 113 2.608770e-02 1.646023e-02 0 1 1 2 1.991259e-14 0.000000e+00
35 114 2.608770e-02 2.072220e-02 0 1 1 2 2.004263e-14 0.000000e+00
35 115 2.608770e-02 2.608770e-02 0 1 1 2 1.999457e-14 0.000000e+00
35 116 2.608770e-02 3.284247e-02 0 1 1 2 1.704051e-14 0.000000e+00
35 117 2.608770e-02 4.134622e-02 0 1 1 2 1.405745e-14 0.000000e+00
35 118 2.608770e-02 5.205181e-02 0 1 1 2 1.122741e-14 0.000000e+00
35 119 2.608770e-02 6.552935e-02 0 1 1 2 8.562241e-15 0.000000e+00
36 100 3.284247e-02 8.249656e-04 0 1 1 2 1.685167e-14 0.000000e+00
36 101 3.284247e-02 1.038570e-03 0 1 1 2 1.685189e-14 0.000000e+00
36 102 3.284247e-02 1.307482e-03 0 1 1 2 1.685194e-14 0.000000e+00
36 103 3.284247e-02 1.646023e-03 0 1 1 2 1.685222e-14 0.000000e+00
36 104 3.284247e-02 2.072220e-03 0 1 1 2 1.685253e-14 0.000000e+00
36 105 3.284247e-02 2.608770e-03 0 1 1 2 1.685305e-14 0.000000e+00
36 106 3.284247e-02 3.284247e-03 0 1 1 2 1.685385e-14 0.000000e+00
36 107 3.284247e-02 4.134622e-03 0 1 1 2 1.685512e-14 0.000000e+00
36 108 3.284247e-02 5.205181e-03 0 1 1 2 1.685713e-14 0.000000e+00
36 109 3.284247e-02 6.552935e-03 0 1 1 2 1.686025e-14 0.000000e+00
36 110 3.284247e-02 8.249656e-03 0 1 1 2 1.686510e-14 0.000000e+00
36 111 3.284247e-02 1.038570e-02 0 1 1 2 1.687254e-14 0.000000e+00
36 112 3.284247e-02 1.307482e-02 0 1 1 2 1.688381e-14 0.000000e+00
36 113 3.284247e-02 1.646023e-02 0 1 1 2 1.690086e-14 0.000000e+00
36 114 3.284247e-02 2.072220e-02 0 1 1 2 1.692968e-14 0.000000e+00
36 115 3.284247e-02 2.608770e-02 0 1 1 2 1.704051e-14 0.000000e+00
36 116 3.284247e-02 3.284247e-02 0 1 1 2 1.692428e-14 0.000000e+00
36 117 3.284247e-02 4.134622e-02 0 1 1 2 1.419481e-14 0.000000e+00
36 118 3.284247e-02 5.205181e-02 0 1 1 2 1.135479e-14 0.000000e+00
36 119 3.284247e-02 6.552935e-02 0 1 1 2 8.689755e-15 0.000000e+00
37 100 4.134622e-02 8.249656e-04 0 1 1 2 1.385014e-14 0.000000e+00
37 101 4.134622e-02 1.038570e-03 0 1 1 2 1.385043e-14 0.000000e+00
37 102 4.134622e-02 1.307482e-03 0 1 1 2 1.385059e-14 0.000000e+00
37 103 4.134622e-02 1.646023e-03 0 1 1 2 1.385102e-14 0.000000e+00
37 104 4.134622e-02 2.072220e-03 0 1 1 2 1.385157e-14 0.000000e+00
37 105 4.134622e-02 2.608770e-03 0 1 1 2 1.385244e-14 0.000000e+00
37 106 4.134622e-02 3.284247e-03 0 1 1 2 1.385383e-14 0.000000e+00
37 107 4.134622e-02 4.134622e-03 0 1 1 2 1.385605e-14 0.000000e+00
37 108 4.134622e-02 5.205181e-03 0 1 1 2 1.385955e-14 0.000000e+00
37 109 4.134622e-02 6.552935e-03 0 1 1 2 1.386505e-14 0.000000e+00
37 110 4.134622e-02 8.249656e-03 0 1 1 2 1.387369e-14 0.000000e+00
37 111 4.134622e-02 1.038570e-02 0 1 1 2 1.388718e-14 0.000000e+00
37 112 4.134622e-02 1.307482e-02 0 1 1 2 1.390808e-14 0.000000e+00
37 113 4.134622e-02 1.646023e-02 0 1 1 2 1.393995e-14 0.000000e+00
37 114 4.134622e-02 2.072220e-02 0 1 1 2 1.398754e-14 0.000000e+00
37 115 4.134622e-02 2.608770e-02 0 1 1 2 1.405745e-14 0.000000e+00
37 116 4.134622e-02 3.284247e-02 0 1 1 2 1.419481e-14 0.000000e+00
37 117 4.134622e-02 4.134622e-02 0 1 1 2 1.406560e-14 0.000000e+00
37 118 4.134622e-02 5.205181e-02 0 1 1 2 1.155339e-14 0.000000e+00
37 119 4.134622e-02 6.552935e-02 0 1 1 2 8.879790e-15 0.000000e+00
38 100 5.205181e-02 8.249656e-04 0 1 1 2 1.097883e-14 0.000000e+00
38 101 5.205181e-02 1.038570e-03 0 1 1 2 1.097912e-14 0.000000e+00
38 102 5.205181e-02 1.307482e-03 0 1 1 2 1.097929e-14 0.000000e+00
38 103 5.205181e-02 1.646023e-03 0 1 1 2 1.097975e-14 0.000000e+00
38 104 5.205181e-02 2.072220e-03 0 1 1 2 1.098036e-14 0.000000e+00
38 105 5.205181e-02 2.608770e-03 0 1 1 2 1.098136e-14 0.000000e+00
38 106 5.205181e-02 3.284247e-03 0 1 1 2 1.098293e-14 0.000000e+00
38 107 5.205181e-02 4.134622e-03 0 1 1 2 1.098541e-14 0.000000e+00
38 108 5.205181e-02 5.205181e-03 0 1 1 2 1.098933e-14 0.000000e+00
38 109 5.205181e-02 6.552935e-03 0 1 1 2 1.099554e-14 0.000000e+00
38 110 5.205181e-02 8.249656e-03 0 1 1 2 1.100532e-14 0.000000e+00
38 111 5.205181e-02 1.038570e-02 0 1 1 2 1.102073e-14 0.000000e+00
38 112 5.205181e-02 1.307482e-02 0 1 1 2 1.104487e-14 0.000000e+00
38 113 5.205181e-02 1.646023e-02 0 1 1 2 1.108244e-14 0.000000e+00
38 114 5.205181e-02 2.072220e-02 0 1 1 2 1.114024e-14 0.000000e+00
38 115 5.205181e-02 2.608770e-02 0 1 1 2 1.122741e-14 0.000000e+00
38 116 5.205181e-02 3.284247e-02 0 1 1 2 1.135479e-14 0.000000e+00
38 117 5.205181e-02 4.134622e-02 0 1 1 2 1.155339e-14 0.000000e+00
38 118 5.205181e-02 5.205181e-02 0 1 1 2 1.145896e-14 0.000000e+00
38 119 5.205181e-02 6.552935e-02 0 1 1 2 9.159971e-15 0.000000e+00
39 100 6.552935e-02 8.249656e-04 0 1 1 2 8.332453e-15 0.000000e+00
39 101 6.552935e-02 1.038570e-03 0 1 1 2 8.332724e-15 0.000000e+00
39 102 6.552935e-02 1.307482e-03 0 1 1 2 8.332882e-15 0.000000e+00
39 103 6.552935e-02 1.646023e-03 0 1 1 2 8.333300e-15 0.000000e+00
39 104 6.552935e-02 2.072220e-03 0 1 1 2 8.333840e-15 0.000000e+00
39 105 6.552935e-02 2.608770e-03 0 1 1 2 8.334711e-15 0.000000e+00
39 106 6.552935e-02 3.284247e-03 0 1 1 2 8.336092e-15 0.000000e+00
39 107 6.552935e-02 4.134622e-03 0 1 1 2 8.338284e-15 0.000000e+00
39 108 6.552935e-02 5.205181e-03 0 1 1 2 8.341759e-15 0.000000e+00
39 109 6.552935e-02 6.552935e-03 0 1 1 2 8.347252e-15 0.000000e+00
39 110 6.552935e-02 8.249656e-03 0 1 1 2 8.355943e-15 0.000000e+00
39 111 6.552935e-02 1.038570e-02 0 1 1 2 8.369689e-15 0.000000e+00
39 112 6.552935e-02 1.307482e-02 0 1 1 2 8.391378e-15 0.000000e+00
39 113 6.552935e-02 1.646023e-02 0 1 1 2 8.425526e-15 0.000000e+00
39 114 6.552935e-02 2.072220e-02 0 1 1 2 8.479036e-15 0.000000e+00
39 115 6.552935e-02 2.608770e-02 0 1 1 2 8.562241e-15 0.000000e+00
39 116 6.552935e-02 3.284247e-02 0 1 1 2 8.689755e-15 0.000000e+00
39 117 6.552935e-02 4.134622e-02 0 1 1 2 8.879790e-15 0.000000e+00
39 118 6.552935e-02 5.205181e-02 0 1 1 2 9.159971e-15 0.000000e+00
39 119 6.552935e-02 6.552935e-02 0 1 1 2 9.137866e-15 0.000000e+00
