# Please cite the following papers in research using this covariance:
# arXiv: 1601.05779, https://arxiv.org/abs/1601.05779
# arXiv: 1911.11947, https://arxiv.org/abs/1911.11947
# arXiv: 2004.04833, https://arxiv.org/abs/2004.04833
########################################################
100 160 8.249656e-04 8.249656e-04 1 2 2 3 2.408774e-13 0.000000e+00
100 161 8.249656e-04 1.038570e-03 1 2 2 3 2.198405e-13 0.000000e+00
100 162 8.249656e-04 1.307482e-03 1 2 2 3 1.958420e-13 0.000000e+00
100 163 8.249656e-04 1.646023e-03 1 2 2 3 1.755573e-13 0.000000e+00
100 164 8.249656e-04 2.072220e-03 1 2 2 3 1.587851e-13 0.000000e+00
100 165 8.249656e-04 2.608770e-03 1 2 2 3 1.449044e-13 0.000000e+00
100 166 8.249656e-04 3.284247e-03 1 2 2 3 1.332434e-13 0.000000e+00
100 167 8.249656e-04 4.134622e-03 1 2 2 3 1.231774e-13 0.000000e+00
100 168 8.249656e-04 5.205181e-03 1 2 2 3 1.141619e-13 0.000000e+00
100 169 8.249656e-04 6.552935e-03 1 2 2 3 1.057423e-13 0.000000e+00
100 170 8.249656e-04 8.249656e-03 1 2 2 3 9.755439e-14 0.000000e+00
100 171 8.249656e-04 1.038570e-02 1 2 2 3 8.932194e-14 0.000000e+00
100 172 8.249656e-04 1.307482e-02 1 2 2 3 8.085597e-14 0.000000e+00
100 173 8.249656e-04 1.646023e-02 1 2 2 3 7.205699e-14 0.000000e+00
100 174 8.249656e-04 2.072220e-02 1 2 2 3 6.292234e-14 0.000000e+00
100 175 8.249656e-04 2.608770e-02 1 2 2 3 5.355533e-14 0.000000e+00
100 176 8.249656e-04 3.284247e-02 1 2 2 3 4.416825e-14 0.000000e+00
100 177 8.249656e-04 4.134622e-02 1 2 2 3 3.506734e-14 0.000000e+00
100 178 8.249656e-04 5.205181e-02 1 2 2 3 2.661014e-14 0.000000e+00
100 179 8.249656e-04 6.552935e-02 1 2 2 3 1.911699e-14 0.000000e+00
101 160 1.038570e-03 8.249656e-04 1 2 2 3 2.198405e-13 0.000000e+00
101 161 1.038570e-03 1.038570e-03 1 2 2 3 2.194592e-13 0.000000e+00
101 162 1.038570e-03 1.307482e-03 1 2 2 3 1.997144e-13 0.000000e+00
101 163 1.038570e-03 1.646023e-03 1 2 2 3 1.778258e-13 0.000000e+00
101 164 1.038570e-03 2.072220e-03 1 2 2 3 1.599790e-13 0.000000e+00
101 165 1.038570e-03 2.608770e-03 1 2 2 3 1.454924e-13 0.000000e+00
101 166 1.038570e-03 3.284247e-03 1 2 2 3 1.335140e-13 0.000000e+00
101 167 1.038570e-03 4.134622e-03 1 2 2 3 1.232913e-13 0.000000e+00
101 168 1.038570e-03 5.205181e-03 1 2 2 3 1.142032e-13 0.000000e+00
101 169 1.038570e-03 6.552935e-03 1 2 2 3 1.057527e-13 0.000000e+00
101 170 1.038570e-03 8.249656e-03 1 2 2 3 9.755333e-14 0.000000e+00
101 171 1.038570e-03 1.038570e-02 1 2 2 3 8.931806e-14 0.000000e+00
101 172 1.038570e-03 1.307482e-02 1 2 2 3 8.085248e-14 0.000000e+00
101 173 1.038570e-03 1.646023e-02 1 2 2 3 7.205484e-14 0.000000e+00
101 174 1.038570e-03 2.072220e-02 1 2 2 3 6.292153e-14 0.000000e+00
101 175 1.038570e-03 2.608770e-02 1 2 2 3 5.355551e-14 0.000000e+00
101 176 1.038570e-03 3.284247e-02 1 2 2 3 4.416900e-14 0.000000e+00
101 177 1.038570e-03 4.134622e-02 1 2 2 3 3.506835e-14 0.000000e+00
101 178 1.038570e-03 5.205181e-02 1 2 2 3 2.661109e-14 0.000000e+00
101 179 1.038570e-03 6.552935e-02 1 2 2 3 1.911778e-14 0.000000e+00
102 160 1.307482e-03 8.249656e-04 1 2 2 3 1.958420e-13 0.000000e+00
102 161 1.307482e-03 1.038570e-03 1 2 2 3 1.997144e-13 0.000000e+00
102 162 1.307482e-03 1.307482e-03 1 2 2 3 2.002178e-13 0.000000e+00
102 163 1.307482e-03 1.646023e-03 1 2 2 3 1.818305e-13 0.000000e+00
102 164 1.307482e-03 2.072220e-03 1 2 2 3 1.620847e-13 0.000000e+00
102 165 1.307482e-03 2.608770e-03 1 2 2 3 1.465060e-13 0.000000e+00
102 166 1.307482e-03 3.284247e-03 1 2 2 3 1.339712e-13 0.000000e+00
102 167 1.307482e-03 4.134622e-03 1 2 2 3 1.234808e-13 0.000000e+00
102 168 1.307482e-03 5.205181e-03 1 2 2 3 1.142709e-13 0.000000e+00
102 169 1.307482e-03 6.552935e-03 1 2 2 3 1.057693e-13 0.000000e+00
102 170 1.307482e-03 8.249656e-03 1 2 2 3 9.755131e-14 0.000000e+00
102 171 1.307482e-03 1.038570e-02 1 2 2 3 8.931129e-14 0.000000e+00
102 172 1.307482e-03 1.307482e-02 1 2 2 3 8.084629e-14 0.000000e+00
102 173 1.307482e-03 1.646023e-02 1 2 2 3 7.205081e-14 0.000000e+00
102 174 1.307482e-03 2.072220e-02 1 2 2 3 6.291958e-14 0.000000e+00
102 175 1.307482e-03 2.608770e-02 1 2 2 3 5.355518e-14 0.000000e+00
102 176 1.307482e-03 3.284247e-02 1 2 2 3 4.416959e-14 0.000000e+00
102 177 1.307482e-03 4.134622e-02 1 2 2 3 3.506932e-14 0.000000e+00
102 178 1.307482e-03 5.205181e-02 1 2 2 3 2.661202e-14 0.000000e+00
102 179 1.307482e-03 6.552935e-02 1 2 2 3 1.911847e-14 0.000000e+00
103 160 1.646023e-03 8.249656e-04 1 2 2 3 1.755573e-13 0.000000e+00
103 161 1.646023e-03 1.038570e-03 1 2 2 3 1.778258e-13 0.000000e+00
103 162 1.646023e-03 1.307482e-03 1 2 2 3 1.818305e-13 0.000000e+00
103 163 1.646023e-03 1.646023e-03 1 2 2 3 1.830315e-13 0.000000e+00
103 164 1.646023e-03 2.072220e-03 1 2 2 3 1.660141e-13 0.000000e+00
103 165 1.646023e-03 2.608770e-03 1 2 2 3 1.483531e-13 0.000000e+00
103 166 1.646023e-03 3.284247e-03 1 2 2 3 1.347778e-13 0.000000e+00
103 167 1.646023e-03 4.134622e-03 1 2 2 3 1.238076e-13 0.000000e+00
103 168 1.646023e-03 5.205181e-03 1 2 2 3 1.143867e-13 0.000000e+00
103 169 1.646023e-03 6.552935e-03 1 2 2 3 1.057984e-13 0.000000e+00
103 170 1.646023e-03 8.249656e-03 1 2 2 3 9.754912e-14 0.000000e+00
103 171 1.646023e-03 1.038570e-02 1 2 2 3 8.930114e-14 0.000000e+00
103 172 1.646023e-03 1.307482e-02 1 2 2 3 8.083698e-14 0.000000e+00
103 173 1.646023e-03 1.646023e-02 1 2 2 3 7.204483e-14 0.000000e+00
103 174 1.646023e-03 2.072220e-02 1 2 2 3 6.291695e-14 0.000000e+00
103 175 1.646023e-03 2.608770e-02 1 2 2 3 5.355508e-14 0.000000e+00
103 176 1.646023e-03 3.284247e-02 1 2 2 3 4.417093e-14 0.000000e+00
103 177 1.646023e-03 4.134622e-02 1 2 2 3 3.507126e-14 0.000000e+00
103 178 1.646023e-03 5.205181e-02 1 2 2 3 2.661386e-14 0.000000e+00
103 179 1.646023e-03 6.552935e-02 1 2 2 3 1.911991e-14 0.000000e+00
104 160 2.072220e-03 8.249656e-04 1 2 2 3 1.587851e-13 0.000000e+00
104 161 2.072220e-03 1.038570e-03 1 2 2 3 1.599790e-13 0.000000e+00
104 162 2.072220e-03 1.307482e-03 1 2 2 3 1.620847e-13 0.000000e+00
104 163 2.072220e-03 1.646023e-03 1 2 2 3 1.660141e-13 0.000000e+00
104 164 2.072220e-03 2.072220e-03 1 2 2 3 1.676936e-13 0.000000e+00
104 165 2.072220e-03 2.608770e-03 1 2 2 3 1.520188e-13 0.000000e+00
104 166 2.072220e-03 3.284247e-03 1 2 2 3 1.363026e-13 0.000000e+00
104 167 2.072220e-03 4.134622e-03 1 2 2 3 1.244001e-13 0.000000e+00
104 168 2.072220e-03 5.205181e-03 1 2 2 3 1.145919e-13 0.000000e+00
104 169 2.072220e-03 6.552935e-03 1 2 2 3 1.058504e-13 0.000000e+00
104 170 2.072220e-03 8.249656e-03 1 2 2 3 9.754707e-14 0.000000e+00
104 171 2.072220e-03 1.038570e-02 1 2 2 3 8.928518e-14 0.000000e+00
104 172 2.072220e-03 1.307482e-02 1 2 2 3 8.082201e-14 0.000000e+00
104 173 2.072220e-03 1.646023e-02 1 2 2 3 7.203508e-14 0.000000e+00
104 174 2.072220e-03 2.072220e-02 1 2 2 3 6.291256e-14 0.000000e+00
104 175 2.072220e-03 2.608770e-02 1 2 2 3 5.355463e-14 0.000000e+00
104 176 2.072220e-03 3.284247e-02 1 2 2 3 4.417280e-14 0.000000e+00
104 177 2.072220e-03 4.134622e-02 1 2 2 3 3.507406e-14 0.000000e+00
104 178 2.072220e-03 5.205181e-02 1 2 2 3 2.661655e-14 0.000000e+00
104 179 2.072220e-03 6.552935e-02 1 2 2 3 1.912196e-14 0.000000e+00
105 160 2.608770e-03 8.249656e-04 1 2 2 3 1.449044e-13 0.000000e+00
105 161 2.608770e-03 1.038570e-03 1 2 2 3 1.454924e-13 0.000000e+00
105 162 2.608770e-03 1.307482e-03 1 2 2 3 1.465060e-13 0.000000e+00
105 163 2.608770e-03 1.646023e-03 1 2 2 3 1.483531e-13 0.000000e+00
105 164 2.608770e-03 2.072220e-03 1 2 2 3 1.520188e-13 0.000000e+00
105 165 2.608770e-03 2.608770e-03 1 2 2 3 1.539487e-13 0.000000e+00
105 166 2.608770e-03 3.284247e-03 1 2 2 3 1.395539e-13 0.000000e+00
105 167 2.608770e-03 4.134622e-03 1 2 2 3 1.255747e-13 0.000000e+00
105 168 2.608770e-03 5.205181e-03 1 2 2 3 1.149815e-13 0.000000e+00
105 169 2.608770e-03 6.552935e-03 1 2 2 3 1.059503e-13 0.000000e+00
105 170 2.608770e-03 8.249656e-03 1 2 2 3 9.754826e-14 0.000000e+00
105 171 2.608770e-03 1.038570e-02 1 2 2 3 8.926095e-14 0.000000e+00
105 172 2.608770e-03 1.307482e-02 1 2 2 3 8.079850e-14 0.000000e+00
105 173 2.608770e-03 1.646023e-02 1 2 2 3 7.201969e-14 0.000000e+00
105 174 2.608770e-03 2.072220e-02 1 2 2 3 6.290557e-14 0.000000e+00
105 175 2.608770e-03 2.608770e-02 1 2 2 3 5.355391e-14 0.000000e+00
105 176 2.608770e-03 3.284247e-02 1 2 2 3 4.417579e-14 0.000000e+00
105 177 2.608770e-03 4.134622e-02 1 2 2 3 3.507849e-14 0.000000e+00
105 178 2.608770e-03 5.205181e-02 1 2 2 3 2.662085e-14 0.000000e+00
105 179 2.608770e-03 6.552935e-02 1 2 2 3 1.912522e-14 0.000000e+00
106 160 3.284247e-03 8.249656e-04 1 2 2 3 1.332434e-13 0.000000e+00
106 161 3.284247e-03 1.038570e-03 1 2 2 3 1.335140e-13 0.000000e+00
106 162 3.284247e-03 1.307482e-03 1 2 2 3 1.339712e-13 0.000000e+00
106 163 3.284247e-03 1.646023e-03 1 2 2 3 1.347778e-13 0.000000e+00
106 164 3.284247e-03 2.072220e-03 1 2 2 3 1.363026e-13 0.000000e+00
106 165 3.284247e-03 2.608770e-03 1 2 2 3 1.395539e-13 0.000000e+00
106 166 3.284247e-03 3.284247e-03 1 2 2 3 1.415149e-13 0.000000e+00
106 167 3.284247e-03 4.134622e-03 1 2 2 3 1.283083e-13 0.000000e+00
106 168 3.284247e-03 5.205181e-03 1 2 2 3 1.158094e-13 0.000000e+00
106 169 3.284247e-03 6.552935e-03 1 2 2 3 1.061603e-13 0.000000e+00
106 170 3.284247e-03 8.249656e-03 1 2 2 3 9.756279e-14 0.000000e+00
106 171 3.284247e-03 1.038570e-02 1 2 2 3 8.922540e-14 0.000000e+00
106 172 3.284247e-03 1.307482e-02 1 2 2 3 8.076171e-14 0.000000e+00
106 173 3.284247e-03 1.646023e-02 1 2 2 3 7.199527e-14 0.000000e+00
106 174 3.284247e-03 2.072220e-02 1 2 2 3 6.289442e-14 0.000000e+00
106 175 3.284247e-03 2.608770e-02 1 2 2 3 5.355274e-14 0.000000e+00
106 176 3.284247e-03 3.284247e-02 1 2 2 3 4.418049e-14 0.000000e+00
106 177 3.284247e-03 4.134622e-02 1 2 2 3 3.508553e-14 0.000000e+00
106 178 3.284247e-03 5.205181e-02 1 2 2 3 2.662767e-14 0.000000e+00
106 179 3.284247e-03 6.552935e-02 1 2 2 3 1.913040e-14 0.000000e+00
107 160 4.134622e-03 8.249656e-04 1 2 2 3 1.231774e-13 0.000000e+00
107 161 4.134622e-03 1.038570e-03 1 2 2 3 1.232913e-13 0.000000e+00
107 162 4.134622e-03 1.307482e-03 1 2 2 3 1.234808e-13 0.000000e+00
107 163 4.134622e-03 1.646023e-03 1 2 2 3 1.238076e-13 0.000000e+00
107 164 4.134622e-03 2.072220e-03 1 2 2 3 1.244001e-13 0.000000e+00
107 165 4.134622e-03 2.608770e-03 1 2 2 3 1.255747e-13 0.000000e+00
107 166 4.134622e-03 3.284247e-03 1 2 2 3 1.283083e-13 0.000000e+00
107 167 4.134622e-03 4.134622e-03 1 2 2 3 1.301063e-13 0.000000e+00
107 168 4.134622e-03 5.205181e-03 1 2 2 3 1.179726e-13 0.000000e+00
107 169 4.134622e-03 6.552935e-03 1 2 2 3 1.066693e-13 0.000000e+00
107 170 4.134622e-03 8.249656e-03 1 2 2 3 9.762455e-14 0.000000e+00
107 171 4.134622e-03 1.038570e-02 1 2 2 3 8.917732e-14 0.000000e+00
107 172 4.134622e-03 1.307482e-02 1 2 2 3 8.070485e-14 0.000000e+00
107 173 4.134622e-03 1.646023e-02 1 2 2 3 7.195663e-14 0.000000e+00
107 174 4.134622e-03 2.072220e-02 1 2 2 3 6.287659e-14 0.000000e+00
107 175 4.134622e-03 2.608770e-02 1 2 2 3 5.355075e-14 0.000000e+00
107 176 4.134622e-03 3.284247e-02 1 2 2 3 4.418786e-14 0.000000e+00
107 177 4.134622e-03 4.134622e-02 1 2 2 3 3.509669e-14 0.000000e+00
107 178 4.134622e-03 5.205181e-02 1 2 2 3 2.663845e-14 0.000000e+00
107 179 4.134622e-03 6.552935e-02 1 2 2 3 1.913862e-14 0.000000e+00
108 160 5.205181e-03 8.249656e-04 1 2 2 3 1.141619e-13 0.000000e+00
108 161 5.205181e-03 1.038570e-03 1 2 2 3 1.142032e-13 0.000000e+00
108 162 5.205181e-03 1.307482e-03 1 2 2 3 1.142709e-13 0.000000e+00
108 163 5.205181e-03 1.646023e-03 1 2 2 3 1.143867e-13 0.000000e+00
108 164 5.205181e-03 2.072220e-03 1 2 2 3 1.145919e-13 0.000000e+00
108 165 5.205181e-03 2.608770e-03 1 2 2 3 1.149815e-13 0.000000e+00
108 166 5.205181e-03 3.284247e-03 1 2 2 3 1.158094e-13 0.000000e+00
108 167 5.205181e-03 4.134622e-03 1 2 2 3 1.179726e-13 0.000000e+00
108 168 5.205181e-03 5.205181e-03 1 2 2 3 1.194507e-13 0.000000e+00
108 169 5.205181e-03 6.552935e-03 1 2 2 3 1.082579e-13 0.000000e+00
108 170 5.205181e-03 8.249656e-03 1 2 2 3 9.786039e-14 0.000000e+00
108 171 5.205181e-03 1.038570e-02 1 2 2 3 8.912745e-14 0.000000e+00
108 172 5.205181e-03 1.307482e-02 1 2 2 3 8.061911e-14 0.000000e+00
108 173 5.205181e-03 1.646023e-02 1 2 2 3 7.189556e-14 0.000000e+00
108 174 5.205181e-03 2.072220e-02 1 2 2 3 6.284795e-14 0.000000e+00
108 175 5.205181e-03 2.608770e-02 1 2 2 3 5.354730e-14 0.000000e+00
108 176 5.205181e-03 3.284247e-02 1 2 2 3 4.419941e-14 0.000000e+00
108 177 5.205181e-03 4.134622e-02 1 2 2 3 3.511427e-14 0.000000e+00
108 178 5.205181e-03 5.205181e-02 1 2 2 3 2.665550e-14 0.000000e+00
108 179 5.205181e-03 6.552935e-02 1 2 2 3 1.915165e-14 0.000000e+00
109 160 6.552935e-03 8.249656e-04 1 2 2 3 1.057423e-13 0.000000e+00
109 161 6.552935e-03 1.038570e-03 1 2 2 3 1.057527e-13 0.000000e+00
109 162 6.552935e-03 1.307482e-03 1 2 2 3 1.057693e-13 0.000000e+00
109 163 6.552935e-03 1.646023e-03 1 2 2 3 1.057984e-13 0.000000e+00
109 164 6.552935e-03 2.072220e-03 1 2 2 3 1.058504e-13 0.000000e+00
109 165 6.552935e-03 2.608770e-03 1 2 2 3 1.059503e-13 0.000000e+00
109 166 6.552935e-03 3.284247e-03 1 2 2 3 1.061603e-13 0.000000e+00
109 167 6.552935e-03 4.134622e-03 1 2 2 3 1.066693e-13 0.000000e+00
109 168 6.552935e-03 5.205181e-03 1 2 2 3 1.082579e-13 0.000000e+00
109 169 6.552935e-03 6.552935e-03 1 2 2 3 1.093045e-13 0.000000e+00
109 170 6.552935e-03 8.249656e-03 1 2 2 3 9.891176e-14 0.000000e+00
109 171 6.552935e-03 1.038570e-02 1 2 2 3 8.914808e-14 0.000000e+00
109 172 6.552935e-03 1.307482e-02 1 2 2 3 8.049836e-14 0.000000e+00
109 173 6.552935e-03 1.646023e-02 1 2 2 3 7.179976e-14 0.000000e+00
109 174 6.552935e-03 2.072220e-02 1 2 2 3 6.280161e-14 0.000000e+00
109 175 6.552935e-03 2.608770e-02 1 2 2 3 5.354104e-14 0.000000e+00
109 176 6.552935e-03 3.284247e-02 1 2 2 3 4.421727e-14 0.000000e+00
109 177 6.552935e-03 4.134622e-02 1 2 2 3 3.514194e-14 0.000000e+00
109 178 6.552935e-03 5.205181e-02 1 2 2 3 2.668247e-14 0.000000e+00
109 179 6.552935e-03 6.552935e-02 1 2 2 3 1.917228e-14 0.000000e+00
110 160 8.249656e-03 8.249656e-04 1 2 2 3 9.755439e-14 0.000000e+00
110 161 8.249656e-03 1.038570e-03 1 2 2 3 9.755333e-14 0.000000e+00
110 162 8.249656e-03 1.307482e-03 1 2 2 3 9.755131e-14 0.000000e+00
110 163 8.249656e-03 1.646023e-03 1 2 2 3 9.754912e-14 0.000000e+00
110 164 8.249656e-03 2.072220e-03 1 2 2 3 9.754707e-14 0.000000e+00
110 165 8.249656e-03 2.608770e-03 1 2 2 3 9.754826e-14 0.000000e+00
110 166 8.249656e-03 3.284247e-03 1 2 2 3 9.756279e-14 0.000000e+00
110 167 8.249656e-03 4.134622e-03 1 2 2 3 9.762455e-14 0.000000e+00
110 168 8.249656e-03 5.205181e-03 1 2 2 3 9.786039e-14 0.000000e+00
110 169 8.249656e-03 6.552935e-03 1 2 2 3 9.891176e-14 0.000000e+00
110 170 8.249656e-03 8.249656e-03 1 2 2 3 9.946493e-14 0.000000e+00
110 171 8.249656e-03 1.038570e-02 1 2 2 3 8.973352e-14 0.000000e+00
110 172 8.249656e-03 1.307482e-02 1 2 2 3 8.037083e-14 0.000000e+00
110 173 8.249656e-03 1.646023e-02 1 2 2 3 7.165319e-14 0.000000e+00
110 174 8.249656e-03 2.072220e-02 1 2 2 3 6.272613e-14 0.000000e+00
110 175 8.249656e-03 2.608770e-02 1 2 2 3 5.352920e-14 0.000000e+00
110 176 8.249656e-03 3.284247e-02 1 2 2 3 4.424452e-14 0.000000e+00
110 177 8.249656e-03 4.134622e-02 1 2 2 3 3.518529e-14 0.000000e+00
110 178 8.249656e-03 5.205181e-02 1 2 2 3 2.672503e-14 0.000000e+00
110 179 8.249656e-03 6.552935e-02 1 2 2 3 1.920497e-14 0.000000e+00
111 160 1.038570e-02 8.249656e-04 1 2 2 3 8.932194e-14 0.000000e+00
111 161 1.038570e-02 1.038570e-03 1 2 2 3 8.931806e-14 0.000000e+00
111 162 1.038570e-02 1.307482e-03 1 2 2 3 8.931129e-14 0.000000e+00
111 163 1.038570e-02 1.646023e-03 1 2 2 3 8.930114e-14 0.000000e+00
111 164 1.038570e-02 2.072220e-03 1 2 2 3 8.928518e-14 0.000000e+00
111 165 1.038570e-02 2.608770e-03 1 2 2 3 8.926095e-14 0.000000e+00
111 166 1.038570e-02 3.284247e-03 1 2 2 3 8.922540e-14 0.000000e+00
111 167 1.038570e-02 4.134622e-03 1 2 2 3 8.917732e-14 0.000000e+00
111 168 1.038570e-02 5.205181e-03 1 2 2 3 8.912745e-14 0.000000e+00
111 169 1.038570e-02 6.552935e-03 1 2 2 3 8.914808e-14 0.000000e+00
111 170 1.038570e-02 8.249656e-03 1 2 2 3 8.973352e-14 0.000000e+00
111 171 1.038570e-02 1.038570e-02 1 2 2 3 8.978278e-14 0.000000e+00
111 172 1.038570e-02 1.307482e-02 1 2 2 3 8.058913e-14 0.000000e+00
111 173 1.038570e-02 1.646023e-02 1 2 2 3 7.145250e-14 0.000000e+00
111 174 1.038570e-02 2.072220e-02 1 2 2 3 6.260300e-14 0.000000e+00
111 175 1.038570e-02 2.608770e-02 1 2 2 3 5.350569e-14 0.000000e+00
111 176 1.038570e-02 3.284247e-02 1 2 2 3 4.428499e-14 0.000000e+00
111 177 1.038570e-02 4.134622e-02 1 2 2 3 3.525274e-14 0.000000e+00
111 178 1.038570e-02 5.205181e-02 1 2 2 3 2.679206e-14 0.000000e+00
111 179 1.038570e-02 6.552935e-02 1 2 2 3 1.925679e-14 0.000000e+00
112 160 1.307482e-02 8.249656e-04 1 2 2 3 8.085597e-14 0.000000e+00
112 161 1.307482e-02 1.038570e-03 1 2 2 3 8.085248e-14 0.000000e+00
112 162 1.307482e-02 1.307482e-03 1 2 2 3 8.084629e-14 0.000000e+00
112 163 1.307482e-02 1.646023e-03 1 2 2 3 8.083698e-14 0.000000e+00
112 164 1.307482e-02 2.072220e-03 1 2 2 3 8.082201e-14 0.000000e+00
112 165 1.307482e-02 2.608770e-03 1 2 2 3 8.079850e-14 0.000000e+00
112 166 1.307482e-02 3.284247e-03 1 2 2 3 8.076171e-14 0.000000e+00
112 167 1.307482e-02 4.134622e-03 1 2 2 3 8.070485e-14 0.000000e+00
112 168 1.307482e-02 5.205181e-03 1 2 2 3 8.061911e-14 0.000000e+00
112 169 1.307482e-02 6.552935e-03 1 2 2 3 8.049836e-14 0.000000e+00
112 170 1.307482e-02 8.249656e-03 1 2 2 3 8.037083e-14 0.000000e+00
112 171 1.307482e-02 1.038570e-02 1 2 2 3 8.058913e-14 0.000000e+00
112 172 1.307482e-02 1.307482e-02 1 2 2 3 8.017523e-14 0.000000e+00
112 173 1.307482e-02 1.646023e-02 1 2 2 3 7.142441e-14 0.000000e+00
112 174 1.307482e-02 2.072220e-02 1 2 2 3 6.241079e-14 0.000000e+00
112 175 1.307482e-02 2.608770e-02 1 2 2 3 5.345711e-14 0.000000e+00
112 176 1.307482e-02 3.284247e-02 1 2 2 3 4.434219e-14 0.000000e+00
112 177 1.307482e-02 4.134622e-02 1 2 2 3 3.535639e-14 0.000000e+00
112 178 1.307482e-02 5.205181e-02 1 2 2 3 2.689716e-14 0.000000e+00
112 179 1.307482e-02 6.552935e-02 1 2 2 3 1.933885e-14 0.000000e+00
113 160 1.646023e-02 8.249656e-04 1 2 2 3 7.205699e-14 0.000000e+00
113 161 1.646023e-02 1.038570e-03 1 2 2 3 7.205484e-14 0.000000e+00
113 162 1.646023e-02 1.307482e-03 1 2 2 3 7.205081e-14 0.000000e+00
113 163 1.646023e-02 1.646023e-03 1 2 2 3 7.204483e-14 0.000000e+00
113 164 1.646023e-02 2.072220e-03 1 2 2 3 7.203508e-14 0.000000e+00
113 165 1.646023e-02 2.608770e-03 1 2 2 3 7.201969e-14 0.000000e+00
113 166 1.646023e-02 3.284247e-03 1 2 2 3 7.199527e-14 0.000000e+00
113 167 1.646023e-02 4.134622e-03 1 2 2 3 7.195663e-14 0.000000e+00
113 168 1.646023e-02 5.205181e-03 1 2 2 3 7.189556e-14 0.000000e+00
113 169 1.646023e-02 6.552935e-03 1 2 2 3 7.179976e-14 0.000000e+00
113 170 1.646023e-02 8.249656e-03 1 2 2 3 7.165319e-14 0.000000e+00
113 171 1.646023e-02 1.038570e-02 1 2 2 3 7.145250e-14 0.000000e+00
113 172 1.646023e-02 1.307482e-02 1 2 2 3 7.142441e-14 0.000000e+00
113 173 1.646023e-02 1.646023e-02 1 2 2 3 7.063658e-14 0.000000e+00
113 174 1.646023e-02 2.072220e-02 1 2 2 3 6.227321e-14 0.000000e+00
113 175 1.646023e-02 2.608770e-02 1 2 2 3 5.335779e-14 0.000000e+00
113 176 1.646023e-02 3.284247e-02 1 2 2 3 4.441503e-14 0.000000e+00
113 177 1.646023e-02 4.134622e-02 1 2 2 3 3.551225e-14 0.000000e+00
113 178 1.646023e-02 5.205181e-02 1 2 2 3 2.706080e-14 0.000000e+00
113 179 1.646023e-02 6.552935e-02 1 2 2 3 1.946873e-14 0.000000e+00
114 160 2.072220e-02 8.249656e-04 1 2 2 3 6.292234e-14 0.000000e+00
114 161 2.072220e-02 1.038570e-03 1 2 2 3 6.292153e-14 0.000000e+00
114 162 2.072220e-02 1.307482e-03 1 2 2 3 6.291958e-14 0.000000e+00
114 163 2.072220e-02 1.646023e-03 1 2 2 3 6.291695e-14 0.000000e+00
114 164 2.072220e-02 2.072220e-03 1 2 2 3 6.291256e-14 0.000000e+00
114 165 2.072220e-02 2.608770e-03 1 2 2 3 6.290557e-14 0.000000e+00
114 166 2.072220e-02 3.284247e-03 1 2 2 3 6.289442e-14 0.000000e+00
114 167 2.072220e-02 4.134622e-03 1 2 2 3 6.287659e-14 0.000000e+00
114 168 2.072220e-02 5.205181e-03 1 2 2 3 6.284795e-14 0.000000e+00
114 169 2.072220e-02 6.552935e-03 1 2 2 3 6.280161e-14 0.000000e+00
114 170 2.072220e-02 8.249656e-03 1 2 2 3 6.272613e-14 0.000000e+00
114 171 2.072220e-02 1.038570e-02 1 2 2 3 6.260300e-14 0.000000e+00
114 172 2.072220e-02 1.307482e-02 1 2 2 3 6.241079e-14 0.000000e+00
114 173 2.072220e-02 1.646023e-02 1 2 2 3 6.227321e-14 0.000000e+00
114 174 2.072220e-02 2.072220e-02 1 2 2 3 6.124246e-14 0.000000e+00
114 175 2.072220e-02 2.608770e-02 1 2 2 3 5.325523e-14 0.000000e+00
114 176 2.072220e-02 3.284247e-02 1 2 2 3 4.448657e-14 0.000000e+00
114 177 2.072220e-02 4.134622e-02 1 2 2 3 3.573705e-14 0.000000e+00
114 178 2.072220e-02 5.205181e-02 1 2 2 3 2.731232e-14 0.000000e+00
114 179 2.072220e-02 6.552935e-02 1 2 2 3 1.967386e-14 0.000000e+00
115 160 2.608770e-02 8.249656e-04 1 2 2 3 5.355533e-14 0.000000e+00
115 161 2.608770e-02 1.038570e-03 1 2 2 3 5.355551e-14 0.000000e+00
115 162 2.608770e-02 1.307482e-03 1 2 2 3 5.355518e-14 0.000000e+00
115 163 2.608770e-02 1.646023e-03 1 2 2 3 5.355508e-14 0.000000e+00
115 164 2.608770e-02 2.072220e-03 1 2 2 3 5.355463e-14 0.000000e+00
115 165 2.608770e-02 2.608770e-03 1 2 2 3 5.355391e-14 0.000000e+00
115 166 2.608770e-02 3.284247e-03 1 2 2 3 5.355274e-14 0.000000e+00
115 167 2.608770e-02 4.134622e-03 1 2 2 3 5.355075e-14 0.000000e+00
115 168 2.608770e-02 5.205181e-03 1 2 2 3 5.354730e-14 0.000000e+00
115 169 2.608770e-02 6.552935e-03 1 2 2 3 5.354104e-14 0.000000e+00
115 170 2.608770e-02 8.249656e-03 1 2 2 3 5.352920e-14 0.000000e+00
115 171 2.608770e-02 1.038570e-02 1 2 2 3 5.350569e-14 0.000000e+00
115 172 2.608770e-02 1.307482e-02 1 2 2 3 5.345711e-14 0.000000e+00
115 173 2.608770e-02 1.646023e-02 1 2 2 3 5.335779e-14 0.000000e+00
115 174 2.608770e-02 2.072220e-02 1 2 2 3 5.325523e-14 0.000000e+00
115 175 2.608770e-02 2.608770e-02 1 2 2 3 5.214125e-14 0.000000e+00
115 176 2.608770e-02 3.284247e-02 1 2 2 3 4.455554e-14 0.000000e+00
115 177 2.608770e-02 4.134622e-02 1 2 2 3 3.603372e-14 0.000000e+00
115 178 2.608770e-02 5.205181e-02 1 2 2 3 2.768942e-14 0.000000e+00
115 179 2.608770e-02 6.552935e-02 1 2 2 3 1.999630e-14 0.000000e+00
116 160 3.284247e-02 8.249656e-04 1 2 2 3 4.416825e-14 0.000000e+00
116 161 3.284247e-02 1.038570e-03 1 2 2 3 4.416900e-14 0.000000e+00
116 162 3.284247e-02 1.307482e-03 1 2 2 3 4.416959e-14 0.000000e+00
116 163 3.284247e-02 1.646023e-03 1 2 2 3 4.417093e-14 0.000000e+00
116 164 3.284247e-02 2.072220e-03 1 2 2 3 4.417280e-14 0.000000e+00
116 165 3.284247e-02 2.608770e-03 1 2 2 3 4.417579e-14 0.000000e+00
116 166 3.284247e-02 3.284247e-03 1 2 2 3 4.418049e-14 0.000000e+00
116 167 3.284247e-02 4.134622e-03 1 2 2 3 4.418786e-14 0.000000e+00
116 168 3.284247e-02 5.205181e-03 1 2 2 3 4.419941e-14 0.000000e+00
116 169 3.284247e-02 6.552935e-03 1 2 2 3 4.421727e-14 0.000000e+00
116 170 3.284247e-02 8.249656e-03 1 2 2 3 4.424452e-14 0.000000e+00
116 171 3.284247e-02 1.038570e-02 1 2 2 3 4.428499e-14 0.000000e+00
116 172 3.284247e-02 1.307482e-02 1 2 2 3 4.434219e-14 0.000000e+00
116 173 3.284247e-02 1.646023e-02 1 2 2 3 4.441503e-14 0.000000e+00
116 174 3.284247e-02 2.072220e-02 1 2 2 3 4.448657e-14 0.000000e+00
116 175 3.284247e-02 2.608770e-02 1 2 2 3 4.455554e-14 0.000000e+00
116 176 3.284247e-02 3.284247e-02 1 2 2 3 4.352286e-14 0.000000e+00
116 177 3.284247e-02 4.134622e-02 1 2 2 3 3.637917e-14 0.000000e+00
116 178 3.284247e-02 5.205181e-02 1 2 2 3 2.822485e-14 0.000000e+00
116 179 3.284247e-02 6.552935e-02 1 2 2 3 2.049688e-14 0.000000e+00
117 160 4.134622e-02 8.249656e-04 1 2 2 3 3.506734e-14 0.000000e+00
117 161 4.134622e-02 1.038570e-03 1 2 2 3 3.506835e-14 0.000000e+00
117 162 4.134622e-02 1.307482e-03 1 2 2 3 3.506932e-14 0.000000e+00
117 163 4.134622e-02 1.646023e-03 1 2 2 3 3.507126e-14 0.000000e+00
117 164 4.134622e-02 2.072220e-03 1 2 2 3 3.507406e-14 0.000000e+00
117 165 4.134622e-02 2.608770e-03 1 2 2 3 3.507849e-14 0.000000e+00
117 166 4.134622e-02 3.284247e-03 1 2 2 3 3.508553e-14 0.000000e+00
117 167 4.134622e-02 4.134622e-03 1 2 2 3 3.509669e-14 0.000000e+00
117 168 4.134622e-02 5.205181e-03 1 2 2 3 3.511427e-14 0.000000e+00
117 169 4.134622e-02 6.552935e-03 1 2 2 3 3.514194e-14 0.000000e+00
117 170 4.134622e-02 8.249656e-03 1 2 2 3 3.518529e-14 0.000000e+00
117 171 4.134622e-02 1.038570e-02 1 2 2 3 3.525274e-14 0.000000e+00
117 172 4.134622e-02 1.307482e-02 1 2 2 3 3.535639e-14 0.000000e+00
117 173 4.134622e-02 1.646023e-02 1 2 2 3 3.551225e-14 0.000000e+00
117 174 4.134622e-02 2.072220e-02 1 2 2 3 3.573705e-14 0.000000e+00
117 175 4.134622e-02 2.608770e-02 1 2 2 3 3.603372e-14 0.000000e+00
117 176 4.134622e-02 3.284247e-02 1 2 2 3 3.637917e-14 0.000000e+00
117 177 4.134622e-02 4.134622e-02 1 2 2 3 3.556817e-14 0.000000e+00
117 178 4.134622e-02 5.205181e-02 1 2 2 3 2.890351e-14 0.000000e+00
117 179 4.134622e-02 6.552935e-02 1 2 2 3 2.124834e-14 0.000000e+00
118 160 5.205181e-02 8.249656e-04 1 2 2 3 2.661014e-14 0.000000e+00
118 161 5.205181e-02 1.038570e-03 1 2 2 3 2.661109e-14 0.000000e+00
118 162 5.205181e-02 1.307482e-03 1 2 2 3 2.661202e-14 0.000000e+00
118 163 5.205181e-02 1.646023e-03 1 2 2 3 2.661386e-14 0.000000e+00
118 164 5.205181e-02 2.072220e-03 1 2 2 3 2.661655e-14 0.000000e+00
118 165 5.205181e-02 2.608770e-03 1 2 2 3 2.662085e-14 0.000000e+00
118 166 5.205181e-02 3.284247e-03 1 2 2 3 2.662767e-14 0.000000e+00
118 167 5.205181e-02 4.134622e-03 1 2 2 3 2.663845e-14 0.000000e+00
118 168 5.205181e-02 5.205181e-03 1 2 2 3 2.665550e-14 0.000000e+00
118 169 5.205181e-02 6.552935e-03 1 2 2 3 2.668247e-14 0.000000e+00
118 170 5.205181e-02 8.249656e-03 1 2 2 3 2.672503e-14 0.000000e+00
118 171 5.205181e-02 1.038570e-02 1 2 2 3 2.679206e-14 0.000000e+00
118 172 5.205181e-02 1.307482e-02 1 2 2 3 2.689716e-14 0.000000e+00
118 173 5.205181e-02 1.646023e-02 1 2 2 3 2.706080e-14 0.000000e+00
118 174 5.205181e-02 2.072220e-02 1 2 2 3 2.731232e-14 0.000000e+00
118 175 5.205181e-02 2.608770e-02 1 2 2 3 2.768942e-14 0.000000e+00
118 176 5.205181e-02 3.284247e-02 1 2 2 3 2.822485e-14 0.000000e+00
118 177 5.205181e-02 4.134622e-02 1 2 2 3 2.890351e-14 0.000000e+00
118 178 5.205181e-02 5.205181e-02 1 2 2 3 2.842053e-14 0.000000e+00
118 179 5.205181e-02 6.552935e-02 1 2 2 3 2.227641e-14 0.000000e+00
119 160 6.552935e-02 8.249656e-04 1 2 2 3 1.911699e-14 0.000000e+00
119 161 6.552935e-02 1.038570e-03 1 2 2 3 1.911778e-14 0.000000e+00
119 162 6.552935e-02 1.307482e-03 1 2 2 3 1.911847e-14 0.000000e+00
119 163 6.552935e-02 1.646023e-03 1 2 2 3 1.911991e-14 0.000000e+00
119 164 6.552935e-02 2.072220e-03 1 2 2 3 1.912196e-14 0.000000e+00
119 165 6.552935e-02 2.608770e-03 1 2 2 3 1.912522e-14 0.000000e+00
119 166 6.552935e-02 3.284247e-03 1 2 2 3 1.913040e-14 0.000000e+00
119 167 6.552935e-02 4.134622e-03 1 2 2 3 1.913862e-14 0.000000e+00
119 168 6.552935e-02 5.205181e-03 1 2 2 3 1.915165e-14 0.000000e+00
119 169 6.552935e-02 6.552935e-03 1 2 2 3 1.917228e-14 0.000000e+00
119 170 6.552935e-02 8.249656e-03 1 2 2 3 1.920497e-14 0.000000e+00
119 171 6.552935e-02 1.038570e-02 1 2 2 3 1.925679e-14 0.000000e+00
119 172 6.552935e-02 1.307482e-02 1 2 2 3 1.933885e-14 0.000000e+00
119 173 6.552935e-02 1.646023e-02 1 2 2 3 1.946873e-14 0.000000e+00
119 174 6.552935e-02 2.072220e-02 1 2 2 3 1.967386e-14 0.000000e+00
119 175 6.552935e-02 2.608770e-02 1 2 2 3 1.999630e-14 0.000000e+00
119 176 6.552935e-02 3.284247e-02 1 2 2 3 2.049688e-14 0.000000e+00
119 177 6.552935e-02 4.134622e-02 1 2 2 3 2.124834e-14 0.000000e+00
119 178 6.552935e-02 5.205181e-02 1 2 2 3 2.227641e-14 0.000000e+00
119 179 6.552935e-02 6.552935e-02 1 2 2 3 2.220044e-14 0.000000e+00
