# Please cite the following papers in research using this covariance:
# arXiv: 1601.05779, https://arxiv.org/abs/1601.05779
# arXiv: 1911.11947, https://arxiv.org/abs/1911.11947
# arXiv: 2004.04833, https://arxiv.org/abs/2004.04833
########################################################
0 160 8.249656e-04 8.249656e-04 0 0 2 3 3.240642e-14 0.000000e+00
0 161 8.249656e-04 1.038570e-03 0 0 2 3 3.211392e-14 0.000000e+00
0 162 8.249656e-04 1.307482e-03 0 0 2 3 3.169021e-14 0.000000e+00
0 163 8.249656e-04 1.646023e-03 0 0 2 3 3.113493e-14 0.000000e+00
0 164 8.249656e-04 2.072220e-03 0 0 2 3 3.045820e-14 0.000000e+00
0 165 8.249656e-04 2.608770e-03 0 0 2 3 2.967658e-14 0.000000e+00
0 166 8.249656e-04 3.284247e-03 0 0 2 3 2.880735e-14 0.000000e+00
0 167 8.249656e-04 4.134622e-03 0 0 2 3 2.786298e-14 0.000000e+00
0 168 8.249656e-04 5.205181e-03 0 0 2 3 2.684683e-14 0.000000e+00
0 169 8.249656e-04 6.552935e-03 0 0 2 3 2.575109e-14 0.000000e+00
0 170 8.249656e-04 8.249656e-03 0 0 2 3 2.455750e-14 0.000000e+00
0 171 8.249656e-04 1.038570e-02 0 0 2 3 2.324057e-14 0.000000e+00
0 172 8.249656e-04 1.307482e-02 0 0 2 3 2.177255e-14 0.000000e+00
0 173 8.249656e-04 1.646023e-02 0 0 2 3 2.012954e-14 0.000000e+00
0 174 8.249656e-04 2.072220e-02 0 0 2 3 1.829839e-14 0.000000e+00
0 175 8.249656e-04 2.608770e-02 0 0 2 3 1.628374e-14 0.000000e+00
0 176 8.249656e-04 3.284247e-02 0 0 2 3 1.411455e-14 0.000000e+00
0 177 8.249656e-04 4.134622e-02 0 0 2 3 1.184827e-14 0.000000e+00
0 178 8.249656e-04 5.205181e-02 0 0 2 3 9.569716e-15 0.000000e+00
0 179 8.249656e-04 6.552935e-02 0 0 2 3 7.382252e-15 0.000000e+00
1 160 1.038570e-03 8.249656e-04 0 0 2 3 3.211392e-14 0.000000e+00
1 161 1.038570e-03 1.038570e-03 0 0 2 3 3.190252e-14 0.000000e+00
1 162 1.038570e-03 1.307482e-03 0 0 2 3 3.155582e-14 0.000000e+00
1 163 1.038570e-03 1.646023e-03 0 0 2 3 3.105613e-14 0.000000e+00
1 164 1.038570e-03 2.072220e-03 0 0 2 3 3.041480e-14 0.000000e+00
1 165 1.038570e-03 2.608770e-03 0 0 2 3 2.965349e-14 0.000000e+00
1 166 1.038570e-03 3.284247e-03 0 0 2 3 2.879476e-14 0.000000e+00
1 167 1.038570e-03 4.134622e-03 0 0 2 3 2.785536e-14 0.000000e+00
1 168 1.038570e-03 5.205181e-03 0 0 2 3 2.684148e-14 0.000000e+00
1 169 1.038570e-03 6.552935e-03 0 0 2 3 2.574693e-14 0.000000e+00
1 170 1.038570e-03 8.249656e-03 0 0 2 3 2.455420e-14 0.000000e+00
1 171 1.038570e-03 1.038570e-02 0 0 2 3 2.323803e-14 0.000000e+00
1 172 1.038570e-03 1.307482e-02 0 0 2 3 2.177072e-14 0.000000e+00
1 173 1.038570e-03 1.646023e-02 0 0 2 3 2.012833e-14 0.000000e+00
1 174 1.038570e-03 2.072220e-02 0 0 2 3 1.829769e-14 0.000000e+00
1 175 1.038570e-03 2.608770e-02 0 0 2 3 1.628342e-14 0.000000e+00
1 176 1.038570e-03 3.284247e-02 0 0 2 3 1.411449e-14 0.000000e+00
1 177 1.038570e-03 4.134622e-02 0 0 2 3 1.184837e-14 0.000000e+00
1 178 1.038570e-03 5.205181e-02 0 0 2 3 9.569898e-15 0.000000e+00
1 179 1.038570e-03 6.552935e-02 0 0 2 3 7.382456e-15 0.000000e+00
2 160 1.307482e-03 8.249656e-04 0 0 2 3 3.169021e-14 0.000000e+00
2 161 1.307482e-03 1.038570e-03 0 0 2 3 3.155582e-14 0.000000e+00
2 162 1.307482e-03 1.307482e-03 0 0 2 3 3.131798e-14 0.000000e+00
2 163 1.307482e-03 1.646023e-03 0 0 2 3 3.091629e-14 0.000000e+00
2 164 1.307482e-03 2.072220e-03 0 0 2 3 3.033883e-14 0.000000e+00
2 165 1.307482e-03 2.608770e-03 0 0 2 3 2.961380e-14 0.000000e+00
2 166 1.307482e-03 3.284247e-03 0 0 2 3 2.877355e-14 0.000000e+00
2 167 1.307482e-03 4.134622e-03 0 0 2 3 2.784271e-14 0.000000e+00
2 168 1.307482e-03 5.205181e-03 0 0 2 3 2.683267e-14 0.000000e+00
2 169 1.307482e-03 6.552935e-03 0 0 2 3 2.574007e-14 0.000000e+00
2 170 1.307482e-03 8.249656e-03 0 0 2 3 2.454870e-14 0.000000e+00
2 171 1.307482e-03 1.038570e-02 0 0 2 3 2.323375e-14 0.000000e+00
2 172 1.307482e-03 1.307482e-02 0 0 2 3 2.176755e-14 0.000000e+00
2 173 1.307482e-03 1.646023e-02 0 0 2 3 2.012615e-14 0.000000e+00
2 174 1.307482e-03 2.072220e-02 0 0 2 3 1.829631e-14 0.000000e+00
2 175 1.307482e-03 2.608770e-02 0 0 2 3 1.628265e-14 0.000000e+00
2 176 1.307482e-03 3.284247e-02 0 0 2 3 1.411414e-14 0.000000e+00
2 177 1.307482e-03 4.134622e-02 0 0 2 3 1.184828e-14 0.000000e+00
2 178 1.307482e-03 5.205181e-02 0 0 2 3 9.569938e-15 0.000000e+00
2 179 1.307482e-03 6.552935e-02 0 0 2 3 7.382539e-15 0.000000e+00
3 160 1.646023e-03 8.249656e-04 0 0 2 3 3.113493e-14 0.000000e+00
3 161 1.646023e-03 1.038570e-03 0 0 2 3 3.105613e-14 0.000000e+00
3 162 1.646023e-03 1.307482e-03 0 0 2 3 3.091629e-14 0.000000e+00
3 163 1.646023e-03 1.646023e-03 0 0 2 3 3.065625e-14 0.000000e+00
3 164 1.646023e-03 2.072220e-03 0 0 2 3 3.019876e-14 0.000000e+00
3 165 1.646023e-03 2.608770e-03 0 0 2 3 2.954302e-14 0.000000e+00
3 166 1.646023e-03 3.284247e-03 0 0 2 3 2.873729e-14 0.000000e+00
3 167 1.646023e-03 4.134622e-03 0 0 2 3 2.782200e-14 0.000000e+00
3 168 1.646023e-03 5.205181e-03 0 0 2 3 2.681866e-14 0.000000e+00
3 169 1.646023e-03 6.552935e-03 0 0 2 3 2.572933e-14 0.000000e+00
3 170 1.646023e-03 8.249656e-03 0 0 2 3 2.454016e-14 0.000000e+00
3 171 1.646023e-03 1.038570e-02 0 0 2 3 2.322713e-14 0.000000e+00
3 172 1.646023e-03 1.307482e-02 0 0 2 3 2.176270e-14 0.000000e+00
3 173 1.646023e-03 1.646023e-02 0 0 2 3 2.012286e-14 0.000000e+00
3 174 1.646023e-03 2.072220e-02 0 0 2 3 1.829430e-14 0.000000e+00
3 175 1.646023e-03 2.608770e-02 0 0 2 3 1.628160e-14 0.000000e+00
3 176 1.646023e-03 3.284247e-02 0 0 2 3 1.411375e-14 0.000000e+00
3 177 1.646023e-03 4.134622e-02 0 0 2 3 1.184829e-14 0.000000e+00
3 178 1.646023e-03 5.205181e-02 0 0 2 3 9.570156e-15 0.000000e+00
3 179 1.646023e-03 6.552935e-02 0 0 2 3 7.382817e-15 0.000000e+00
4 160 2.072220e-03 8.249656e-04 0 0 2 3 3.045820e-14 0.000000e+00
4 161 2.072220e-03 1.038570e-03 0 0 2 3 3.041480e-14 0.000000e+00
4 162 2.072220e-03 1.307482e-03 0 0 2 3 3.033883e-14 0.000000e+00
4 163 2.072220e-03 1.646023e-03 0 0 2 3 3.019876e-14 0.000000e+00
4 164 2.072220e-03 2.072220e-03 0 0 2 3 2.992037e-14 0.000000e+00
4 165 2.072220e-03 2.608770e-03 0 0 2 3 2.940610e-14 0.000000e+00
4 166 2.072220e-03 3.284247e-03 0 0 2 3 2.867127e-14 0.000000e+00
4 167 2.072220e-03 4.134622e-03 0 0 2 3 2.778659e-14 0.000000e+00
4 168 2.072220e-03 5.205181e-03 0 0 2 3 2.679576e-14 0.000000e+00
4 169 2.072220e-03 6.552935e-03 0 0 2 3 2.571208e-14 0.000000e+00
4 170 2.072220e-03 8.249656e-03 0 0 2 3 2.452648e-14 0.000000e+00
4 171 2.072220e-03 1.038570e-02 0 0 2 3 2.321651e-14 0.000000e+00
4 172 2.072220e-03 1.307482e-02 0 0 2 3 2.175490e-14 0.000000e+00
4 173 2.072220e-03 1.646023e-02 0 0 2 3 2.011753e-14 0.000000e+00
4 174 2.072220e-03 2.072220e-02 0 0 2 3 1.829099e-14 0.000000e+00
4 175 2.072220e-03 2.608770e-02 0 0 2 3 1.627982e-14 0.000000e+00
4 176 2.072220e-03 3.284247e-02 0 0 2 3 1.411302e-14 0.000000e+00
4 177 2.072220e-03 4.134622e-02 0 0 2 3 1.184821e-14 0.000000e+00
4 178 2.072220e-03 5.205181e-02 0 0 2 3 9.570392e-15 0.000000e+00
4 179 2.072220e-03 6.552935e-02 0 0 2 3 7.383149e-15 0.000000e+00
5 160 2.608770e-03 8.249656e-04 0 0 2 3 2.967658e-14 0.000000e+00
5 161 2.608770e-03 1.038570e-03 0 0 2 3 2.965349e-14 0.000000e+00
5 162 2.608770e-03 1.307482e-03 0 0 2 3 2.961380e-14 0.000000e+00
5 163 2.608770e-03 1.646023e-03 0 0 2 3 2.954302e-14 0.000000e+00
5 164 2.608770e-03 2.072220e-03 0 0 2 3 2.940610e-14 0.000000e+00
5 165 2.608770e-03 2.608770e-03 0 0 2 3 2.911239e-14 0.000000e+00
5 166 2.608770e-03 3.284247e-03 0 0 2 3 2.853870e-14 0.000000e+00
5 167 2.608770e-03 4.134622e-03 0 0 2 3 2.772266e-14 0.000000e+00
5 168 2.608770e-03 5.205181e-03 0 0 2 3 2.675763e-14 0.000000e+00
5 169 2.608770e-03 6.552935e-03 0 0 2 3 2.568442e-14 0.000000e+00
5 170 2.608770e-03 8.249656e-03 0 0 2 3 2.450478e-14 0.000000e+00
5 171 2.608770e-03 1.038570e-02 0 0 2 3 2.319968e-14 0.000000e+00
5 172 2.608770e-03 1.307482e-02 0 0 2 3 2.174252e-14 0.000000e+00
5 173 2.608770e-03 1.646023e-02 0 0 2 3 2.010908e-14 0.000000e+00
5 174 2.608770e-03 2.072220e-02 0 0 2 3 1.828575e-14 0.000000e+00
5 175 2.608770e-03 2.608770e-02 0 0 2 3 1.627700e-14 0.000000e+00
5 176 2.608770e-03 3.284247e-02 0 0 2 3 1.411188e-14 0.000000e+00
5 177 2.608770e-03 4.134622e-02 0 0 2 3 1.184808e-14 0.000000e+00
5 178 2.608770e-03 5.205181e-02 0 0 2 3 9.570778e-15 0.000000e+00
5 179 2.608770e-03 6.552935e-02 0 0 2 3 7.383690e-15 0.000000e+00
6 160 3.284247e-03 8.249656e-04 0 0 2 3 2.880735e-14 0.000000e+00
6 161 3.284247e-03 1.038570e-03 0 0 2 3 2.879476e-14 0.000000e+00
6 162 3.284247e-03 1.307482e-03 0 0 2 3 2.877355e-14 0.000000e+00
6 163 3.284247e-03 1.646023e-03 0 0 2 3 2.873729e-14 0.000000e+00
6 164 3.284247e-03 2.072220e-03 0 0 2 3 2.867127e-14 0.000000e+00
6 165 3.284247e-03 2.608770e-03 0 0 2 3 2.853870e-14 0.000000e+00
6 166 3.284247e-03 3.284247e-03 0 0 2 3 2.823037e-14 0.000000e+00
6 167 3.284247e-03 4.134622e-03 0 0 2 3 2.759235e-14 0.000000e+00
6 168 3.284247e-03 5.205181e-03 0 0 2 3 2.669080e-14 0.000000e+00
6 169 3.284247e-03 6.552935e-03 0 0 2 3 2.563943e-14 0.000000e+00
6 170 3.284247e-03 8.249656e-03 0 0 2 3 2.447021e-14 0.000000e+00
6 171 3.284247e-03 1.038570e-02 0 0 2 3 2.317296e-14 0.000000e+00
6 172 3.284247e-03 1.307482e-02 0 0 2 3 2.172287e-14 0.000000e+00
6 173 3.284247e-03 1.646023e-02 0 0 2 3 2.009565e-14 0.000000e+00
6 174 3.284247e-03 2.072220e-02 0 0 2 3 1.827742e-14 0.000000e+00
6 175 3.284247e-03 2.608770e-02 0 0 2 3 1.627252e-14 0.000000e+00
6 176 3.284247e-03 3.284247e-02 0 0 2 3 1.411005e-14 0.000000e+00
6 177 3.284247e-03 4.134622e-02 0 0 2 3 1.184788e-14 0.000000e+00
6 178 3.284247e-03 5.205181e-02 0 0 2 3 9.571389e-15 0.000000e+00
6 179 3.284247e-03 6.552935e-02 0 0 2 3 7.384547e-15 0.000000e+00
7 160 4.134622e-03 8.249656e-04 0 0 2 3 2.786298e-14 0.000000e+00
7 161 4.134622e-03 1.038570e-03 0 0 2 3 2.785536e-14 0.000000e+00
7 162 4.134622e-03 1.307482e-03 0 0 2 3 2.784271e-14 0.000000e+00
7 163 4.134622e-03 1.646023e-03 0 0 2 3 2.782200e-14 0.000000e+00
7 164 4.134622e-03 2.072220e-03 0 0 2 3 2.778659e-14 0.000000e+00
7 165 4.134622e-03 2.608770e-03 0 0 2 3 2.772266e-14 0.000000e+00
7 166 4.134622e-03 3.284247e-03 0 0 2 3 2.759235e-14 0.000000e+00
7 167 4.134622e-03 4.134622e-03 0 0 2 3 2.726725e-14 0.000000e+00
7 168 4.134622e-03 5.205181e-03 0 0 2 3 2.655757e-14 0.000000e+00
7 169 4.134622e-03 6.552935e-03 0 0 2 3 2.556359e-14 0.000000e+00
7 170 4.134622e-03 8.249656e-03 0 0 2 3 2.441482e-14 0.000000e+00
7 171 4.134622e-03 1.038570e-02 0 0 2 3 2.313050e-14 0.000000e+00
7 172 4.134622e-03 1.307482e-02 0 0 2 3 2.169164e-14 0.000000e+00
7 173 4.134622e-03 1.646023e-02 0 0 2 3 2.007429e-14 0.000000e+00
7 174 4.134622e-03 2.072220e-02 0 0 2 3 1.826416e-14 0.000000e+00
7 175 4.134622e-03 2.608770e-02 0 0 2 3 1.626538e-14 0.000000e+00
7 176 4.134622e-03 3.284247e-02 0 0 2 3 1.410714e-14 0.000000e+00
7 177 4.134622e-03 4.134622e-02 0 0 2 3 1.184755e-14 0.000000e+00
7 178 4.134622e-03 5.205181e-02 0 0 2 3 9.572354e-15 0.000000e+00
7 179 4.134622e-03 6.552935e-02 0 0 2 3 7.385905e-15 0.000000e+00
8 160 5.205181e-03 8.249656e-04 0 0 2 3 2.684683e-14 0.000000e+00
8 161 5.205181e-03 1.038570e-03 0 0 2 3 2.684148e-14 0.000000e+00
8 162 5.205181e-03 1.307482e-03 0 0 2 3 2.683267e-14 0.000000e+00
8 163 5.205181e-03 1.646023e-03 0 0 2 3 2.681866e-14 0.000000e+00
8 164 5.205181e-03 2.072220e-03 0 0 2 3 2.679576e-14 0.000000e+00
8 165 5.205181e-03 2.608770e-03 0 0 2 3 2.675763e-14 0.000000e+00
8 166 5.205181e-03 3.284247e-03 0 0 2 3 2.669080e-14 0.000000e+00
8 167 5.205181e-03 4.134622e-03 0 0 2 3 2.655757e-14 0.000000e+00
8 168 5.205181e-03 5.205181e-03 0 0 2 3 2.621063e-14 0.000000e+00
8 169 5.205181e-03 6.552935e-03 0 0 2 3 2.542002e-14 0.000000e+00
8 170 5.205181e-03 8.249656e-03 0 0 2 3 2.432424e-14 0.000000e+00
8 171 5.205181e-03 1.038570e-02 0 0 2 3 2.306280e-14 0.000000e+00
8 172 5.205181e-03 1.307482e-02 0 0 2 3 2.164189e-14 0.000000e+00
8 173 5.205181e-03 1.646023e-02 0 0 2 3 2.004023e-14 0.000000e+00
8 174 5.205181e-03 2.072220e-02 0 0 2 3 1.824300e-14 0.000000e+00
8 175 5.205181e-03 2.608770e-02 0 0 2 3 1.625399e-14 0.000000e+00
8 176 5.205181e-03 3.284247e-02 0 0 2 3 1.410248e-14 0.000000e+00
8 177 5.205181e-03 4.134622e-02 0 0 2 3 1.184700e-14 0.000000e+00
8 178 5.205181e-03 5.205181e-02 0 0 2 3 9.573873e-15 0.000000e+00
8 179 5.205181e-03 6.552935e-02 0 0 2 3 7.388053e-15 0.000000e+00
9 160 6.552935e-03 8.249656e-04 0 0 2 3 2.575109e-14 0.000000e+00
9 161 6.552935e-03 1.038570e-03 0 0 2 3 2.574693e-14 0.000000e+00
9 162 6.552935e-03 1.307482e-03 0 0 2 3 2.574007e-14 0.000000e+00
9 163 6.552935e-03 1.646023e-03 0 0 2 3 2.572933e-14 0.000000e+00
9 164 6.552935e-03 2.072220e-03 0 0 2 3 2.571208e-14 0.000000e+00
9 165 6.552935e-03 2.608770e-03 0 0 2 3 2.568442e-14 0.000000e+00
9 166 6.552935e-03 3.284247e-03 0 0 2 3 2.563943e-14 0.000000e+00
9 167 6.552935e-03 4.134622e-03 0 0 2 3 2.556359e-14 0.000000e+00
9 168 6.552935e-03 5.205181e-03 0 0 2 3 2.542002e-14 0.000000e+00
9 169 6.552935e-03 6.552935e-03 0 0 2 3 2.504400e-14 0.000000e+00
9 170 6.552935e-03 8.249656e-03 0 0 2 3 2.416237e-14 0.000000e+00
9 171 6.552935e-03 1.038570e-02 0 0 2 3 2.295374e-14 0.000000e+00
9 172 6.552935e-03 1.307482e-02 0 0 2 3 2.156243e-14 0.000000e+00
9 173 6.552935e-03 1.646023e-02 0 0 2 3 1.998573e-14 0.000000e+00
9 174 6.552935e-03 2.072220e-02 0 0 2 3 1.820910e-14 0.000000e+00
9 175 6.552935e-03 2.608770e-02 0 0 2 3 1.623570e-14 0.000000e+00
9 176 6.552935e-03 3.284247e-02 0 0 2 3 1.409497e-14 0.000000e+00
9 177 6.552935e-03 4.134622e-02 0 0 2 3 1.184607e-14 0.000000e+00
9 178 6.552935e-03 5.205181e-02 0 0 2 3 9.576253e-15 0.000000e+00
9 179 6.552935e-03 6.552935e-02 0 0 2 3 7.391446e-15 0.000000e+00
10 160 8.249656e-03 8.249656e-04 0 0 2 3 2.455750e-14 0.000000e+00
10 161 8.249656e-03 1.038570e-03 0 0 2 3 2.455420e-14 0.000000e+00
10 162 8.249656e-03 1.307482e-03 0 0 2 3 2.454870e-14 0.000000e+00
10 163 8.249656e-03 1.646023e-03 0 0 2 3 2.454016e-14 0.000000e+00
10 164 8.249656e-03 2.072220e-03 0 0 2 3 2.452648e-14 0.000000e+00
10 165 8.249656e-03 2.608770e-03 0 0 2 3 2.450478e-14 0.000000e+00
10 166 8.249656e-03 3.284247e-03 0 0 2 3 2.447021e-14 0.000000e+00
10 167 8.249656e-03 4.134622e-03 0 0 2 3 2.441482e-14 0.000000e+00
10 168 8.249656e-03 5.205181e-03 0 0 2 3 2.432424e-14 0.000000e+00
10 169 8.249656e-03 6.552935e-03 0 0 2 3 2.416237e-14 0.000000e+00
10 170 8.249656e-03 8.249656e-03 0 0 2 3 2.374923e-14 0.000000e+00
10 171 8.249656e-03 1.038570e-02 0 0 2 3 2.276718e-14 0.000000e+00
10 172 8.249656e-03 1.307482e-02 0 0 2 3 2.143463e-14 0.000000e+00
10 173 8.249656e-03 1.646023e-02 0 0 2 3 1.989807e-14 0.000000e+00
10 174 8.249656e-03 2.072220e-02 0 0 2 3 1.815443e-14 0.000000e+00
10 175 8.249656e-03 2.608770e-02 0 0 2 3 1.620615e-14 0.000000e+00
10 176 8.249656e-03 3.284247e-02 0 0 2 3 1.408276e-14 0.000000e+00
10 177 8.249656e-03 4.134622e-02 0 0 2 3 1.184444e-14 0.000000e+00
10 178 8.249656e-03 5.205181e-02 0 0 2 3 9.579957e-15 0.000000e+00
10 179 8.249656e-03 6.552935e-02 0 0 2 3 7.396797e-15 0.000000e+00
11 160 1.038570e-02 8.249656e-04 0 0 2 3 2.324057e-14 0.000000e+00
11 161 1.038570e-02 1.038570e-03 0 0 2 3 2.323803e-14 0.000000e+00
11 162 1.038570e-02 1.307482e-03 0 0 2 3 2.323375e-14 0.000000e+00
11 163 1.038570e-02 1.646023e-03 0 0 2 3 2.322713e-14 0.000000e+00
11 164 1.038570e-02 2.072220e-03 0 0 2 3 2.321651e-14 0.000000e+00
11 165 1.038570e-02 2.608770e-03 0 0 2 3 2.319968e-14 0.000000e+00
11 166 1.038570e-02 3.284247e-03 0 0 2 3 2.317296e-14 0.000000e+00
11 167 1.038570e-02 4.134622e-03 0 0 2 3 2.313050e-14 0.000000e+00
11 168 1.038570e-02 5.205181e-03 0 0 2 3 2.306280e-14 0.000000e+00
11 169 1.038570e-02 6.552935e-03 0 0 2 3 2.295374e-14 0.000000e+00
11 170 1.038570e-02 8.249656e-03 0 0 2 3 2.276718e-14 0.000000e+00
11 171 1.038570e-02 1.038570e-02 0 0 2 3 2.231010e-14 0.000000e+00
11 172 1.038570e-02 1.307482e-02 0 0 2 3 2.122093e-14 0.000000e+00
11 173 1.038570e-02 1.646023e-02 0 0 2 3 1.975592e-14 0.000000e+00
11 174 1.038570e-02 2.072220e-02 0 0 2 3 1.806546e-14 0.000000e+00
11 175 1.038570e-02 2.608770e-02 0 0 2 3 1.615787e-14 0.000000e+00
11 176 1.038570e-02 3.284247e-02 0 0 2 3 1.406261e-14 0.000000e+00
11 177 1.038570e-02 4.134622e-02 0 0 2 3 1.184148e-14 0.000000e+00
11 178 1.038570e-02 5.205181e-02 0 0 2 3 9.585655e-15 0.000000e+00
11 179 1.038570e-02 6.552935e-02 0 0 2 3 7.405212e-15 0.000000e+00
12 160 1.307482e-02 8.249656e-04 0 0 2 3 2.177255e-14 0.000000e+00
12 161 1.307482e-02 1.038570e-03 0 0 2 3 2.177072e-14 0.000000e+00
12 162 1.307482e-02 1.307482e-03 0 0 2 3 2.176755e-14 0.000000e+00
12 163 1.307482e-02 1.646023e-03 0 0 2 3 2.176270e-14 0.000000e+00
12 164 1.307482e-02 2.072220e-03 0 0 2 3 2.175490e-14 0.000000e+00
12 165 1.307482e-02 2.608770e-03 0 0 2 3 2.174252e-14 0.000000e+00
12 166 1.307482e-02 3.284247e-03 0 0 2 3 2.172287e-14 0.000000e+00
12 167 1.307482e-02 4.134622e-03 0 0 2 3 2.169164e-14 0.000000e+00
12 168 1.307482e-02 5.205181e-03 0 0 2 3 2.164189e-14 0.000000e+00
12 169 1.307482e-02 6.552935e-03 0 0 2 3 2.156243e-14 0.000000e+00
12 170 1.307482e-02 8.249656e-03 0 0 2 3 2.143463e-14 0.000000e+00
12 171 1.307482e-02 1.038570e-02 0 0 2 3 2.122093e-14 0.000000e+00
12 172 1.307482e-02 1.307482e-02 0 0 2 3 2.071678e-14 0.000000e+00
12 173 1.307482e-02 1.646023e-02 0 0 2 3 1.951872e-14 0.000000e+00
12 174 1.307482e-02 2.072220e-02 0 0 2 3 1.791862e-14 0.000000e+00
12 175 1.307482e-02 2.608770e-02 0 0 2 3 1.607764e-14 0.000000e+00
12 176 1.307482e-02 3.284247e-02 0 0 2 3 1.402864e-14 0.000000e+00
12 177 1.307482e-02 4.134622e-02 0 0 2 3 1.183578e-14 0.000000e+00
12 178 1.307482e-02 5.205181e-02 0 0 2 3 9.594246e-15 0.000000e+00
12 179 1.307482e-02 6.552935e-02 0 0 2 3 7.418381e-15 0.000000e+00
13 160 1.646023e-02 8.249656e-04 0 0 2 3 2.012954e-14 0.000000e+00
13 161 1.646023e-02 1.038570e-03 0 0 2 3 2.012833e-14 0.000000e+00
13 162 1.646023e-02 1.307482e-03 0 0 2 3 2.012615e-14 0.000000e+00
13 163 1.646023e-02 1.646023e-03 0 0 2 3 2.012286e-14 0.000000e+00
13 164 1.646023e-02 2.072220e-03 0 0 2 3 2.011753e-14 0.000000e+00
13 165 1.646023e-02 2.608770e-03 0 0 2 3 2.010908e-14 0.000000e+00
13 166 1.646023e-02 3.284247e-03 0 0 2 3 2.009565e-14 0.000000e+00
13 167 1.646023e-02 4.134622e-03 0 0 2 3 2.007429e-14 0.000000e+00
13 168 1.646023e-02 5.205181e-03 0 0 2 3 2.004023e-14 0.000000e+00
13 169 1.646023e-02 6.552935e-03 0 0 2 3 1.998573e-14 0.000000e+00
13 170 1.646023e-02 8.249656e-03 0 0 2 3 1.989807e-14 0.000000e+00
13 171 1.646023e-02 1.038570e-02 0 0 2 3 1.975592e-14 0.000000e+00
13 172 1.646023e-02 1.307482e-02 0 0 2 3 1.951872e-14 0.000000e+00
13 173 1.646023e-02 1.646023e-02 0 0 2 3 1.897068e-14 0.000000e+00
13 174 1.646023e-02 2.072220e-02 0 0 2 3 1.766927e-14 0.000000e+00
13 175 1.646023e-02 2.608770e-02 0 0 2 3 1.594099e-14 0.000000e+00
13 176 1.646023e-02 3.284247e-02 0 0 2 3 1.396952e-14 0.000000e+00
13 177 1.646023e-02 4.134622e-02 0 0 2 3 1.182416e-14 0.000000e+00
13 178 1.646023e-02 5.205181e-02 0 0 2 3 9.606728e-15 0.000000e+00
13 179 1.646023e-02 6.552935e-02 0 0 2 3 7.438823e-15 0.000000e+00
14 160 2.072220e-02 8.249656e-04 0 0 2 3 1.829839e-14 0.000000e+00
14 161 2.072220e-02 1.038570e-03 0 0 2 3 1.829769e-14 0.000000e+00
14 162 2.072220e-02 1.307482e-03 0 0 2 3 1.829631e-14 0.000000e+00
14 163 2.072220e-02 1.646023e-03 0 0 2 3 1.829430e-14 0.000000e+00
14 164 2.072220e-02 2.072220e-03 0 0 2 3 1.829099e-14 0.000000e+00
14 165 2.072220e-02 2.608770e-03 0 0 2 3 1.828575e-14 0.000000e+00
14 166 2.072220e-02 3.284247e-03 0 0 2 3 1.827742e-14 0.000000e+00
14 167 2.072220e-02 4.134622e-03 0 0 2 3 1.826416e-14 0.000000e+00
14 168 2.072220e-02 5.205181e-03 0 0 2 3 1.824300e-14 0.000000e+00
14 169 2.072220e-02 6.552935e-03 0 0 2 3 1.820910e-14 0.000000e+00
14 170 2.072220e-02 8.249656e-03 0 0 2 3 1.815443e-14 0.000000e+00
14 171 2.072220e-02 1.038570e-02 0 0 2 3 1.806546e-14 0.000000e+00
14 172 2.072220e-02 1.307482e-02 0 0 2 3 1.791862e-14 0.000000e+00
14 173 2.072220e-02 1.646023e-02 0 0 2 3 1.766927e-14 0.000000e+00
14 174 2.072220e-02 2.072220e-02 0 0 2 3 1.708910e-14 0.000000e+00
14 175 2.072220e-02 2.608770e-02 0 0 2 3 1.569896e-14 0.000000e+00
14 176 2.072220e-02 3.284247e-02 0 0 2 3 1.386190e-14 0.000000e+00
14 177 2.072220e-02 4.134622e-02 0 0 2 3 1.179892e-14 0.000000e+00
14 178 2.072220e-02 5.205181e-02 0 0 2 3 9.623536e-15 0.000000e+00
14 179 2.072220e-02 6.552935e-02 0 0 2 3 7.470104e-15 0.000000e+00
15 160 2.608770e-02 8.249656e-04 0 0 2 3 1.628374e-14 0.000000e+00
15 161 2.608770e-02 1.038570e-03 0 0 2 3 1.628342e-14 0.000000e+00
15 162 2.608770e-02 1.307482e-03 0 0 2 3 1.628265e-14 0.000000e+00
15 163 2.608770e-02 1.646023e-03 0 0 2 3 1.628160e-14 0.000000e+00
15 164 2.608770e-02 2.072220e-03 0 0 2 3 1.627982e-14 0.000000e+00
15 165 2.608770e-02 2.608770e-03 0 0 2 3 1.627700e-14 0.000000e+00
15 166 2.608770e-02 3.284247e-03 0 0 2 3 1.627252e-14 0.000000e+00
15 167 2.608770e-02 4.134622e-03 0 0 2 3 1.626538e-14 0.000000e+00
15 168 2.608770e-02 5.205181e-03 0 0 2 3 1.625399e-14 0.000000e+00
15 169 2.608770e-02 6.552935e-03 0 0 2 3 1.623570e-14 0.000000e+00
15 170 2.608770e-02 8.249656e-03 0 0 2 3 1.620615e-14 0.000000e+00
15 171 2.608770e-02 1.038570e-02 0 0 2 3 1.615787e-14 0.000000e+00
15 172 2.608770e-02 1.307482e-02 0 0 2 3 1.607764e-14 0.000000e+00
15 173 2.608770e-02 1.646023e-02 0 0 2 3 1.594099e-14 0.000000e+00
15 174 2.608770e-02 2.072220e-02 0 0 2 3 1.569896e-14 0.000000e+00
15 175 2.608770e-02 2.608770e-02 0 0 2 3 1.510808e-14 0.000000e+00
15 176 2.608770e-02 3.284247e-02 0 0 2 3 1.365352e-14 0.000000e+00
15 177 2.608770e-02 4.134622e-02 0 0 2 3 1.174037e-14 0.000000e+00
15 178 2.608770e-02 5.205181e-02 0 0 2 3 9.642172e-15 0.000000e+00
15 179 2.608770e-02 6.552935e-02 0 0 2 3 7.516726e-15 0.000000e+00
16 160 3.284247e-02 8.249656e-04 0 0 2 3 1.411455e-14 0.000000e+00
16 161 3.284247e-02 1.038570e-03 0 0 2 3 1.411449e-14 0.000000e+00
16 162 3.284247e-02 1.307482e-03 0 0 2 3 1.411414e-14 0.000000e+00
16 163 3.284247e-02 1.646023e-03 0 0 2 3 1.411375e-14 0.000000e+00
16 164 3.284247e-02 2.072220e-03 0 0 2 3 1.411302e-14 0.000000e+00
16 165 3.284247e-02 2.608770e-03 0 0 2 3 1.411188e-14 0.000000e+00
16 166 3.284247e-02 3.284247e-03 0 0 2 3 1.411005e-14 0.000000e+00
16 167 3.284247e-02 4.134622e-03 0 0 2 3 1.410714e-14 0.000000e+00
16 168 3.284247e-02 5.205181e-03 0 0 2 3 1.410248e-14 0.000000e+00
16 169 3.284247e-02 6.552935e-03 0 0 2 3 1.409497e-14 0.000000e+00
16 170 3.284247e-02 8.249656e-03 0 0 2 3 1.408276e-14 0.000000e+00
16 171 3.284247e-02 1.038570e-02 0 0 2 3 1.406261e-14 0.000000e+00
16 172 3.284247e-02 1.307482e-02 0 0 2 3 1.402864e-14 0.000000e+00
16 173 3.284247e-02 1.646023e-02 0 0 2 3 1.396952e-14 0.000000e+00
16 174 3.284247e-02 2.072220e-02 0 0 2 3 1.386190e-14 0.000000e+00
16 175 3.284247e-02 2.608770e-02 0 0 2 3 1.365352e-14 0.000000e+00
16 176 3.284247e-02 3.284247e-02 0 0 2 3 1.308200e-14 0.000000e+00
16 177 3.284247e-02 4.134622e-02 0 0 2 3 1.159518e-14 0.000000e+00
16 178 3.284247e-02 5.205181e-02 0 0 2 3 9.649295e-15 0.000000e+00
16 179 3.284247e-02 6.552935e-02 0 0 2 3 7.582497e-15 0.000000e+00
17 160 4.134622e-02 8.249656e-04 0 0 2 3 1.184827e-14 0.000000e+00
17 161 4.134622e-02 1.038570e-03 0 0 2 3 1.184837e-14 0.000000e+00
17 162 4.134622e-02 1.307482e-03 0 0 2 3 1.184828e-14 0.000000e+00
17 163 4.134622e-02 1.646023e-03 0 0 2 3 1.184829e-14 0.000000e+00
17 164 4.134622e-02 2.072220e-03 0 0 2 3 1.184821e-14 0.000000e+00
17 165 4.134622e-02 2.608770e-03 0 0 2 3 1.184808e-14 0.000000e+00
17 166 4.134622e-02 3.284247e-03 0 0 2 3 1.184788e-14 0.000000e+00
17 167 4.134622e-02 4.134622e-03 0 0 2 3 1.184755e-14 0.000000e+00
17 168 4.134622e-02 5.205181e-03 0 0 2 3 1.184700e-14 0.000000e+00
17 169 4.134622e-02 6.552935e-03 0 0 2 3 1.184607e-14 0.000000e+00
17 170 4.134622e-02 8.249656e-03 0 0 2 3 1.184444e-14 0.000000e+00
17 171 4.134622e-02 1.038570e-02 0 0 2 3 1.184148e-14 0.000000e+00
17 172 4.134622e-02 1.307482e-02 0 0 2 3 1.183578e-14 0.000000e+00
17 173 4.134622e-02 1.646023e-02 0 0 2 3 1.182416e-14 0.000000e+00
17 174 4.134622e-02 2.072220e-02 0 0 2 3 1.179892e-14 0.000000e+00
17 175 4.134622e-02 2.608770e-02 0 0 2 3 1.174037e-14 0.000000e+00
17 176 4.134622e-02 3.284247e-02 0 0 2 3 1.159518e-14 0.000000e+00
17 177 4.134622e-02 4.134622e-02 0 0 2 3 1.107777e-14 0.000000e+00
17 178 4.134622e-02 5.205181e-02 0 0 2 3 9.593742e-15 0.000000e+00
17 179 4.134622e-02 6.552935e-02 0 0 2 3 7.663030e-15 0.000000e+00
18 160 5.205181e-02 8.249656e-04 0 0 2 3 9.569716e-15 0.000000e+00
18 161 5.205181e-02 1.038570e-03 0 0 2 3 9.569898e-15 0.000000e+00
18 162 5.205181e-02 1.307482e-03 0 0 2 3 9.569938e-15 0.000000e+00
18 163 5.205181e-02 1.646023e-03 0 0 2 3 9.570156e-15 0.000000e+00
18 164 5.205181e-02 2.072220e-03 0 0 2 3 9.570392e-15 0.000000e+00
18 165 5.205181e-02 2.608770e-03 0 0 2 3 9.570778e-15 0.000000e+00
18 166 5.205181e-02 3.284247e-03 0 0 2 3 9.571389e-15 0.000000e+00
18 167 5.205181e-02 4.134622e-03 0 0 2 3 9.572354e-15 0.000000e+00
18 168 5.205181e-02 5.205181e-03 0 0 2 3 9.573873e-15 0.000000e+00
18 169 5.205181e-02 6.552935e-03 0 0 2 3 9.576253e-15 0.000000e+00
18 170 5.205181e-02 8.249656e-03 0 0 2 3 9.579957e-15 0.000000e+00
18 171 5.205181e-02 1.038570e-02 0 0 2 3 9.585655e-15 0.000000e+00
18 172 5.205181e-02 1.307482e-02 0 0 2 3 9.594246e-15 0.000000e+00
18 173 5.205181e-02 1.646023e-02 0 0 2 3 9.606728e-15 0.000000e+00
18 174 5.205181e-02 2.072220e-02 0 0 2 3 9.623536e-15 0.000000e+00
18 175 5.205181e-02 2.608770e-02 0 0 2 3 9.642172e-15 0.000000e+00
18 176 5.205181e-02 3.284247e-02 0 0 2 3 9.649295e-15 0.000000e+00
18 177 5.205181e-02 4.134622e-02 0 0 2 3 9.593742e-15 0.000000e+00
18 178 5.205181e-02 5.205181e-02 0 0 2 3 9.163182e-15 0.000000e+00
18 179 5.205181e-02 6.552935e-02 0 0 2 3 7.714371e-15 0.000000e+00
19 160 6.552935e-02 8.249656e-04 0 0 2 3 7.382252e-15 0.000000e+00
19 161 6.552935e-02 1.038570e-03 0 0 2 3 7.382456e-15 0.000000e+00
19 162 6.552935e-02 1.307482e-03 0 0 2 3 7.382539e-15 0.000000e+00
19 163 6.552935e-02 1.646023e-03 0 0 2 3 7.382817e-15 0.000000e+00
19 164 6.552935e-02 2.072220e-03 0 0 2 3 7.383149e-15 0.000000e+00
19 165 6.552935e-02 2.608770e-03 0 0 2 3 7.383690e-15 0.000000e+00
19 166 6.552935e-02 3.284247e-03 0 0 2 3 7.384547e-15 0.000000e+00
19 167 6.552935e-02 4.134622e-03 0 0 2 3 7.385905e-15 0.000000e+00
19 168 6.552935e-02 5.205181e-03 0 0 2 3 7.388053e-15 0.000000e+00
19 169 6.552935e-02 6.552935e-03 0 0 2 3 7.391446e-15 0.000000e+00
19 170 6.552935e-02 8.249656e-03 0 0 2 3 7.396797e-15 0.000000e+00
19 171 6.552935e-02 1.038570e-02 0 0 2 3 7.405212e-15 0.000000e+00
19 172 6.552935e-02 1.307482e-02 0 0 2 3 7.418381e-15 0.000000e+00
19 173 6.552935e-02 1.646023e-02 0 0 2 3 7.438823e-15 0.000000e+00
19 174 6.552935e-02 2.072220e-02 0 0 2 3 7.470104e-15 0.000000e+00
19 175 6.552935e-02 2.608770e-02 0 0 2 3 7.516726e-15 0.000000e+00
19 176 6.552935e-02 3.284247e-02 0 0 2 3 7.582497e-15 0.000000e+00
19 177 6.552935e-02 4.134622e-02 0 0 2 3 7.663030e-15 0.000000e+00
19 178 6.552935e-02 5.205181e-02 0 0 2 3 7.714371e-15 0.000000e+00
19 179 6.552935e-02 6.552935e-02 0 0 2 3 7.396970e-15 0.000000e+00
