# Please cite the following papers in research using this covariance:
# arXiv: 1601.05779, https://arxiv.org/abs/1601.05779
# arXiv: 1911.11947, https://arxiv.org/abs/1911.11947
# arXiv: 2004.04833, https://arxiv.org/abs/2004.04833
########################################################
60 80 8.249656e-04 8.249656e-04 0 3 1 1 3.855124e-14 0.000000e+00
60 81 8.249656e-04 1.038570e-03 0 3 1 1 3.819675e-14 0.000000e+00
60 82 8.249656e-04 1.307482e-03 0 3 1 1 3.768348e-14 0.000000e+00
60 83 8.249656e-04 1.646023e-03 0 3 1 1 3.701243e-14 0.000000e+00
60 84 8.249656e-04 2.072220e-03 0 3 1 1 3.619705e-14 0.000000e+00
60 85 8.249656e-04 2.608770e-03 0 3 1 1 3.525755e-14 0.000000e+00
60 86 8.249656e-04 3.284247e-03 0 3 1 1 3.421381e-14 0.000000e+00
60 87 8.249656e-04 4.134622e-03 0 3 1 1 3.307897e-14 0.000000e+00
60 88 8.249656e-04 5.205181e-03 0 3 1 1 3.185471e-14 0.000000e+00
60 89 8.249656e-04 6.552935e-03 0 3 1 1 3.052953e-14 0.000000e+00
60 90 8.249656e-04 8.249656e-03 0 3 1 1 2.908024e-14 0.000000e+00
60 91 8.249656e-04 1.038570e-02 0 3 1 1 2.747617e-14 0.000000e+00
60 92 8.249656e-04 1.307482e-02 0 3 1 1 2.568528e-14 0.000000e+00
60 93 8.249656e-04 1.646023e-02 0 3 1 1 2.368150e-14 0.000000e+00
60 94 8.249656e-04 2.072220e-02 0 3 1 1 2.145279e-14 0.000000e+00
60 95 8.249656e-04 2.608770e-02 0 3 1 1 1.900953e-14 0.000000e+00
60 96 8.249656e-04 3.284247e-02 0 3 1 1 1.639216e-14 0.000000e+00
60 97 8.249656e-04 4.134622e-02 0 3 1 1 1.367511e-14 0.000000e+00
60 98 8.249656e-04 5.205181e-02 0 3 1 1 1.096463e-14 0.000000e+00
60 99 8.249656e-04 6.552935e-02 0 3 1 1 8.385030e-15 0.000000e+00
61 80 1.038570e-03 8.249656e-04 0 3 1 1 3.819675e-14 0.000000e+00
61 81 1.038570e-03 1.038570e-03 0 3 1 1 3.794208e-14 0.000000e+00
61 82 1.038570e-03 1.307482e-03 0 3 1 1 3.752300e-14 0.000000e+00
61 83 1.038570e-03 1.646023e-03 0 3 1 1 3.691908e-14 0.000000e+00
61 84 1.038570e-03 2.072220e-03 0 3 1 1 3.614579e-14 0.000000e+00
61 85 1.038570e-03 2.608770e-03 0 3 1 1 3.523009e-14 0.000000e+00
61 86 1.038570e-03 3.284247e-03 0 3 1 1 3.419853e-14 0.000000e+00
61 87 1.038570e-03 4.134622e-03 0 3 1 1 3.306944e-14 0.000000e+00
61 88 1.038570e-03 5.205181e-03 0 3 1 1 3.184789e-14 0.000000e+00
61 89 1.038570e-03 6.552935e-03 0 3 1 1 3.052423e-14 0.000000e+00
61 90 1.038570e-03 8.249656e-03 0 3 1 1 2.907607e-14 0.000000e+00
61 91 1.038570e-03 1.038570e-02 0 3 1 1 2.747301e-14 0.000000e+00
61 92 1.038570e-03 1.307482e-02 0 3 1 1 2.568304e-14 0.000000e+00
61 93 1.038570e-03 1.646023e-02 0 3 1 1 2.368005e-14 0.000000e+00
61 94 1.038570e-03 2.072220e-02 0 3 1 1 2.145196e-14 0.000000e+00
61 95 1.038570e-03 2.608770e-02 0 3 1 1 1.900917e-14 0.000000e+00
61 96 1.038570e-03 3.284247e-02 0 3 1 1 1.639211e-14 0.000000e+00
61 97 1.038570e-03 4.134622e-02 0 3 1 1 1.367524e-14 0.000000e+00
61 98 1.038570e-03 5.205181e-02 0 3 1 1 1.096485e-14 0.000000e+00
61 99 1.038570e-03 6.552935e-02 0 3 1 1 8.385271e-15 0.000000e+00
62 80 1.307482e-03 8.249656e-04 0 3 1 1 3.768348e-14 0.000000e+00
62 81 1.307482e-03 1.038570e-03 0 3 1 1 3.752300e-14 0.000000e+00
62 82 1.307482e-03 1.307482e-03 0 3 1 1 3.723734e-14 0.000000e+00
62 83 1.307482e-03 1.646023e-03 0 3 1 1 3.675264e-14 0.000000e+00
62 84 1.307482e-03 2.072220e-03 0 3 1 1 3.605589e-14 0.000000e+00
62 85 1.307482e-03 2.608770e-03 0 3 1 1 3.518293e-14 0.000000e+00
62 86 1.307482e-03 3.284247e-03 0 3 1 1 3.417285e-14 0.000000e+00
62 87 1.307482e-03 4.134622e-03 0 3 1 1 3.305370e-14 0.000000e+00
62 88 1.307482e-03 5.205181e-03 0 3 1 1 3.183672e-14 0.000000e+00
62 89 1.307482e-03 6.552935e-03 0 3 1 1 3.051553e-14 0.000000e+00
62 90 1.307482e-03 8.249656e-03 0 3 1 1 2.906918e-14 0.000000e+00
62 91 1.307482e-03 1.038570e-02 0 3 1 1 2.746771e-14 0.000000e+00
62 92 1.307482e-03 1.307482e-02 0 3 1 1 2.567919e-14 0.000000e+00
62 93 1.307482e-03 1.646023e-02 0 3 1 1 2.367744e-14 0.000000e+00
62 94 1.307482e-03 2.072220e-02 0 3 1 1 2.145035e-14 0.000000e+00
62 95 1.307482e-03 2.608770e-02 0 3 1 1 1.900830e-14 0.000000e+00
62 96 1.307482e-03 3.284247e-02 0 3 1 1 1.639174e-14 0.000000e+00
62 97 1.307482e-03 4.134622e-02 0 3 1 1 1.367518e-14 0.000000e+00
62 98 1.307482e-03 5.205181e-02 0 3 1 1 1.096493e-14 0.000000e+00
62 99 1.307482e-03 6.552935e-02 0 3 1 1 8.385386e-15 0.000000e+00
63 80 1.646023e-03 8.249656e-04 0 3 1 1 3.701243e-14 0.000000e+00
63 81 1.646023e-03 1.038570e-03 0 3 1 1 3.691908e-14 0.000000e+00
63 82 1.646023e-03 1.307482e-03 0 3 1 1 3.675264e-14 0.000000e+00
63 83 1.646023e-03 1.646023e-03 0 3 1 1 3.644089e-14 0.000000e+00
63 84 1.646023e-03 2.072220e-03 0 3 1 1 3.588935e-14 0.000000e+00
63 85 1.646023e-03 2.608770e-03 0 3 1 1 3.509879e-14 0.000000e+00
63 86 1.646023e-03 3.284247e-03 0 3 1 1 3.412908e-14 0.000000e+00
63 87 1.646023e-03 4.134622e-03 0 3 1 1 3.302800e-14 0.000000e+00
63 88 1.646023e-03 5.205181e-03 0 3 1 1 3.181897e-14 0.000000e+00
63 89 1.646023e-03 6.552935e-03 0 3 1 1 3.050188e-14 0.000000e+00
63 90 1.646023e-03 8.249656e-03 0 3 1 1 2.905843e-14 0.000000e+00
63 91 1.646023e-03 1.038570e-02 0 3 1 1 2.745951e-14 0.000000e+00
63 92 1.646023e-03 1.307482e-02 0 3 1 1 2.567328e-14 0.000000e+00
63 93 1.646023e-03 1.646023e-02 0 3 1 1 2.367350e-14 0.000000e+00
63 94 1.646023e-03 2.072220e-02 0 3 1 1 2.144799e-14 0.000000e+00
63 95 1.646023e-03 2.608770e-02 0 3 1 1 1.900711e-14 0.000000e+00
63 96 1.646023e-03 3.284247e-02 0 3 1 1 1.639134e-14 0.000000e+00
63 97 1.646023e-03 4.134622e-02 0 3 1 1 1.367525e-14 0.000000e+00
63 98 1.646023e-03 5.205181e-02 0 3 1 1 1.096522e-14 0.000000e+00
63 99 1.646023e-03 6.552935e-02 0 3 1 1 8.385730e-15 0.000000e+00
64 80 2.072220e-03 8.249656e-04 0 3 1 1 3.619705e-14 0.000000e+00
64 81 2.072220e-03 1.038570e-03 0 3 1 1 3.614579e-14 0.000000e+00
64 82 2.072220e-03 1.307482e-03 0 3 1 1 3.605589e-14 0.000000e+00
64 83 2.072220e-03 1.646023e-03 0 3 1 1 3.588935e-14 0.000000e+00
64 84 2.072220e-03 2.072220e-03 0 3 1 1 3.555571e-14 0.000000e+00
64 85 2.072220e-03 2.608770e-03 0 3 1 1 3.493563e-14 0.000000e+00
64 86 2.072220e-03 3.284247e-03 0 3 1 1 3.404971e-14 0.000000e+00
64 87 2.072220e-03 4.134622e-03 0 3 1 1 3.298434e-14 0.000000e+00
64 88 2.072220e-03 5.205181e-03 0 3 1 1 3.179005e-14 0.000000e+00
64 89 2.072220e-03 6.552935e-03 0 3 1 1 3.048000e-14 0.000000e+00
64 90 2.072220e-03 8.249656e-03 0 3 1 1 2.904125e-14 0.000000e+00
64 91 2.072220e-03 1.038570e-02 0 3 1 1 2.744636e-14 0.000000e+00
64 92 2.072220e-03 1.307482e-02 0 3 1 1 2.566377e-14 0.000000e+00
64 93 2.072220e-03 1.646023e-02 0 3 1 1 2.366712e-14 0.000000e+00
64 94 2.072220e-03 2.072220e-02 0 3 1 1 2.144411e-14 0.000000e+00
64 95 2.072220e-03 2.608770e-02 0 3 1 1 1.900510e-14 0.000000e+00
64 96 2.072220e-03 3.284247e-02 0 3 1 1 1.639058e-14 0.000000e+00
64 97 2.072220e-03 4.134622e-02 0 3 1 1 1.367524e-14 0.000000e+00
64 98 2.072220e-03 5.205181e-02 0 3 1 1 1.096557e-14 0.000000e+00
64 99 2.072220e-03 6.552935e-02 0 3 1 1 8.386157e-15 0.000000e+00
65 80 2.608770e-03 8.249656e-04 0 3 1 1 3.525755e-14 0.000000e+00
65 81 2.608770e-03 1.038570e-03 0 3 1 1 3.523009e-14 0.000000e+00
65 82 2.608770e-03 1.307482e-03 0 3 1 1 3.518293e-14 0.000000e+00
65 83 2.608770e-03 1.646023e-03 0 3 1 1 3.509879e-14 0.000000e+00
65 84 2.608770e-03 2.072220e-03 0 3 1 1 3.493563e-14 0.000000e+00
65 85 2.608770e-03 2.608770e-03 0 3 1 1 3.458312e-14 0.000000e+00
65 86 2.608770e-03 3.284247e-03 0 3 1 1 3.389069e-14 0.000000e+00
65 87 2.608770e-03 4.134622e-03 0 3 1 1 3.290612e-14 0.000000e+00
65 88 2.608770e-03 5.205181e-03 0 3 1 1 3.174217e-14 0.000000e+00
65 89 2.608770e-03 6.552935e-03 0 3 1 1 3.044495e-14 0.000000e+00
65 90 2.608770e-03 8.249656e-03 0 3 1 1 2.901396e-14 0.000000e+00
65 91 2.608770e-03 1.038570e-02 0 3 1 1 2.742551e-14 0.000000e+00
65 92 2.608770e-03 1.307482e-02 0 3 1 1 2.564869e-14 0.000000e+00
65 93 2.608770e-03 1.646023e-02 0 3 1 1 2.365700e-14 0.000000e+00
65 94 2.608770e-03 2.072220e-02 0 3 1 1 2.143797e-14 0.000000e+00
65 95 2.608770e-03 2.608770e-02 0 3 1 1 1.900191e-14 0.000000e+00
65 96 2.608770e-03 3.284247e-02 0 3 1 1 1.638939e-14 0.000000e+00
65 97 2.608770e-03 4.134622e-02 0 3 1 1 1.367524e-14 0.000000e+00
65 98 2.608770e-03 5.205181e-02 0 3 1 1 1.096613e-14 0.000000e+00
65 99 2.608770e-03 6.552935e-02 0 3 1 1 8.386849e-15 0.000000e+00
66 80 3.284247e-03 8.249656e-04 0 3 1 1 3.421381e-14 0.000000e+00
66 81 3.284247e-03 1.038570e-03 0 3 1 1 3.419853e-14 0.000000e+00
66 82 3.284247e-03 1.307482e-03 0 3 1 1 3.417285e-14 0.000000e+00
66 83 3.284247e-03 1.646023e-03 0 3 1 1 3.412908e-14 0.000000e+00
66 84 3.284247e-03 2.072220e-03 0 3 1 1 3.404971e-14 0.000000e+00
66 85 3.284247e-03 2.608770e-03 0 3 1 1 3.389069e-14 0.000000e+00
66 86 3.284247e-03 3.284247e-03 0 3 1 1 3.351948e-14 0.000000e+00
66 87 3.284247e-03 4.134622e-03 0 3 1 1 3.274816e-14 0.000000e+00
66 88 3.284247e-03 5.205181e-03 0 3 1 1 3.165903e-14 0.000000e+00
66 89 3.284247e-03 6.552935e-03 0 3 1 1 3.038812e-14 0.000000e+00
66 90 3.284247e-03 8.249656e-03 0 3 1 1 2.897051e-14 0.000000e+00
66 91 3.284247e-03 1.038570e-02 0 3 1 1 2.739240e-14 0.000000e+00
66 92 3.284247e-03 1.307482e-02 0 3 1 1 2.562473e-14 0.000000e+00
66 93 3.284247e-03 1.646023e-02 0 3 1 1 2.364091e-14 0.000000e+00
66 94 3.284247e-03 2.072220e-02 0 3 1 1 2.142821e-14 0.000000e+00
66 95 3.284247e-03 2.608770e-02 0 3 1 1 1.899685e-14 0.000000e+00
66 96 3.284247e-03 3.284247e-02 0 3 1 1 1.638750e-14 0.000000e+00
66 97 3.284247e-03 4.134622e-02 0 3 1 1 1.367524e-14 0.000000e+00
66 98 3.284247e-03 5.205181e-02 0 3 1 1 1.096702e-14 0.000000e+00
66 99 3.284247e-03 6.552935e-02 0 3 1 1 8.387945e-15 0.000000e+00
67 80 4.134622e-03 8.249656e-04 0 3 1 1 3.307897e-14 0.000000e+00
67 81 4.134622e-03 1.038570e-03 0 3 1 1 3.306944e-14 0.000000e+00
67 82 4.134622e-03 1.307482e-03 0 3 1 1 3.305370e-14 0.000000e+00
67 83 4.134622e-03 1.646023e-03 0 3 1 1 3.302800e-14 0.000000e+00
67 84 4.134622e-03 2.072220e-03 0 3 1 1 3.298434e-14 0.000000e+00
67 85 4.134622e-03 2.608770e-03 0 3 1 1 3.290612e-14 0.000000e+00
67 86 4.134622e-03 3.284247e-03 0 3 1 1 3.274816e-14 0.000000e+00
67 87 4.134622e-03 4.134622e-03 0 3 1 1 3.235505e-14 0.000000e+00
67 88 4.134622e-03 5.205181e-03 0 3 1 1 3.149559e-14 0.000000e+00
67 89 4.134622e-03 6.552935e-03 0 3 1 1 3.029294e-14 0.000000e+00
67 90 4.134622e-03 8.249656e-03 0 3 1 1 2.890093e-14 0.000000e+00
67 91 4.134622e-03 1.038570e-02 0 3 1 1 2.733973e-14 0.000000e+00
67 92 4.134622e-03 1.307482e-02 0 3 1 1 2.558661e-14 0.000000e+00
67 93 4.134622e-03 1.646023e-02 0 3 1 1 2.361531e-14 0.000000e+00
67 94 4.134622e-03 2.072220e-02 0 3 1 1 2.141266e-14 0.000000e+00
67 95 4.134622e-03 2.608770e-02 0 3 1 1 1.898877e-14 0.000000e+00
67 96 4.134622e-03 3.284247e-02 0 3 1 1 1.638447e-14 0.000000e+00
67 97 4.134622e-03 4.134622e-02 0 3 1 1 1.367522e-14 0.000000e+00
67 98 4.134622e-03 5.205181e-02 0 3 1 1 1.096843e-14 0.000000e+00
67 99 4.134622e-03 6.552935e-02 0 3 1 1 8.389681e-15 0.000000e+00
68 80 5.205181e-03 8.249656e-04 0 3 1 1 3.185471e-14 0.000000e+00
68 81 5.205181e-03 1.038570e-03 0 3 1 1 3.184789e-14 0.000000e+00
68 82 5.205181e-03 1.307482e-03 0 3 1 1 3.183672e-14 0.000000e+00
68 83 5.205181e-03 1.646023e-03 0 3 1 1 3.181897e-14 0.000000e+00
68 84 5.205181e-03 2.072220e-03 0 3 1 1 3.179005e-14 0.000000e+00
68 85 5.205181e-03 2.608770e-03 0 3 1 1 3.174217e-14 0.000000e+00
68 86 5.205181e-03 3.284247e-03 0 3 1 1 3.165903e-14 0.000000e+00
68 87 5.205181e-03 4.134622e-03 0 3 1 1 3.149559e-14 0.000000e+00
68 88 5.205181e-03 5.205181e-03 0 3 1 1 3.107413e-14 0.000000e+00
68 89 5.205181e-03 6.552935e-03 0 3 1 1 3.011521e-14 0.000000e+00
68 90 5.205181e-03 8.249656e-03 0 3 1 1 2.878740e-14 0.000000e+00
68 91 5.205181e-03 1.038570e-02 0 3 1 1 2.725566e-14 0.000000e+00
68 92 5.205181e-03 1.307482e-02 0 3 1 1 2.552584e-14 0.000000e+00
68 93 5.205181e-03 1.646023e-02 0 3 1 1 2.357445e-14 0.000000e+00
68 94 5.205181e-03 2.072220e-02 0 3 1 1 2.138784e-14 0.000000e+00
68 95 5.205181e-03 2.608770e-02 0 3 1 1 1.897586e-14 0.000000e+00
68 96 5.205181e-03 3.284247e-02 0 3 1 1 1.637962e-14 0.000000e+00
68 97 5.205181e-03 4.134622e-02 0 3 1 1 1.367517e-14 0.000000e+00
68 98 5.205181e-03 5.205181e-02 0 3 1 1 1.097065e-14 0.000000e+00
68 99 5.205181e-03 6.552935e-02 0 3 1 1 8.392429e-15 0.000000e+00
69 80 6.552935e-03 8.249656e-04 0 3 1 1 3.052953e-14 0.000000e+00
69 81 6.552935e-03 1.038570e-03 0 3 1 1 3.052423e-14 0.000000e+00
69 82 6.552935e-03 1.307482e-03 0 3 1 1 3.051553e-14 0.000000e+00
69 83 6.552935e-03 1.646023e-03 0 3 1 1 3.050188e-14 0.000000e+00
69 84 6.552935e-03 2.072220e-03 0 3 1 1 3.048000e-14 0.000000e+00
69 85 6.552935e-03 2.608770e-03 0 3 1 1 3.044495e-14 0.000000e+00
69 86 6.552935e-03 3.284247e-03 0 3 1 1 3.038812e-14 0.000000e+00
69 87 6.552935e-03 4.134622e-03 0 3 1 1 3.029294e-14 0.000000e+00
69 88 6.552935e-03 5.205181e-03 0 3 1 1 3.011521e-14 0.000000e+00
69 89 6.552935e-03 6.552935e-03 0 3 1 1 2.965670e-14 0.000000e+00
69 90 6.552935e-03 8.249656e-03 0 3 1 1 2.858636e-14 0.000000e+00
69 91 6.552935e-03 1.038570e-02 0 3 1 1 2.712013e-14 0.000000e+00
69 92 6.552935e-03 1.307482e-02 0 3 1 1 2.542856e-14 0.000000e+00
69 93 6.552935e-03 1.646023e-02 0 3 1 1 2.350896e-14 0.000000e+00
69 94 6.552935e-03 2.072220e-02 0 3 1 1 2.134800e-14 0.000000e+00
69 95 6.552935e-03 2.608770e-02 0 3 1 1 1.895512e-14 0.000000e+00
69 96 6.552935e-03 3.284247e-02 0 3 1 1 1.637177e-14 0.000000e+00
69 97 6.552935e-03 4.134622e-02 0 3 1 1 1.367500e-14 0.000000e+00
69 98 6.552935e-03 5.205181e-02 0 3 1 1 1.097413e-14 0.000000e+00
69 99 6.552935e-03 6.552935e-02 0 3 1 1 8.396772e-15 0.000000e+00
70 80 8.249656e-03 8.249656e-04 0 3 1 1 2.908024e-14 0.000000e+00
70 81 8.249656e-03 1.038570e-03 0 3 1 1 2.907607e-14 0.000000e+00
70 82 8.249656e-03 1.307482e-03 0 3 1 1 2.906918e-14 0.000000e+00
70 83 8.249656e-03 1.646023e-03 0 3 1 1 2.905843e-14 0.000000e+00
70 84 8.249656e-03 2.072220e-03 0 3 1 1 2.904125e-14 0.000000e+00
70 85 8.249656e-03 2.608770e-03 0 3 1 1 2.901396e-14 0.000000e+00
70 86 8.249656e-03 3.284247e-03 0 3 1 1 2.897051e-14 0.000000e+00
70 87 8.249656e-03 4.134622e-03 0 3 1 1 2.890093e-14 0.000000e+00
70 88 8.249656e-03 5.205181e-03 0 3 1 1 2.878740e-14 0.000000e+00
70 89 8.249656e-03 6.552935e-03 0 3 1 1 2.858636e-14 0.000000e+00
70 90 8.249656e-03 8.249656e-03 0 3 1 1 2.808158e-14 0.000000e+00
70 91 8.249656e-03 1.038570e-02 0 3 1 1 2.688911e-14 0.000000e+00
70 92 8.249656e-03 1.307482e-02 0 3 1 1 2.527170e-14 0.000000e+00
70 93 8.249656e-03 1.646023e-02 0 3 1 1 2.340336e-14 0.000000e+00
70 94 8.249656e-03 2.072220e-02 0 3 1 1 2.128364e-14 0.000000e+00
70 95 8.249656e-03 2.608770e-02 0 3 1 1 1.892151e-14 0.000000e+00
70 96 8.249656e-03 3.284247e-02 0 3 1 1 1.635895e-14 0.000000e+00
70 97 8.249656e-03 4.134622e-02 0 3 1 1 1.367455e-14 0.000000e+00
70 98 8.249656e-03 5.205181e-02 0 3 1 1 1.097957e-14 0.000000e+00
70 99 8.249656e-03 6.552935e-02 0 3 1 1 8.403626e-15 0.000000e+00
71 80 1.038570e-02 8.249656e-04 0 3 1 1 2.747617e-14 0.000000e+00
71 81 1.038570e-02 1.038570e-03 0 3 1 1 2.747301e-14 0.000000e+00
71 82 1.038570e-02 1.307482e-03 0 3 1 1 2.746771e-14 0.000000e+00
71 83 1.038570e-02 1.646023e-03 0 3 1 1 2.745951e-14 0.000000e+00
71 84 1.038570e-02 2.072220e-03 0 3 1 1 2.744636e-14 0.000000e+00
71 85 1.038570e-02 2.608770e-03 0 3 1 1 2.742551e-14 0.000000e+00
71 86 1.038570e-02 3.284247e-03 0 3 1 1 2.739240e-14 0.000000e+00
71 87 1.038570e-02 4.134622e-03 0 3 1 1 2.733973e-14 0.000000e+00
71 88 1.038570e-02 5.205181e-03 0 3 1 1 2.725566e-14 0.000000e+00
71 89 1.038570e-02 6.552935e-03 0 3 1 1 2.712013e-14 0.000000e+00
71 90 1.038570e-02 8.249656e-03 0 3 1 1 2.688911e-14 0.000000e+00
71 91 1.038570e-02 1.038570e-02 0 3 1 1 2.633079e-14 0.000000e+00
71 92 1.038570e-02 1.307482e-02 0 3 1 1 2.500909e-14 0.000000e+00
71 93 1.038570e-02 1.646023e-02 0 3 1 1 2.323145e-14 0.000000e+00
71 94 1.038570e-02 2.072220e-02 0 3 1 1 2.117855e-14 0.000000e+00
71 95 1.038570e-02 2.608770e-02 0 3 1 1 1.886638e-14 0.000000e+00
71 96 1.038570e-02 3.284247e-02 0 3 1 1 1.633764e-14 0.000000e+00
71 97 1.038570e-02 4.134622e-02 0 3 1 1 1.367336e-14 0.000000e+00
71 98 1.038570e-02 5.205181e-02 0 3 1 1 1.098798e-14 0.000000e+00
71 99 1.038570e-02 6.552935e-02 0 3 1 1 8.414417e-15 0.000000e+00
72 80 1.307482e-02 8.249656e-04 0 3 1 1 2.568528e-14 0.000000e+00
72 81 1.307482e-02 1.038570e-03 0 3 1 1 2.568304e-14 0.000000e+00
72 82 1.307482e-02 1.307482e-03 0 3 1 1 2.567919e-14 0.000000e+00
72 83 1.307482e-02 1.646023e-03 0 3 1 1 2.567328e-14 0.000000e+00
72 84 1.307482e-02 2.072220e-03 0 3 1 1 2.566377e-14 0.000000e+00
72 85 1.307482e-02 2.608770e-03 0 3 1 1 2.564869e-14 0.000000e+00
72 86 1.307482e-02 3.284247e-03 0 3 1 1 2.562473e-14 0.000000e+00
72 87 1.307482e-02 4.134622e-03 0 3 1 1 2.558661e-14 0.000000e+00
72 88 1.307482e-02 5.205181e-03 0 3 1 1 2.552584e-14 0.000000e+00
72 89 1.307482e-02 6.552935e-03 0 3 1 1 2.542856e-14 0.000000e+00
72 90 1.307482e-02 8.249656e-03 0 3 1 1 2.527170e-14 0.000000e+00
72 91 1.307482e-02 1.038570e-02 0 3 1 1 2.500909e-14 0.000000e+00
72 92 1.307482e-02 1.307482e-02 0 3 1 1 2.439485e-14 0.000000e+00
72 93 1.307482e-02 1.646023e-02 0 3 1 1 2.294322e-14 0.000000e+00
72 94 1.307482e-02 2.072220e-02 0 3 1 1 2.100415e-14 0.000000e+00
72 95 1.307482e-02 2.608770e-02 0 3 1 1 1.877427e-14 0.000000e+00
72 96 1.307482e-02 3.284247e-02 0 3 1 1 1.630133e-14 0.000000e+00
72 97 1.307482e-02 4.134622e-02 0 3 1 1 1.367024e-14 0.000000e+00
72 98 1.307482e-02 5.205181e-02 0 3 1 1 1.100076e-14 0.000000e+00
72 99 1.307482e-02 6.552935e-02 0 3 1 1 8.431336e-15 0.000000e+00
73 80 1.646023e-02 8.249656e-04 0 3 1 1 2.368150e-14 0.000000e+00
73 81 1.646023e-02 1.038570e-03 0 3 1 1 2.368005e-14 0.000000e+00
73 82 1.646023e-02 1.307482e-03 0 3 1 1 2.367744e-14 0.000000e+00
73 83 1.646023e-02 1.646023e-03 0 3 1 1 2.367350e-14 0.000000e+00
73 84 1.646023e-02 2.072220e-03 0 3 1 1 2.366712e-14 0.000000e+00
73 85 1.646023e-02 2.608770e-03 0 3 1 1 2.365700e-14 0.000000e+00
73 86 1.646023e-02 3.284247e-03 0 3 1 1 2.364091e-14 0.000000e+00
73 87 1.646023e-02 4.134622e-03 0 3 1 1 2.361531e-14 0.000000e+00
73 88 1.646023e-02 5.205181e-03 0 3 1 1 2.357445e-14 0.000000e+00
73 89 1.646023e-02 6.552935e-03 0 3 1 1 2.350896e-14 0.000000e+00
73 90 1.646023e-02 8.249656e-03 0 3 1 1 2.340336e-14 0.000000e+00
73 91 1.646023e-02 1.038570e-02 0 3 1 1 2.323145e-14 0.000000e+00
73 92 1.646023e-02 1.307482e-02 0 3 1 1 2.294322e-14 0.000000e+00
73 93 1.646023e-02 1.646023e-02 0 3 1 1 2.227868e-14 0.000000e+00
73 94 1.646023e-02 2.072220e-02 0 3 1 1 2.070552e-14 0.000000e+00
73 95 1.646023e-02 2.608770e-02 0 3 1 1 1.861595e-14 0.000000e+00
73 96 1.646023e-02 3.284247e-02 0 3 1 1 1.623716e-14 0.000000e+00
73 97 1.646023e-02 4.134622e-02 0 3 1 1 1.366209e-14 0.000000e+00
73 98 1.646023e-02 5.205181e-02 0 3 1 1 1.101965e-14 0.000000e+00
73 99 1.646023e-02 6.552935e-02 0 3 1 1 8.457678e-15 0.000000e+00
74 80 2.072220e-02 8.249656e-04 0 3 1 1 2.145279e-14 0.000000e+00
74 81 2.072220e-02 1.038570e-03 0 3 1 1 2.145196e-14 0.000000e+00
74 82 2.072220e-02 1.307482e-03 0 3 1 1 2.145035e-14 0.000000e+00
74 83 2.072220e-02 1.646023e-03 0 3 1 1 2.144799e-14 0.000000e+00
74 84 2.072220e-02 2.072220e-03 0 3 1 1 2.144411e-14 0.000000e+00
74 85 2.072220e-02 2.608770e-03 0 3 1 1 2.143797e-14 0.000000e+00
74 86 2.072220e-02 3.284247e-03 0 3 1 1 2.142821e-14 0.000000e+00
74 87 2.072220e-02 4.134622e-03 0 3 1 1 2.141266e-14 0.000000e+00
74 88 2.072220e-02 5.205181e-03 0 3 1 1 2.138784e-14 0.000000e+00
74 89 2.072220e-02 6.552935e-03 0 3 1 1 2.134800e-14 0.000000e+00
74 90 2.072220e-02 8.249656e-03 0 3 1 1 2.128364e-14 0.000000e+00
74 91 2.072220e-02 1.038570e-02 0 3 1 1 2.117855e-14 0.000000e+00
74 92 2.072220e-02 1.307482e-02 0 3 1 1 2.100415e-14 0.000000e+00
74 93 2.072220e-02 1.646023e-02 0 3 1 1 2.070552e-14 0.000000e+00
74 94 2.072220e-02 2.072220e-02 0 3 1 1 2.000681e-14 0.000000e+00
74 95 2.072220e-02 2.608770e-02 0 3 1 1 1.833168e-14 0.000000e+00
74 96 2.072220e-02 3.284247e-02 0 3 1 1 1.611785e-14 0.000000e+00
74 97 2.072220e-02 4.134622e-02 0 3 1 1 1.364073e-14 0.000000e+00
74 98 2.072220e-02 5.205181e-02 0 3 1 1 1.104596e-14 0.000000e+00
74 99 2.072220e-02 6.552935e-02 0 3 1 1 8.498189e-15 0.000000e+00
75 80 2.608770e-02 8.249656e-04 0 3 1 1 1.900953e-14 0.000000e+00
75 81 2.608770e-02 1.038570e-03 0 3 1 1 1.900917e-14 0.000000e+00
75 82 2.608770e-02 1.307482e-03 0 3 1 1 1.900830e-14 0.000000e+00
75 83 2.608770e-02 1.646023e-03 0 3 1 1 1.900711e-14 0.000000e+00
75 84 2.608770e-02 2.072220e-03 0 3 1 1 1.900510e-14 0.000000e+00
75 85 2.608770e-02 2.608770e-03 0 3 1 1 1.900191e-14 0.000000e+00
75 86 2.608770e-02 3.284247e-03 0 3 1 1 1.899685e-14 0.000000e+00
75 87 2.608770e-02 4.134622e-03 0 3 1 1 1.898877e-14 0.000000e+00
75 88 2.608770e-02 5.205181e-03 0 3 1 1 1.897586e-14 0.000000e+00
75 89 2.608770e-02 6.552935e-03 0 3 1 1 1.895512e-14 0.000000e+00
75 90 2.608770e-02 8.249656e-03 0 3 1 1 1.892151e-14 0.000000e+00
75 91 2.608770e-02 1.038570e-02 0 3 1 1 1.886638e-14 0.000000e+00
75 92 2.608770e-02 1.307482e-02 0 3 1 1 1.877427e-14 0.000000e+00
75 93 2.608770e-02 1.646023e-02 0 3 1 1 1.861595e-14 0.000000e+00
75 94 2.608770e-02 2.072220e-02 0 3 1 1 1.833168e-14 0.000000e+00
75 95 2.608770e-02 2.608770e-02 0 3 1 1 1.762640e-14 0.000000e+00
75 96 2.608770e-02 3.284247e-02 0 3 1 1 1.588024e-14 0.000000e+00
75 97 2.608770e-02 4.134622e-02 0 3 1 1 1.358382e-14 0.000000e+00
75 98 2.608770e-02 5.205181e-02 0 3 1 1 1.107791e-14 0.000000e+00
75 99 2.608770e-02 6.552935e-02 0 3 1 1 8.559076e-15 0.000000e+00
76 80 3.284247e-02 8.249656e-04 0 3 1 1 1.639216e-14 0.000000e+00
76 81 3.284247e-02 1.038570e-03 0 3 1 1 1.639211e-14 0.000000e+00
76 82 3.284247e-02 1.307482e-03 0 3 1 1 1.639174e-14 0.000000e+00
76 83 3.284247e-02 1.646023e-03 0 3 1 1 1.639134e-14 0.000000e+00
76 84 3.284247e-02 2.072220e-03 0 3 1 1 1.639058e-14 0.000000e+00
76 85 3.284247e-02 2.608770e-03 0 3 1 1 1.638939e-14 0.000000e+00
76 86 3.284247e-02 3.284247e-03 0 3 1 1 1.638750e-14 0.000000e+00
76 87 3.284247e-02 4.134622e-03 0 3 1 1 1.638447e-14 0.000000e+00
76 88 3.284247e-02 5.205181e-03 0 3 1 1 1.637962e-14 0.000000e+00
76 89 3.284247e-02 6.552935e-03 0 3 1 1 1.637177e-14 0.000000e+00
76 90 3.284247e-02 8.249656e-03 0 3 1 1 1.635895e-14 0.000000e+00
76 91 3.284247e-02 1.038570e-02 0 3 1 1 1.633764e-14 0.000000e+00
76 92 3.284247e-02 1.307482e-02 0 3 1 1 1.630133e-14 0.000000e+00
76 93 3.284247e-02 1.646023e-02 0 3 1 1 1.623716e-14 0.000000e+00
76 94 3.284247e-02 2.072220e-02 0 3 1 1 1.611785e-14 0.000000e+00
76 95 3.284247e-02 2.608770e-02 0 3 1 1 1.588024e-14 0.000000e+00
76 96 3.284247e-02 3.284247e-02 0 3 1 1 1.520556e-14 0.000000e+00
76 97 3.284247e-02 4.134622e-02 0 3 1 1 1.342758e-14 0.000000e+00
76 98 3.284247e-02 5.205181e-02 0 3 1 1 1.110122e-14 0.000000e+00
76 99 3.284247e-02 6.552935e-02 0 3 1 1 8.646308e-15 0.000000e+00
77 80 4.134622e-02 8.249656e-04 0 3 1 1 1.367511e-14 0.000000e+00
77 81 4.134622e-02 1.038570e-03 0 3 1 1 1.367524e-14 0.000000e+00
77 82 4.134622e-02 1.307482e-03 0 3 1 1 1.367518e-14 0.000000e+00
77 83 4.134622e-02 1.646023e-03 0 3 1 1 1.367525e-14 0.000000e+00
77 84 4.134622e-02 2.072220e-03 0 3 1 1 1.367524e-14 0.000000e+00
77 85 4.134622e-02 2.608770e-03 0 3 1 1 1.367524e-14 0.000000e+00
77 86 4.134622e-02 3.284247e-03 0 3 1 1 1.367524e-14 0.000000e+00
77 87 4.134622e-02 4.134622e-03 0 3 1 1 1.367522e-14 0.000000e+00
77 88 4.134622e-02 5.205181e-03 0 3 1 1 1.367517e-14 0.000000e+00
77 89 4.134622e-02 6.552935e-03 0 3 1 1 1.367500e-14 0.000000e+00
77 90 4.134622e-02 8.249656e-03 0 3 1 1 1.367455e-14 0.000000e+00
77 91 4.134622e-02 1.038570e-02 0 3 1 1 1.367336e-14 0.000000e+00
77 92 4.134622e-02 1.307482e-02 0 3 1 1 1.367024e-14 0.000000e+00
77 93 4.134622e-02 1.646023e-02 0 3 1 1 1.366209e-14 0.000000e+00
77 94 4.134622e-02 2.072220e-02 0 3 1 1 1.364073e-14 0.000000e+00
77 95 4.134622e-02 2.608770e-02 0 3 1 1 1.358382e-14 0.000000e+00
77 96 4.134622e-02 3.284247e-02 0 3 1 1 1.342758e-14 0.000000e+00
77 97 4.134622e-02 4.134622e-02 0 3 1 1 1.282451e-14 0.000000e+00
77 98 4.134622e-02 5.205181e-02 0 3 1 1 1.105578e-14 0.000000e+00
77 99 4.134622e-02 6.552935e-02 0 3 1 1 8.756958e-15 0.000000e+00
78 80 5.205181e-02 8.249656e-04 0 3 1 1 1.096463e-14 0.000000e+00
78 81 5.205181e-02 1.038570e-03 0 3 1 1 1.096485e-14 0.000000e+00
78 82 5.205181e-02 1.307482e-03 0 3 1 1 1.096493e-14 0.000000e+00
78 83 5.205181e-02 1.646023e-03 0 3 1 1 1.096522e-14 0.000000e+00
78 84 5.205181e-02 2.072220e-03 0 3 1 1 1.096557e-14 0.000000e+00
78 85 5.205181e-02 2.608770e-03 0 3 1 1 1.096613e-14 0.000000e+00
78 86 5.205181e-02 3.284247e-03 0 3 1 1 1.096702e-14 0.000000e+00
78 87 5.205181e-02 4.134622e-03 0 3 1 1 1.096843e-14 0.000000e+00
78 88 5.205181e-02 5.205181e-03 0 3 1 1 1.097065e-14 0.000000e+00
78 89 5.205181e-02 6.552935e-03 0 3 1 1 1.097413e-14 0.000000e+00
78 90 5.205181e-02 8.249656e-03 0 3 1 1 1.097957e-14 0.000000e+00
78 91 5.205181e-02 1.038570e-02 0 3 1 1 1.098798e-14 0.000000e+00
78 92 5.205181e-02 1.307482e-02 0 3 1 1 1.100076e-14 0.000000e+00
78 93 5.205181e-02 1.646023e-02 0 3 1 1 1.101965e-14 0.000000e+00
78 94 5.205181e-02 2.072220e-02 0 3 1 1 1.104596e-14 0.000000e+00
78 95 5.205181e-02 2.608770e-02 0 3 1 1 1.107791e-14 0.000000e+00
78 96 5.205181e-02 3.284247e-02 0 3 1 1 1.110122e-14 0.000000e+00
78 97 5.205181e-02 4.134622e-02 0 3 1 1 1.105578e-14 0.000000e+00
78 98 5.205181e-02 5.205181e-02 0 3 1 1 1.056201e-14 0.000000e+00
78 99 5.205181e-02 6.552935e-02 0 3 1 1 8.841113e-15 0.000000e+00
79 80 6.552935e-02 8.249656e-04 0 3 1 1 8.385030e-15 0.000000e+00
79 81 6.552935e-02 1.038570e-03 0 3 1 1 8.385271e-15 0.000000e+00
79 82 6.552935e-02 1.307482e-03 0 3 1 1 8.385386e-15 0.000000e+00
79 83 6.552935e-02 1.646023e-03 0 3 1 1 8.385730e-15 0.000000e+00
79 84 6.552935e-02 2.072220e-03 0 3 1 1 8.386157e-15 0.000000e+00
79 85 6.552935e-02 2.608770e-03 0 3 1 1 8.386849e-15 0.000000e+00
79 86 6.552935e-02 3.284247e-03 0 3 1 1 8.387945e-15 0.000000e+00
79 87 6.552935e-02 4.134622e-03 0 3 1 1 8.389681e-15 0.000000e+00
79 88 6.552935e-02 5.205181e-03 0 3 1 1 8.392429e-15 0.000000e+00
79 89 6.552935e-02 6.552935e-03 0 3 1 1 8.396772e-15 0.000000e+00
79 90 6.552935e-02 8.249656e-03 0 3 1 1 8.403626e-15 0.000000e+00
79 91 6.552935e-02 1.038570e-02 0 3 1 1 8.414417e-15 0.000000e+00
79 92 6.552935e-02 1.307482e-02 0 3 1 1 8.431336e-15 0.000000e+00
79 93 6.552935e-02 1.646023e-02 0 3 1 1 8.457678e-15 0.000000e+00
79 94 6.552935e-02 2.072220e-02 0 3 1 1 8.498189e-15 0.000000e+00
79 95 6.552935e-02 2.608770e-02 0 3 1 1 8.559076e-15 0.000000e+00
79 96 6.552935e-02 3.284247e-02 0 3 1 1 8.646308e-15 0.000000e+00
79 97 6.552935e-02 4.134622e-02 0 3 1 1 8.756958e-15 0.000000e+00
79 98 6.552935e-02 5.205181e-02 0 3 1 1 8.841113e-15 0.000000e+00
79 99 6.552935e-02 6.552935e-02 0 3 1 1 8.487565e-15 0.000000e+00
