# Please cite the following papers in research using this covariance:
# arXiv: 1601.05779, https://arxiv.org/abs/1601.05779
# arXiv: 1911.11947, https://arxiv.org/abs/1911.11947
# arXiv: 2004.04833, https://arxiv.org/abs/2004.04833
########################################################
40 60 8.249656e-04 8.249656e-04 0 2 0 3 2.643868e-13 0.000000e+00
40 61 8.249656e-04 1.038570e-03 0 2 0 3 2.276812e-13 0.000000e+00
40 62 8.249656e-04 1.307482e-03 0 2 0 3 1.874011e-13 0.000000e+00
40 63 8.249656e-04 1.646023e-03 0 2 0 3 1.557001e-13 0.000000e+00
40 64 8.249656e-04 2.072220e-03 0 2 0 3 1.312164e-13 0.000000e+00
40 65 8.249656e-04 2.608770e-03 0 2 0 3 1.122056e-13 0.000000e+00
40 66 8.249656e-04 3.284247e-03 0 2 0 3 9.717274e-14 0.000000e+00
40 67 8.249656e-04 4.134622e-03 0 2 0 3 8.495431e-14 0.000000e+00
40 68 8.249656e-04 5.205181e-03 0 2 0 3 7.469304e-14 0.000000e+00
40 69 8.249656e-04 6.552935e-03 0 2 0 3 6.578577e-14 0.000000e+00
40 70 8.249656e-04 8.249656e-03 0 2 0 3 5.782876e-14 0.000000e+00
40 71 8.249656e-04 1.038570e-02 0 2 0 3 5.056784e-14 0.000000e+00
40 72 8.249656e-04 1.307482e-02 0 2 0 3 4.385431e-14 0.000000e+00
40 73 8.249656e-04 1.646023e-02 0 2 0 3 3.760938e-14 0.000000e+00
40 74 8.249656e-04 2.072220e-02 0 2 0 3 3.179892e-14 0.000000e+00
40 75 8.249656e-04 2.608770e-02 0 2 0 3 2.641672e-14 0.000000e+00
40 76 8.249656e-04 3.284247e-02 0 2 0 3 2.147634e-14 0.000000e+00
40 77 8.249656e-04 4.134622e-02 0 2 0 3 1.700608e-14 0.000000e+00
40 78 8.249656e-04 5.205181e-02 0 2 0 3 1.304286e-14 0.000000e+00
40 79 8.249656e-04 6.552935e-02 0 2 0 3 9.600655e-15 0.000000e+00
41 60 1.038570e-03 8.249656e-04 0 2 0 3 2.276812e-13 0.000000e+00
41 61 1.038570e-03 1.038570e-03 0 2 0 3 2.297425e-13 0.000000e+00
41 62 1.038570e-03 1.307482e-03 0 2 0 3 1.959260e-13 0.000000e+00
41 63 1.038570e-03 1.646023e-03 0 2 0 3 1.602271e-13 0.000000e+00
41 64 1.038570e-03 2.072220e-03 0 2 0 3 1.334318e-13 0.000000e+00
41 65 1.038570e-03 2.608770e-03 0 2 0 3 1.132454e-13 0.000000e+00
41 66 1.038570e-03 3.284247e-03 0 2 0 3 9.764622e-14 0.000000e+00
41 67 1.038570e-03 4.134622e-03 0 2 0 3 8.516534e-14 0.000000e+00
41 68 1.038570e-03 5.205181e-03 0 2 0 3 7.478634e-14 0.000000e+00
41 69 1.038570e-03 6.552935e-03 0 2 0 3 6.582745e-14 0.000000e+00
41 70 1.038570e-03 8.249656e-03 0 2 0 3 5.784820e-14 0.000000e+00
41 71 1.038570e-03 1.038570e-02 0 2 0 3 5.057767e-14 0.000000e+00
41 72 1.038570e-03 1.307482e-02 0 2 0 3 4.385969e-14 0.000000e+00
41 73 1.038570e-03 1.646023e-02 0 2 0 3 3.761260e-14 0.000000e+00
41 74 1.038570e-03 2.072220e-02 0 2 0 3 3.180098e-14 0.000000e+00
41 75 1.038570e-03 2.608770e-02 0 2 0 3 2.641810e-14 0.000000e+00
41 76 1.038570e-03 3.284247e-02 0 2 0 3 2.147733e-14 0.000000e+00
41 77 1.038570e-03 4.134622e-02 0 2 0 3 1.700682e-14 0.000000e+00
41 78 1.038570e-03 5.205181e-02 0 2 0 3 1.304337e-14 0.000000e+00
41 79 1.038570e-03 6.552935e-02 0 2 0 3 9.601033e-15 0.000000e+00
42 60 1.307482e-03 8.249656e-04 0 2 0 3 1.874011e-13 0.000000e+00
42 61 1.307482e-03 1.038570e-03 0 2 0 3 1.959260e-13 0.000000e+00
42 62 1.307482e-03 1.307482e-03 0 2 0 3 1.995101e-13 0.000000e+00
42 63 1.307482e-03 1.646023e-03 0 2 0 3 1.686439e-13 0.000000e+00
42 64 1.307482e-03 2.072220e-03 0 2 0 3 1.374520e-13 0.000000e+00
42 65 1.307482e-03 2.608770e-03 0 2 0 3 1.150648e-13 0.000000e+00
42 66 1.307482e-03 3.284247e-03 0 2 0 3 9.845040e-14 0.000000e+00
42 67 1.307482e-03 4.134622e-03 0 2 0 3 8.551577e-14 0.000000e+00
42 68 1.307482e-03 5.205181e-03 0 2 0 3 7.493852e-14 0.000000e+00
42 69 1.307482e-03 6.552935e-03 0 2 0 3 6.589455e-14 0.000000e+00
42 70 1.307482e-03 8.249656e-03 0 2 0 3 5.787910e-14 0.000000e+00
42 71 1.307482e-03 1.038570e-02 0 2 0 3 5.059291e-14 0.000000e+00
42 72 1.307482e-03 1.307482e-02 0 2 0 3 4.386784e-14 0.000000e+00
42 73 1.307482e-03 1.646023e-02 0 2 0 3 3.761738e-14 0.000000e+00
42 74 1.307482e-03 2.072220e-02 0 2 0 3 3.180384e-14 0.000000e+00
42 75 1.307482e-03 2.608770e-02 0 2 0 3 2.641998e-14 0.000000e+00
42 76 1.307482e-03 3.284247e-02 0 2 0 3 2.147855e-14 0.000000e+00
42 77 1.307482e-03 4.134622e-02 0 2 0 3 1.700765e-14 0.000000e+00
42 78 1.307482e-03 5.205181e-02 0 2 0 3 1.304387e-14 0.000000e+00
42 79 1.307482e-03 6.552935e-02 0 2 0 3 9.601321e-15 0.000000e+00
43 60 1.646023e-03 8.249656e-04 0 2 0 3 1.557001e-13 0.000000e+00
43 61 1.646023e-03 1.038570e-03 0 2 0 3 1.602271e-13 0.000000e+00
43 62 1.646023e-03 1.307482e-03 0 2 0 3 1.686439e-13 0.000000e+00
43 63 1.646023e-03 1.646023e-03 0 2 0 3 1.733177e-13 0.000000e+00
43 64 1.646023e-03 2.072220e-03 0 2 0 3 1.453836e-13 0.000000e+00
43 65 1.646023e-03 2.608770e-03 0 2 0 3 1.184700e-13 0.000000e+00
43 66 1.646023e-03 3.284247e-03 0 2 0 3 9.988113e-14 0.000000e+00
43 67 1.646023e-03 4.134622e-03 0 2 0 3 8.611645e-14 0.000000e+00
43 68 1.646023e-03 5.205181e-03 0 2 0 3 7.519257e-14 0.000000e+00
43 69 1.646023e-03 6.552935e-03 0 2 0 3 6.600451e-14 0.000000e+00
43 70 1.646023e-03 8.249656e-03 0 2 0 3 5.792914e-14 0.000000e+00
43 71 1.646023e-03 1.038570e-02 0 2 0 3 5.061752e-14 0.000000e+00
43 72 1.646023e-03 1.307482e-02 0 2 0 3 4.388113e-14 0.000000e+00
43 73 1.646023e-03 1.646023e-02 0 2 0 3 3.762514e-14 0.000000e+00
43 74 1.646023e-03 2.072220e-02 0 2 0 3 3.180868e-14 0.000000e+00
43 75 1.646023e-03 2.608770e-02 0 2 0 3 2.642321e-14 0.000000e+00
43 76 1.646023e-03 3.284247e-02 0 2 0 3 2.148071e-14 0.000000e+00
43 77 1.646023e-03 4.134622e-02 0 2 0 3 1.700918e-14 0.000000e+00
43 78 1.646023e-03 5.205181e-02 0 2 0 3 1.304487e-14 0.000000e+00
43 79 1.646023e-03 6.552935e-02 0 2 0 3 9.601973e-15 0.000000e+00
44 60 2.072220e-03 8.249656e-04 0 2 0 3 1.312164e-13 0.000000e+00
44 61 2.072220e-03 1.038570e-03 0 2 0 3 1.334318e-13 0.000000e+00
44 62 2.072220e-03 1.307482e-03 0 2 0 3 1.374520e-13 0.000000e+00
44 63 2.072220e-03 1.646023e-03 0 2 0 3 1.453836e-13 0.000000e+00
44 64 2.072220e-03 2.072220e-03 0 2 0 3 1.507024e-13 0.000000e+00
44 65 2.072220e-03 2.608770e-03 0 2 0 3 1.256301e-13 0.000000e+00
44 66 2.072220e-03 3.284247e-03 0 2 0 3 1.026424e-13 0.000000e+00
44 67 2.072220e-03 4.134622e-03 0 2 0 3 8.720070e-14 0.000000e+00
44 68 2.072220e-03 5.205181e-03 0 2 0 3 7.563030e-14 0.000000e+00
44 69 2.072220e-03 6.552935e-03 0 2 0 3 6.618802e-14 0.000000e+00
44 70 2.072220e-03 8.249656e-03 0 2 0 3 5.801079e-14 0.000000e+00
44 71 2.072220e-03 1.038570e-02 0 2 0 3 5.065701e-14 0.000000e+00
44 72 2.072220e-03 1.307482e-02 0 2 0 3 4.390216e-14 0.000000e+00
44 73 2.072220e-03 1.646023e-02 0 2 0 3 3.763733e-14 0.000000e+00
44 74 2.072220e-03 2.072220e-02 0 2 0 3 3.181629e-14 0.000000e+00
44 75 2.072220e-03 2.608770e-02 0 2 0 3 2.642813e-14 0.000000e+00
44 76 2.072220e-03 3.284247e-02 0 2 0 3 2.148401e-14 0.000000e+00
44 77 2.072220e-03 4.134622e-02 0 2 0 3 1.701143e-14 0.000000e+00
44 78 2.072220e-03 5.205181e-02 0 2 0 3 1.304633e-14 0.000000e+00
44 79 2.072220e-03 6.552935e-02 0 2 0 3 9.602868e-15 0.000000e+00
45 60 2.608770e-03 8.249656e-04 0 2 0 3 1.122056e-13 0.000000e+00
45 61 2.608770e-03 1.038570e-03 0 2 0 3 1.132454e-13 0.000000e+00
45 62 2.608770e-03 1.307482e-03 0 2 0 3 1.150648e-13 0.000000e+00
45 63 2.608770e-03 1.646023e-03 0 2 0 3 1.184700e-13 0.000000e+00
45 64 2.608770e-03 2.072220e-03 0 2 0 3 1.256301e-13 0.000000e+00
45 65 2.608770e-03 2.608770e-03 0 2 0 3 1.311807e-13 0.000000e+00
45 66 2.608770e-03 3.284247e-03 0 2 0 3 1.088547e-13 0.000000e+00
45 67 2.608770e-03 4.134622e-03 0 2 0 3 8.935549e-14 0.000000e+00
45 68 2.608770e-03 5.205181e-03 0 2 0 3 7.643003e-14 0.000000e+00
45 69 2.608770e-03 6.552935e-03 0 2 0 3 6.650515e-14 0.000000e+00
45 70 2.608770e-03 8.249656e-03 0 2 0 3 5.814671e-14 0.000000e+00
45 71 2.608770e-03 1.038570e-02 0 2 0 3 5.072128e-14 0.000000e+00
45 72 2.608770e-03 1.307482e-02 0 2 0 3 4.393598e-14 0.000000e+00
45 73 2.608770e-03 1.646023e-02 0 2 0 3 3.765685e-14 0.000000e+00
45 74 2.608770e-03 2.072220e-02 0 2 0 3 3.182834e-14 0.000000e+00
45 75 2.608770e-03 2.608770e-02 0 2 0 3 2.643592e-14 0.000000e+00
45 76 2.608770e-03 3.284247e-02 0 2 0 3 2.148927e-14 0.000000e+00
45 77 2.608770e-03 4.134622e-02 0 2 0 3 1.701498e-14 0.000000e+00
45 78 2.608770e-03 5.205181e-02 0 2 0 3 1.304867e-14 0.000000e+00
45 79 2.608770e-03 6.552935e-02 0 2 0 3 9.604302e-15 0.000000e+00
46 60 3.284247e-03 8.249656e-04 0 2 0 3 9.717274e-14 0.000000e+00
46 61 3.284247e-03 1.038570e-03 0 2 0 3 9.764622e-14 0.000000e+00
46 62 3.284247e-03 1.307482e-03 0 2 0 3 9.845040e-14 0.000000e+00
46 63 3.284247e-03 1.646023e-03 0 2 0 3 9.988113e-14 0.000000e+00
46 64 3.284247e-03 2.072220e-03 0 2 0 3 1.026424e-13 0.000000e+00
46 65 3.284247e-03 2.608770e-03 0 2 0 3 1.088547e-13 0.000000e+00
46 66 3.284247e-03 3.284247e-03 0 2 0 3 1.142868e-13 0.000000e+00
46 67 3.284247e-03 4.134622e-03 0 2 0 3 9.455344e-14 0.000000e+00
46 68 3.284247e-03 5.205181e-03 0 2 0 3 7.806020e-14 0.000000e+00
46 69 3.284247e-03 6.552935e-03 0 2 0 3 6.708806e-14 0.000000e+00
46 70 3.284247e-03 8.249656e-03 0 2 0 3 5.838083e-14 0.000000e+00
46 71 3.284247e-03 1.038570e-02 0 2 0 3 5.082763e-14 0.000000e+00
46 72 3.284247e-03 1.307482e-02 0 2 0 3 4.399065e-14 0.000000e+00
46 73 3.284247e-03 1.646023e-02 0 2 0 3 3.768803e-14 0.000000e+00
46 74 3.284247e-03 2.072220e-02 0 2 0 3 3.184753e-14 0.000000e+00
46 75 3.284247e-03 2.608770e-02 0 2 0 3 2.644835e-14 0.000000e+00
46 76 3.284247e-03 3.284247e-02 0 2 0 3 2.149757e-14 0.000000e+00
46 77 3.284247e-03 4.134622e-02 0 2 0 3 1.702065e-14 0.000000e+00
46 78 3.284247e-03 5.205181e-02 0 2 0 3 1.305240e-14 0.000000e+00
46 79 3.284247e-03 6.552935e-02 0 2 0 3 9.606577e-15 0.000000e+00
47 60 4.134622e-03 8.249656e-04 0 2 0 3 8.495431e-14 0.000000e+00
47 61 4.134622e-03 1.038570e-03 0 2 0 3 8.516534e-14 0.000000e+00
47 62 4.134622e-03 1.307482e-03 0 2 0 3 8.551577e-14 0.000000e+00
47 63 4.134622e-03 1.646023e-03 0 2 0 3 8.611645e-14 0.000000e+00
47 64 4.134622e-03 2.072220e-03 0 2 0 3 8.720070e-14 0.000000e+00
47 65 4.134622e-03 2.608770e-03 0 2 0 3 8.935549e-14 0.000000e+00
47 66 4.134622e-03 3.284247e-03 0 2 0 3 9.455344e-14 0.000000e+00
47 67 4.134622e-03 4.134622e-03 0 2 0 3 9.959866e-14 0.000000e+00
47 68 4.134622e-03 5.205181e-03 0 2 0 3 8.227272e-14 0.000000e+00
47 69 4.134622e-03 6.552935e-03 0 2 0 3 6.829708e-14 0.000000e+00
47 70 4.134622e-03 8.249656e-03 0 2 0 3 5.881001e-14 0.000000e+00
47 71 4.134622e-03 1.038570e-02 0 2 0 3 5.100907e-14 0.000000e+00
47 72 4.134622e-03 1.307482e-02 0 2 0 3 4.408038e-14 0.000000e+00
47 73 4.134622e-03 1.646023e-02 0 2 0 3 3.773831e-14 0.000000e+00
47 74 4.134622e-03 2.072220e-02 0 2 0 3 3.187818e-14 0.000000e+00
47 75 4.134622e-03 2.608770e-02 0 2 0 3 2.646809e-14 0.000000e+00
47 76 4.134622e-03 3.284247e-02 0 2 0 3 2.151077e-14 0.000000e+00
47 77 4.134622e-03 4.134622e-02 0 2 0 3 1.702968e-14 0.000000e+00
47 78 4.134622e-03 5.205181e-02 0 2 0 3 1.305828e-14 0.000000e+00
47 79 4.134622e-03 6.552935e-02 0 2 0 3 9.610194e-15 0.000000e+00
48 60 5.205181e-03 8.249656e-04 0 2 0 3 7.469304e-14 0.000000e+00
48 61 5.205181e-03 1.038570e-03 0 2 0 3 7.478634e-14 0.000000e+00
48 62 5.205181e-03 1.307482e-03 0 2 0 3 7.493852e-14 0.000000e+00
48 63 5.205181e-03 1.646023e-03 0 2 0 3 7.519257e-14 0.000000e+00
48 64 5.205181e-03 2.072220e-03 0 2 0 3 7.563030e-14 0.000000e+00
48 65 5.205181e-03 2.608770e-03 0 2 0 3 7.643003e-14 0.000000e+00
48 66 5.205181e-03 3.284247e-03 0 2 0 3 7.806020e-14 0.000000e+00
48 67 5.205181e-03 4.134622e-03 0 2 0 3 8.227272e-14 0.000000e+00
48 68 5.205181e-03 5.205181e-03 0 2 0 3 8.675245e-14 0.000000e+00
48 69 5.205181e-03 6.552935e-03 0 2 0 3 7.162268e-14 0.000000e+00
48 70 5.205181e-03 8.249656e-03 0 2 0 3 5.970376e-14 0.000000e+00
48 71 5.205181e-03 1.038570e-02 0 2 0 3 5.133720e-14 0.000000e+00
48 72 5.205181e-03 1.307482e-02 0 2 0 3 4.423141e-14 0.000000e+00
48 73 5.205181e-03 1.646023e-02 0 2 0 3 3.782012e-14 0.000000e+00
48 74 5.205181e-03 2.072220e-02 0 2 0 3 3.192738e-14 0.000000e+00
48 75 5.205181e-03 2.608770e-02 0 2 0 3 2.649961e-14 0.000000e+00
48 76 5.205181e-03 3.284247e-02 0 2 0 3 2.153178e-14 0.000000e+00
48 77 5.205181e-03 4.134622e-02 0 2 0 3 1.704398e-14 0.000000e+00
48 78 5.205181e-03 5.205181e-02 0 2 0 3 1.306760e-14 0.000000e+00
48 79 5.205181e-03 6.552935e-02 0 2 0 3 9.615947e-15 0.000000e+00
49 60 6.552935e-03 8.249656e-04 0 2 0 3 6.578577e-14 0.000000e+00
49 61 6.552935e-03 1.038570e-03 0 2 0 3 6.582745e-14 0.000000e+00
49 62 6.552935e-03 1.307482e-03 0 2 0 3 6.589455e-14 0.000000e+00
49 63 6.552935e-03 1.646023e-03 0 2 0 3 6.600451e-14 0.000000e+00
49 64 6.552935e-03 2.072220e-03 0 2 0 3 6.618802e-14 0.000000e+00
49 65 6.552935e-03 2.608770e-03 0 2 0 3 6.650515e-14 0.000000e+00
49 66 6.552935e-03 3.284247e-03 0 2 0 3 6.708806e-14 0.000000e+00
49 67 6.552935e-03 4.134622e-03 0 2 0 3 6.829708e-14 0.000000e+00
49 68 6.552935e-03 5.205181e-03 0 2 0 3 7.162268e-14 0.000000e+00
49 69 6.552935e-03 6.552935e-03 0 2 0 3 7.544424e-14 0.000000e+00
49 70 6.552935e-03 8.249656e-03 0 2 0 3 6.228186e-14 0.000000e+00
49 71 6.552935e-03 1.038570e-02 0 2 0 3 5.201075e-14 0.000000e+00
49 72 6.552935e-03 1.307482e-02 0 2 0 3 4.449862e-14 0.000000e+00
49 73 6.552935e-03 1.646023e-02 0 2 0 3 3.795599e-14 0.000000e+00
49 74 6.552935e-03 2.072220e-02 0 2 0 3 3.200700e-14 0.000000e+00
49 75 6.552935e-03 2.608770e-02 0 2 0 3 2.655004e-14 0.000000e+00
49 76 6.552935e-03 3.284247e-02 0 2 0 3 2.156523e-14 0.000000e+00
49 77 6.552935e-03 4.134622e-02 0 2 0 3 1.706669e-14 0.000000e+00
49 78 6.552935e-03 5.205181e-02 0 2 0 3 1.308242e-14 0.000000e+00
49 79 6.552935e-03 6.552935e-02 0 2 0 3 9.625067e-15 0.000000e+00
50 60 8.249656e-03 8.249656e-04 0 2 0 3 5.782876e-14 0.000000e+00
50 61 8.249656e-03 1.038570e-03 0 2 0 3 5.784820e-14 0.000000e+00
50 62 8.249656e-03 1.307482e-03 0 2 0 3 5.787910e-14 0.000000e+00
50 63 8.249656e-03 1.646023e-03 0 2 0 3 5.792914e-14 0.000000e+00
50 64 8.249656e-03 2.072220e-03 0 2 0 3 5.801079e-14 0.000000e+00
50 65 8.249656e-03 2.608770e-03 0 2 0 3 5.814671e-14 0.000000e+00
50 66 8.249656e-03 3.284247e-03 0 2 0 3 5.838083e-14 0.000000e+00
50 67 8.249656e-03 4.134622e-03 0 2 0 3 5.881001e-14 0.000000e+00
50 68 8.249656e-03 5.205181e-03 0 2 0 3 5.970376e-14 0.000000e+00
50 69 8.249656e-03 6.552935e-03 0 2 0 3 6.228186e-14 0.000000e+00
50 70 8.249656e-03 8.249656e-03 0 2 0 3 6.542663e-14 0.000000e+00
50 71 8.249656e-03 1.038570e-02 0 2 0 3 5.399538e-14 0.000000e+00
50 72 8.249656e-03 1.307482e-02 0 2 0 3 4.502945e-14 0.000000e+00
50 73 8.249656e-03 1.646023e-02 0 2 0 3 3.819074e-14 0.000000e+00
50 74 8.249656e-03 2.072220e-02 0 2 0 3 3.213781e-14 0.000000e+00
50 75 8.249656e-03 2.608770e-02 0 2 0 3 2.663135e-14 0.000000e+00
50 76 8.249656e-03 3.284247e-02 0 2 0 3 2.161871e-14 0.000000e+00
50 77 8.249656e-03 4.134622e-02 0 2 0 3 1.710282e-14 0.000000e+00
50 78 8.249656e-03 5.205181e-02 0 2 0 3 1.310595e-14 0.000000e+00
50 79 8.249656e-03 6.552935e-02 0 2 0 3 9.639583e-15 0.000000e+00
51 60 1.038570e-02 8.249656e-04 0 2 0 3 5.056784e-14 0.000000e+00
51 61 1.038570e-02 1.038570e-03 0 2 0 3 5.057767e-14 0.000000e+00
51 62 1.038570e-02 1.307482e-03 0 2 0 3 5.059291e-14 0.000000e+00
51 63 1.038570e-02 1.646023e-03 0 2 0 3 5.061752e-14 0.000000e+00
51 64 1.038570e-02 2.072220e-03 0 2 0 3 5.065701e-14 0.000000e+00
51 65 1.038570e-02 2.608770e-03 0 2 0 3 5.072128e-14 0.000000e+00
51 66 1.038570e-02 3.284247e-03 0 2 0 3 5.082763e-14 0.000000e+00
51 67 1.038570e-02 4.134622e-03 0 2 0 3 5.100907e-14 0.000000e+00
51 68 1.038570e-02 5.205181e-03 0 2 0 3 5.133720e-14 0.000000e+00
51 69 1.038570e-02 6.552935e-03 0 2 0 3 5.201075e-14 0.000000e+00
51 70 1.038570e-02 8.249656e-03 0 2 0 3 5.399538e-14 0.000000e+00
51 71 1.038570e-02 1.038570e-02 0 2 0 3 5.650167e-14 0.000000e+00
51 72 1.038570e-02 1.307482e-02 0 2 0 3 4.656923e-14 0.000000e+00
51 73 1.038570e-02 1.646023e-02 0 2 0 3 3.863743e-14 0.000000e+00
51 74 1.038570e-02 2.072220e-02 0 2 0 3 3.235937e-14 0.000000e+00
51 75 1.038570e-02 2.608770e-02 0 2 0 3 2.676399e-14 0.000000e+00
51 76 1.038570e-02 3.284247e-02 0 2 0 3 2.170466e-14 0.000000e+00
51 77 1.038570e-02 4.134622e-02 0 2 0 3 1.716041e-14 0.000000e+00
51 78 1.038570e-02 5.205181e-02 0 2 0 3 1.314339e-14 0.000000e+00
51 79 1.038570e-02 6.552935e-02 0 2 0 3 9.662750e-15 0.000000e+00
52 60 1.307482e-02 8.249656e-04 0 2 0 3 4.385431e-14 0.000000e+00
52 61 1.307482e-02 1.038570e-03 0 2 0 3 4.385969e-14 0.000000e+00
52 62 1.307482e-02 1.307482e-03 0 2 0 3 4.386784e-14 0.000000e+00
52 63 1.307482e-02 1.646023e-03 0 2 0 3 4.388113e-14 0.000000e+00
52 64 1.307482e-02 2.072220e-03 0 2 0 3 4.390216e-14 0.000000e+00
52 65 1.307482e-02 2.608770e-03 0 2 0 3 4.393598e-14 0.000000e+00
52 66 1.307482e-02 3.284247e-03 0 2 0 3 4.399065e-14 0.000000e+00
52 67 1.307482e-02 4.134622e-03 0 2 0 3 4.408038e-14 0.000000e+00
52 68 1.307482e-02 5.205181e-03 0 2 0 3 4.423141e-14 0.000000e+00
52 69 1.307482e-02 6.552935e-03 0 2 0 3 4.449862e-14 0.000000e+00
52 70 1.307482e-02 8.249656e-03 0 2 0 3 4.502945e-14 0.000000e+00
52 71 1.307482e-02 1.038570e-02 0 2 0 3 4.656923e-14 0.000000e+00
52 72 1.307482e-02 1.307482e-02 0 2 0 3 4.851412e-14 0.000000e+00
52 73 1.307482e-02 1.646023e-02 0 2 0 3 3.986318e-14 0.000000e+00
52 74 1.307482e-02 2.072220e-02 0 2 0 3 3.276374e-14 0.000000e+00
52 75 1.307482e-02 2.608770e-02 0 2 0 3 2.698544e-14 0.000000e+00
52 76 1.307482e-02 3.284247e-02 0 2 0 3 2.184415e-14 0.000000e+00
52 77 1.307482e-02 4.134622e-02 0 2 0 3 1.725259e-14 0.000000e+00
52 78 1.307482e-02 5.205181e-02 0 2 0 3 1.320308e-14 0.000000e+00
52 79 1.307482e-02 6.552935e-02 0 2 0 3 9.699815e-15 0.000000e+00
53 60 1.646023e-02 8.249656e-04 0 2 0 3 3.760938e-14 0.000000e+00
53 61 1.646023e-02 1.038570e-03 0 2 0 3 3.761260e-14 0.000000e+00
53 62 1.646023e-02 1.307482e-03 0 2 0 3 3.761738e-14 0.000000e+00
53 63 1.646023e-02 1.646023e-03 0 2 0 3 3.762514e-14 0.000000e+00
53 64 1.646023e-02 2.072220e-03 0 2 0 3 3.763733e-14 0.000000e+00
53 65 1.646023e-02 2.608770e-03 0 2 0 3 3.765685e-14 0.000000e+00
53 66 1.646023e-02 3.284247e-03 0 2 0 3 3.768803e-14 0.000000e+00
53 67 1.646023e-02 4.134622e-03 0 2 0 3 3.773831e-14 0.000000e+00
53 68 1.646023e-02 5.205181e-03 0 2 0 3 3.782012e-14 0.000000e+00
53 69 1.646023e-02 6.552935e-03 0 2 0 3 3.795599e-14 0.000000e+00
53 70 1.646023e-02 8.249656e-03 0 2 0 3 3.819074e-14 0.000000e+00
53 71 1.646023e-02 1.038570e-02 0 2 0 3 3.863743e-14 0.000000e+00
53 72 1.646023e-02 1.307482e-02 0 2 0 3 3.986318e-14 0.000000e+00
53 73 1.646023e-02 1.646023e-02 0 2 0 3 4.134562e-14 0.000000e+00
53 74 1.646023e-02 2.072220e-02 0 2 0 3 3.378317e-14 0.000000e+00
53 75 1.646023e-02 2.608770e-02 0 2 0 3 2.737657e-14 0.000000e+00
53 76 1.646023e-02 3.284247e-02 0 2 0 3 2.207467e-14 0.000000e+00
53 77 1.646023e-02 4.134622e-02 0 2 0 3 1.740122e-14 0.000000e+00
53 78 1.646023e-02 5.205181e-02 0 2 0 3 1.329871e-14 0.000000e+00
53 79 1.646023e-02 6.552935e-02 0 2 0 3 9.759437e-15 0.000000e+00
54 60 2.072220e-02 8.249656e-04 0 2 0 3 3.179892e-14 0.000000e+00
54 61 2.072220e-02 1.038570e-03 0 2 0 3 3.180098e-14 0.000000e+00
54 62 2.072220e-02 1.307482e-03 0 2 0 3 3.180384e-14 0.000000e+00
54 63 2.072220e-02 1.646023e-03 0 2 0 3 3.180868e-14 0.000000e+00
54 64 2.072220e-02 2.072220e-03 0 2 0 3 3.181629e-14 0.000000e+00
54 65 2.072220e-02 2.608770e-03 0 2 0 3 3.182834e-14 0.000000e+00
54 66 2.072220e-02 3.284247e-03 0 2 0 3 3.184753e-14 0.000000e+00
54 67 2.072220e-02 4.134622e-03 0 2 0 3 3.187818e-14 0.000000e+00
54 68 2.072220e-02 5.205181e-03 0 2 0 3 3.192738e-14 0.000000e+00
54 69 2.072220e-02 6.552935e-03 0 2 0 3 3.200700e-14 0.000000e+00
54 70 2.072220e-02 8.249656e-03 0 2 0 3 3.213781e-14 0.000000e+00
54 71 2.072220e-02 1.038570e-02 0 2 0 3 3.235937e-14 0.000000e+00
54 72 2.072220e-02 1.307482e-02 0 2 0 3 3.276374e-14 0.000000e+00
54 73 2.072220e-02 1.646023e-02 0 2 0 3 3.378317e-14 0.000000e+00
54 74 2.072220e-02 2.072220e-02 0 2 0 3 3.491042e-14 0.000000e+00
54 75 2.072220e-02 2.608770e-02 0 2 0 3 2.827404e-14 0.000000e+00
54 76 2.072220e-02 3.284247e-02 0 2 0 3 2.247215e-14 0.000000e+00
54 77 2.072220e-02 4.134622e-02 0 2 0 3 1.764448e-14 0.000000e+00
54 78 2.072220e-02 5.205181e-02 0 2 0 3 1.345312e-14 0.000000e+00
54 79 2.072220e-02 6.552935e-02 0 2 0 3 9.855975e-15 0.000000e+00
55 60 2.608770e-02 8.249656e-04 0 2 0 3 2.641672e-14 0.000000e+00
55 61 2.608770e-02 1.038570e-03 0 2 0 3 2.641810e-14 0.000000e+00
55 62 2.608770e-02 1.307482e-03 0 2 0 3 2.641998e-14 0.000000e+00
55 63 2.608770e-02 1.646023e-03 0 2 0 3 2.642321e-14 0.000000e+00
55 64 2.608770e-02 2.072220e-03 0 2 0 3 2.642813e-14 0.000000e+00
55 65 2.608770e-02 2.608770e-03 0 2 0 3 2.643592e-14 0.000000e+00
55 66 2.608770e-02 3.284247e-03 0 2 0 3 2.644835e-14 0.000000e+00
55 67 2.608770e-02 4.134622e-03 0 2 0 3 2.646809e-14 0.000000e+00
55 68 2.608770e-02 5.205181e-03 0 2 0 3 2.649961e-14 0.000000e+00
55 69 2.608770e-02 6.552935e-03 0 2 0 3 2.655004e-14 0.000000e+00
55 70 2.608770e-02 8.249656e-03 0 2 0 3 2.663135e-14 0.000000e+00
55 71 2.608770e-02 1.038570e-02 0 2 0 3 2.676399e-14 0.000000e+00
55 72 2.608770e-02 1.307482e-02 0 2 0 3 2.698544e-14 0.000000e+00
55 73 2.608770e-02 1.646023e-02 0 2 0 3 2.737657e-14 0.000000e+00
55 74 2.608770e-02 2.072220e-02 0 2 0 3 2.827404e-14 0.000000e+00
55 75 2.608770e-02 2.608770e-02 0 2 0 3 2.915114e-14 0.000000e+00
55 76 2.608770e-02 3.284247e-02 0 2 0 3 2.330896e-14 0.000000e+00
55 77 2.608770e-02 4.134622e-02 0 2 0 3 1.805655e-14 0.000000e+00
55 78 2.608770e-02 5.205181e-02 0 2 0 3 1.370610e-14 0.000000e+00
55 79 2.608770e-02 6.552935e-02 0 2 0 3 1.001378e-14 0.000000e+00
56 60 3.284247e-02 8.249656e-04 0 2 0 3 2.147634e-14 0.000000e+00
56 61 3.284247e-02 1.038570e-03 0 2 0 3 2.147733e-14 0.000000e+00
56 62 3.284247e-02 1.307482e-03 0 2 0 3 2.147855e-14 0.000000e+00
56 63 3.284247e-02 1.646023e-03 0 2 0 3 2.148071e-14 0.000000e+00
56 64 3.284247e-02 2.072220e-03 0 2 0 3 2.148401e-14 0.000000e+00
56 65 3.284247e-02 2.608770e-03 0 2 0 3 2.148927e-14 0.000000e+00
56 66 3.284247e-02 3.284247e-03 0 2 0 3 2.149757e-14 0.000000e+00
56 67 3.284247e-02 4.134622e-03 0 2 0 3 2.151077e-14 0.000000e+00
56 68 3.284247e-02 5.205181e-03 0 2 0 3 2.153178e-14 0.000000e+00
56 69 3.284247e-02 6.552935e-03 0 2 0 3 2.156523e-14 0.000000e+00
56 70 3.284247e-02 8.249656e-03 0 2 0 3 2.161871e-14 0.000000e+00
56 71 3.284247e-02 1.038570e-02 0 2 0 3 2.170466e-14 0.000000e+00
56 72 3.284247e-02 1.307482e-02 0 2 0 3 2.184415e-14 0.000000e+00
56 73 3.284247e-02 1.646023e-02 0 2 0 3 2.207467e-14 0.000000e+00
56 74 3.284247e-02 2.072220e-02 0 2 0 3 2.247215e-14 0.000000e+00
56 75 3.284247e-02 2.608770e-02 0 2 0 3 2.330896e-14 0.000000e+00
56 76 3.284247e-02 3.284247e-02 0 2 0 3 2.402669e-14 0.000000e+00
56 77 3.284247e-02 4.134622e-02 0 2 0 3 1.886959e-14 0.000000e+00
56 78 3.284247e-02 5.205181e-02 0 2 0 3 1.413371e-14 0.000000e+00
56 79 3.284247e-02 6.552935e-02 0 2 0 3 1.027535e-14 0.000000e+00
57 60 4.134622e-02 8.249656e-04 0 2 0 3 1.700608e-14 0.000000e+00
57 61 4.134622e-02 1.038570e-03 0 2 0 3 1.700682e-14 0.000000e+00
57 62 4.134622e-02 1.307482e-03 0 2 0 3 1.700765e-14 0.000000e+00
57 63 4.134622e-02 1.646023e-03 0 2 0 3 1.700918e-14 0.000000e+00
57 64 4.134622e-02 2.072220e-03 0 2 0 3 1.701143e-14 0.000000e+00
57 65 4.134622e-02 2.608770e-03 0 2 0 3 1.701498e-14 0.000000e+00
57 66 4.134622e-02 3.284247e-03 0 2 0 3 1.702065e-14 0.000000e+00
57 67 4.134622e-02 4.134622e-03 0 2 0 3 1.702968e-14 0.000000e+00
57 68 4.134622e-02 5.205181e-03 0 2 0 3 1.704398e-14 0.000000e+00
57 69 4.134622e-02 6.552935e-03 0 2 0 3 1.706669e-14 0.000000e+00
57 70 4.134622e-02 8.249656e-03 0 2 0 3 1.710282e-14 0.000000e+00
57 71 4.134622e-02 1.038570e-02 0 2 0 3 1.716041e-14 0.000000e+00
57 72 4.134622e-02 1.307482e-02 0 2 0 3 1.725259e-14 0.000000e+00
57 73 4.134622e-02 1.646023e-02 0 2 0 3 1.740122e-14 0.000000e+00
57 74 4.134622e-02 2.072220e-02 0 2 0 3 1.764448e-14 0.000000e+00
57 75 4.134622e-02 2.608770e-02 0 2 0 3 1.805655e-14 0.000000e+00
57 76 4.134622e-02 3.284247e-02 0 2 0 3 1.886959e-14 0.000000e+00
57 77 4.134622e-02 4.134622e-02 0 2 0 3 1.950007e-14 0.000000e+00
57 78 4.134622e-02 5.205181e-02 0 2 0 3 1.494723e-14 0.000000e+00
57 79 4.134622e-02 6.552935e-02 0 2 0 3 1.072043e-14 0.000000e+00
58 60 5.205181e-02 8.249656e-04 0 2 0 3 1.304286e-14 0.000000e+00
58 61 5.205181e-02 1.038570e-03 0 2 0 3 1.304337e-14 0.000000e+00
58 62 5.205181e-02 1.307482e-03 0 2 0 3 1.304387e-14 0.000000e+00
58 63 5.205181e-02 1.646023e-03 0 2 0 3 1.304487e-14 0.000000e+00
58 64 5.205181e-02 2.072220e-03 0 2 0 3 1.304633e-14 0.000000e+00
58 65 5.205181e-02 2.608770e-03 0 2 0 3 1.304867e-14 0.000000e+00
58 66 5.205181e-02 3.284247e-03 0 2 0 3 1.305240e-14 0.000000e+00
58 67 5.205181e-02 4.134622e-03 0 2 0 3 1.305828e-14 0.000000e+00
58 68 5.205181e-02 5.205181e-03 0 2 0 3 1.306760e-14 0.000000e+00
58 69 5.205181e-02 6.552935e-03 0 2 0 3 1.308242e-14 0.000000e+00
58 70 5.205181e-02 8.249656e-03 0 2 0 3 1.310595e-14 0.000000e+00
58 71 5.205181e-02 1.038570e-02 0 2 0 3 1.314339e-14 0.000000e+00
58 72 5.205181e-02 1.307482e-02 0 2 0 3 1.320308e-14 0.000000e+00
58 73 5.205181e-02 1.646023e-02 0 2 0 3 1.329871e-14 0.000000e+00
58 74 5.205181e-02 2.072220e-02 0 2 0 3 1.345312e-14 0.000000e+00
58 75 5.205181e-02 2.608770e-02 0 2 0 3 1.370610e-14 0.000000e+00
58 76 5.205181e-02 3.284247e-02 0 2 0 3 1.413371e-14 0.000000e+00
58 77 5.205181e-02 4.134622e-02 0 2 0 3 1.494723e-14 0.000000e+00
58 78 5.205181e-02 5.205181e-02 0 2 0 3 1.555306e-14 0.000000e+00
58 79 5.205181e-02 6.552935e-02 0 2 0 3 1.155104e-14 0.000000e+00
59 60 6.552935e-02 8.249656e-04 0 2 0 3 9.600655e-15 0.000000e+00
59 61 6.552935e-02 1.038570e-03 0 2 0 3 9.601033e-15 0.000000e+00
59 62 6.552935e-02 1.307482e-03 0 2 0 3 9.601321e-15 0.000000e+00
59 63 6.552935e-02 1.646023e-03 0 2 0 3 9.601973e-15 0.000000e+00
59 64 6.552935e-02 2.072220e-03 0 2 0 3 9.602868e-15 0.000000e+00
59 65 6.552935e-02 2.608770e-03 0 2 0 3 9.604302e-15 0.000000e+00
59 66 6.552935e-02 3.284247e-03 0 2 0 3 9.606577e-15 0.000000e+00
59 67 6.552935e-02 4.134622e-03 0 2 0 3 9.610194e-15 0.000000e+00
59 68 6.552935e-02 5.205181e-03 0 2 0 3 9.615947e-15 0.000000e+00
59 69 6.552935e-02 6.552935e-03 0 2 0 3 9.625067e-15 0.000000e+00
59 70 6.552935e-02 8.249656e-03 0 2 0 3 9.639583e-15 0.000000e+00
59 71 6.552935e-02 1.038570e-02 0 2 0 3 9.662750e-15 0.000000e+00
59 72 6.552935e-02 1.307482e-02 0 2 0 3 9.699815e-15 0.000000e+00
59 73 6.552935e-02 1.646023e-02 0 2 0 3 9.759437e-15 0.000000e+00
59 74 6.552935e-02 2.072220e-02 0 2 0 3 9.855975e-15 0.000000e+00
59 75 6.552935e-02 2.608770e-02 0 2 0 3 1.001378e-14 0.000000e+00
59 76 6.552935e-02 3.284247e-02 0 2 0 3 1.027535e-14 0.000000e+00
59 77 6.552935e-02 4.134622e-02 0 2 0 3 1.072043e-14 0.000000e+00
59 78 6.552935e-02 5.205181e-02 0 2 0 3 1.155104e-14 0.000000e+00
59 79 6.552935e-02 6.552935e-02 0 2 0 3 1.217950e-14 0.000000e+00
