# Please cite the following papers in research using this covariance:
# arXiv: 1601.05779, https://arxiv.org/abs/1601.05779
# arXiv: 1911.11947, https://arxiv.org/abs/1911.11947
# arXiv: 2004.04833, https://arxiv.org/abs/2004.04833
########################################################
20 160 8.249656e-04 8.249656e-04 0 1 2 3 4.850513e-14 0.000000e+00
20 161 8.249656e-04 1.038570e-03 0 1 2 3 4.804440e-14 0.000000e+00
20 162 8.249656e-04 1.307482e-03 0 1 2 3 4.737807e-14 0.000000e+00
20 163 8.249656e-04 1.646023e-03 0 1 2 3 4.651146e-14 0.000000e+00
20 164 8.249656e-04 2.072220e-03 0 1 2 3 4.546541e-14 0.000000e+00
20 165 8.249656e-04 2.608770e-03 0 1 2 3 4.426768e-14 0.000000e+00
20 166 8.249656e-04 3.284247e-03 0 1 2 3 4.294332e-14 0.000000e+00
20 167 8.249656e-04 4.134622e-03 0 1 2 3 4.150669e-14 0.000000e+00
20 168 8.249656e-04 5.205181e-03 0 1 2 3 3.995622e-14 0.000000e+00
20 169 8.249656e-04 6.552935e-03 0 1 2 3 3.827322e-14 0.000000e+00
20 170 8.249656e-04 8.249656e-03 0 1 2 3 3.642468e-14 0.000000e+00
20 171 8.249656e-04 1.038570e-02 0 1 2 3 3.436929e-14 0.000000e+00
20 172 8.249656e-04 1.307482e-02 0 1 2 3 3.206572e-14 0.000000e+00
20 173 8.249656e-04 1.646023e-02 0 1 2 3 2.948239e-14 0.000000e+00
20 174 8.249656e-04 2.072220e-02 0 1 2 3 2.660823e-14 0.000000e+00
20 175 8.249656e-04 2.608770e-02 0 1 2 3 2.346356e-14 0.000000e+00
20 176 8.249656e-04 3.284247e-02 0 1 2 3 2.010911e-14 0.000000e+00
20 177 8.249656e-04 4.134622e-02 0 1 2 3 1.664991e-14 0.000000e+00
20 178 8.249656e-04 5.205181e-02 0 1 2 3 1.322937e-14 0.000000e+00
20 179 8.249656e-04 6.552935e-02 0 1 2 3 1.000895e-14 0.000000e+00
21 160 1.038570e-03 8.249656e-04 0 1 2 3 4.804440e-14 0.000000e+00
21 161 1.038570e-03 1.038570e-03 0 1 2 3 4.771754e-14 0.000000e+00
21 162 1.038570e-03 1.307482e-03 0 1 2 3 4.717597e-14 0.000000e+00
21 163 1.038570e-03 1.646023e-03 0 1 2 3 4.639617e-14 0.000000e+00
21 164 1.038570e-03 2.072220e-03 0 1 2 3 4.540309e-14 0.000000e+00
21 165 1.038570e-03 2.608770e-03 0 1 2 3 4.423443e-14 0.000000e+00
21 166 1.038570e-03 3.284247e-03 0 1 2 3 4.292450e-14 0.000000e+00
21 167 1.038570e-03 4.134622e-03 0 1 2 3 4.149454e-14 0.000000e+00
21 168 1.038570e-03 5.205181e-03 0 1 2 3 3.994725e-14 0.000000e+00
21 169 1.038570e-03 6.552935e-03 0 1 2 3 3.826613e-14 0.000000e+00
21 170 1.038570e-03 8.249656e-03 0 1 2 3 3.641909e-14 0.000000e+00
21 171 1.038570e-03 1.038570e-02 0 1 2 3 3.436507e-14 0.000000e+00
21 172 1.038570e-03 1.307482e-02 0 1 2 3 3.206275e-14 0.000000e+00
21 173 1.038570e-03 1.646023e-02 0 1 2 3 2.948049e-14 0.000000e+00
21 174 1.038570e-03 2.072220e-02 0 1 2 3 2.660717e-14 0.000000e+00
21 175 1.038570e-03 2.608770e-02 0 1 2 3 2.346311e-14 0.000000e+00
21 176 1.038570e-03 3.284247e-02 0 1 2 3 2.010907e-14 0.000000e+00
21 177 1.038570e-03 4.134622e-02 0 1 2 3 1.665011e-14 0.000000e+00
21 178 1.038570e-03 5.205181e-02 0 1 2 3 1.322967e-14 0.000000e+00
21 179 1.038570e-03 6.552935e-02 0 1 2 3 1.000925e-14 0.000000e+00
22 160 1.307482e-03 8.249656e-04 0 1 2 3 4.737807e-14 0.000000e+00
22 161 1.307482e-03 1.038570e-03 0 1 2 3 4.717597e-14 0.000000e+00
22 162 1.307482e-03 1.307482e-03 0 1 2 3 4.681197e-14 0.000000e+00
22 163 1.307482e-03 1.646023e-03 0 1 2 3 4.618857e-14 0.000000e+00
22 164 1.307482e-03 2.072220e-03 0 1 2 3 4.529307e-14 0.000000e+00
22 165 1.307482e-03 2.608770e-03 0 1 2 3 4.417718e-14 0.000000e+00
22 166 1.307482e-03 3.284247e-03 0 1 2 3 4.289293e-14 0.000000e+00
22 167 1.307482e-03 4.134622e-03 0 1 2 3 4.147455e-14 0.000000e+00
22 168 1.307482e-03 5.205181e-03 0 1 2 3 3.993258e-14 0.000000e+00
22 169 1.307482e-03 6.552935e-03 0 1 2 3 3.825452e-14 0.000000e+00
22 170 1.307482e-03 8.249656e-03 0 1 2 3 3.640987e-14 0.000000e+00
22 171 1.307482e-03 1.038570e-02 0 1 2 3 3.435804e-14 0.000000e+00
22 172 1.307482e-03 1.307482e-02 0 1 2 3 3.205770e-14 0.000000e+00
22 173 1.307482e-03 1.646023e-02 0 1 2 3 2.947712e-14 0.000000e+00
22 174 1.307482e-03 2.072220e-02 0 1 2 3 2.660514e-14 0.000000e+00
22 175 1.307482e-03 2.608770e-02 0 1 2 3 2.346206e-14 0.000000e+00
22 176 1.307482e-03 3.284247e-02 0 1 2 3 2.010867e-14 0.000000e+00
22 177 1.307482e-03 4.134622e-02 0 1 2 3 1.665008e-14 0.000000e+00
22 178 1.307482e-03 5.205181e-02 0 1 2 3 1.322981e-14 0.000000e+00
22 179 1.307482e-03 6.552935e-02 0 1 2 3 1.000943e-14 0.000000e+00
23 160 1.646023e-03 8.249656e-04 0 1 2 3 4.651146e-14 0.000000e+00
23 161 1.646023e-03 1.038570e-03 0 1 2 3 4.639617e-14 0.000000e+00
23 162 1.646023e-03 1.307482e-03 0 1 2 3 4.618857e-14 0.000000e+00
23 163 1.646023e-03 1.646023e-03 0 1 2 3 4.579367e-14 0.000000e+00
23 164 1.646023e-03 2.072220e-03 0 1 2 3 4.508690e-14 0.000000e+00
23 165 1.646023e-03 2.608770e-03 0 1 2 3 4.407451e-14 0.000000e+00
23 166 1.646023e-03 3.284247e-03 0 1 2 3 4.283916e-14 0.000000e+00
23 167 1.646023e-03 4.134622e-03 0 1 2 3 4.144200e-14 0.000000e+00
23 168 1.646023e-03 5.205181e-03 0 1 2 3 3.990933e-14 0.000000e+00
23 169 1.646023e-03 6.552935e-03 0 1 2 3 3.823631e-14 0.000000e+00
23 170 1.646023e-03 8.249656e-03 0 1 2 3 3.639549e-14 0.000000e+00
23 171 1.646023e-03 1.038570e-02 0 1 2 3 3.434711e-14 0.000000e+00
23 172 1.646023e-03 1.307482e-02 0 1 2 3 3.204991e-14 0.000000e+00
23 173 1.646023e-03 1.646023e-02 0 1 2 3 2.947201e-14 0.000000e+00
23 174 1.646023e-03 2.072220e-02 0 1 2 3 2.660215e-14 0.000000e+00
23 175 1.646023e-03 2.608770e-02 0 1 2 3 2.346062e-14 0.000000e+00
23 176 1.646023e-03 3.284247e-02 0 1 2 3 2.010825e-14 0.000000e+00
23 177 1.646023e-03 4.134622e-02 0 1 2 3 1.665025e-14 0.000000e+00
23 178 1.646023e-03 5.205181e-02 0 1 2 3 1.323024e-14 0.000000e+00
23 179 1.646023e-03 6.552935e-02 0 1 2 3 1.000989e-14 0.000000e+00
24 160 2.072220e-03 8.249656e-04 0 1 2 3 4.546541e-14 0.000000e+00
24 161 2.072220e-03 1.038570e-03 0 1 2 3 4.540309e-14 0.000000e+00
24 162 2.072220e-03 1.307482e-03 0 1 2 3 4.529307e-14 0.000000e+00
24 163 2.072220e-03 1.646023e-03 0 1 2 3 4.508690e-14 0.000000e+00
24 164 2.072220e-03 2.072220e-03 0 1 2 3 4.466607e-14 0.000000e+00
24 165 2.072220e-03 2.608770e-03 0 1 2 3 4.387326e-14 0.000000e+00
24 166 2.072220e-03 3.284247e-03 0 1 2 3 4.274160e-14 0.000000e+00
24 167 2.072220e-03 4.134622e-03 0 1 2 3 4.138698e-14 0.000000e+00
24 168 2.072220e-03 5.205181e-03 0 1 2 3 3.987161e-14 0.000000e+00
24 169 2.072220e-03 6.552935e-03 0 1 2 3 3.820718e-14 0.000000e+00
24 170 2.072220e-03 8.249656e-03 0 1 2 3 3.637252e-14 0.000000e+00
24 171 2.072220e-03 1.038570e-02 0 1 2 3 3.432963e-14 0.000000e+00
24 172 2.072220e-03 1.307482e-02 0 1 2 3 3.203740e-14 0.000000e+00
24 173 2.072220e-03 1.646023e-02 0 1 2 3 2.946374e-14 0.000000e+00
24 174 2.072220e-03 2.072220e-02 0 1 2 3 2.659726e-14 0.000000e+00
24 175 2.072220e-03 2.608770e-02 0 1 2 3 2.345819e-14 0.000000e+00
24 176 2.072220e-03 3.284247e-02 0 1 2 3 2.010744e-14 0.000000e+00
24 177 2.072220e-03 4.134622e-02 0 1 2 3 1.665038e-14 0.000000e+00
24 178 2.072220e-03 5.205181e-02 0 1 2 3 1.323077e-14 0.000000e+00
24 179 2.072220e-03 6.552935e-02 0 1 2 3 1.001049e-14 0.000000e+00
25 160 2.608770e-03 8.249656e-04 0 1 2 3 4.426768e-14 0.000000e+00
25 161 2.608770e-03 1.038570e-03 0 1 2 3 4.423443e-14 0.000000e+00
25 162 2.608770e-03 1.307482e-03 0 1 2 3 4.417718e-14 0.000000e+00
25 163 2.608770e-03 1.646023e-03 0 1 2 3 4.407451e-14 0.000000e+00
25 164 2.608770e-03 2.072220e-03 0 1 2 3 4.387326e-14 0.000000e+00
25 165 2.608770e-03 2.608770e-03 0 1 2 3 4.342946e-14 0.000000e+00
25 166 2.608770e-03 3.284247e-03 0 1 2 3 4.254497e-14 0.000000e+00
25 167 2.608770e-03 4.134622e-03 0 1 2 3 4.128901e-14 0.000000e+00
25 168 2.608770e-03 5.205181e-03 0 1 2 3 3.980954e-14 0.000000e+00
25 169 2.608770e-03 6.552935e-03 0 1 2 3 3.816063e-14 0.000000e+00
25 170 2.608770e-03 8.249656e-03 0 1 2 3 3.633607e-14 0.000000e+00
25 171 2.608770e-03 1.038570e-02 0 1 2 3 3.430191e-14 0.000000e+00
25 172 2.608770e-03 1.307482e-02 0 1 2 3 3.201755e-14 0.000000e+00
25 173 2.608770e-03 1.646023e-02 0 1 2 3 2.945064e-14 0.000000e+00
25 174 2.608770e-03 2.072220e-02 0 1 2 3 2.658949e-14 0.000000e+00
25 175 2.608770e-03 2.608770e-02 0 1 2 3 2.345433e-14 0.000000e+00
25 176 2.608770e-03 3.284247e-02 0 1 2 3 2.010617e-14 0.000000e+00
25 177 2.608770e-03 4.134622e-02 0 1 2 3 1.665059e-14 0.000000e+00
25 178 2.608770e-03 5.205181e-02 0 1 2 3 1.323164e-14 0.000000e+00
25 179 2.608770e-03 6.552935e-02 0 1 2 3 1.001145e-14 0.000000e+00
26 160 3.284247e-03 8.249656e-04 0 1 2 3 4.294332e-14 0.000000e+00
26 161 3.284247e-03 1.038570e-03 0 1 2 3 4.292450e-14 0.000000e+00
26 162 3.284247e-03 1.307482e-03 0 1 2 3 4.289293e-14 0.000000e+00
26 163 3.284247e-03 1.646023e-03 0 1 2 3 4.283916e-14 0.000000e+00
26 164 3.284247e-03 2.072220e-03 0 1 2 3 4.274160e-14 0.000000e+00
26 165 3.284247e-03 2.608770e-03 0 1 2 3 4.254497e-14 0.000000e+00
26 166 3.284247e-03 3.284247e-03 0 1 2 3 4.207723e-14 0.000000e+00
26 167 3.284247e-03 4.134622e-03 0 1 2 3 4.109178e-14 0.000000e+00
26 168 3.284247e-03 5.205181e-03 0 1 2 3 3.970281e-14 0.000000e+00
26 169 3.284247e-03 6.552935e-03 0 1 2 3 3.808552e-14 0.000000e+00
26 170 3.284247e-03 8.249656e-03 0 1 2 3 3.627809e-14 0.000000e+00
26 171 3.284247e-03 1.038570e-02 0 1 2 3 3.425788e-14 0.000000e+00
26 172 3.284247e-03 1.307482e-02 0 1 2 3 3.198602e-14 0.000000e+00
26 173 3.284247e-03 1.646023e-02 0 1 2 3 2.942980e-14 0.000000e+00
26 174 3.284247e-03 2.072220e-02 0 1 2 3 2.657715e-14 0.000000e+00
26 175 3.284247e-03 2.608770e-02 0 1 2 3 2.344820e-14 0.000000e+00
26 176 3.284247e-03 3.284247e-02 0 1 2 3 2.010415e-14 0.000000e+00
26 177 3.284247e-03 4.134622e-02 0 1 2 3 1.665093e-14 0.000000e+00
26 178 3.284247e-03 5.205181e-02 0 1 2 3 1.323302e-14 0.000000e+00
26 179 3.284247e-03 6.552935e-02 0 1 2 3 1.001298e-14 0.000000e+00
27 160 4.134622e-03 8.249656e-04 0 1 2 3 4.150669e-14 0.000000e+00
27 161 4.134622e-03 1.038570e-03 0 1 2 3 4.149454e-14 0.000000e+00
27 162 4.134622e-03 1.307482e-03 0 1 2 3 4.147455e-14 0.000000e+00
27 163 4.134622e-03 1.646023e-03 0 1 2 3 4.144200e-14 0.000000e+00
27 164 4.134622e-03 2.072220e-03 0 1 2 3 4.138698e-14 0.000000e+00
27 165 4.134622e-03 2.608770e-03 0 1 2 3 4.128901e-14 0.000000e+00
27 166 4.134622e-03 3.284247e-03 0 1 2 3 4.109178e-14 0.000000e+00
27 167 4.134622e-03 4.134622e-03 0 1 2 3 4.059472e-14 0.000000e+00
27 168 4.134622e-03 5.205181e-03 0 1 2 3 3.949555e-14 0.000000e+00
27 169 4.134622e-03 6.552935e-03 0 1 2 3 3.796086e-14 0.000000e+00
27 170 4.134622e-03 8.249656e-03 0 1 2 3 3.618546e-14 0.000000e+00
27 171 4.134622e-03 1.038570e-02 0 1 2 3 3.418786e-14 0.000000e+00
27 172 4.134622e-03 1.307482e-02 0 1 2 3 3.193584e-14 0.000000e+00
27 173 4.134622e-03 1.646023e-02 0 1 2 3 2.939661e-14 0.000000e+00
27 174 4.134622e-03 2.072220e-02 0 1 2 3 2.655748e-14 0.000000e+00
27 175 4.134622e-03 2.608770e-02 0 1 2 3 2.343841e-14 0.000000e+00
27 176 4.134622e-03 3.284247e-02 0 1 2 3 2.010091e-14 0.000000e+00
27 177 4.134622e-03 4.134622e-02 0 1 2 3 1.665145e-14 0.000000e+00
27 178 4.134622e-03 5.205181e-02 0 1 2 3 1.323519e-14 0.000000e+00
27 179 4.134622e-03 6.552935e-02 0 1 2 3 1.001541e-14 0.000000e+00
28 160 5.205181e-03 8.249656e-04 0 1 2 3 3.995622e-14 0.000000e+00
28 161 5.205181e-03 1.038570e-03 0 1 2 3 3.994725e-14 0.000000e+00
28 162 5.205181e-03 1.307482e-03 0 1 2 3 3.993258e-14 0.000000e+00
28 163 5.205181e-03 1.646023e-03 0 1 2 3 3.990933e-14 0.000000e+00
28 164 5.205181e-03 2.072220e-03 0 1 2 3 3.987161e-14 0.000000e+00
28 165 5.205181e-03 2.608770e-03 0 1 2 3 3.980954e-14 0.000000e+00
28 166 5.205181e-03 3.284247e-03 0 1 2 3 3.970281e-14 0.000000e+00
28 167 5.205181e-03 4.134622e-03 0 1 2 3 3.949555e-14 0.000000e+00
28 168 5.205181e-03 5.205181e-03 0 1 2 3 3.895979e-14 0.000000e+00
28 169 5.205181e-03 6.552935e-03 0 1 2 3 3.773177e-14 0.000000e+00
28 170 5.205181e-03 8.249656e-03 0 1 2 3 3.603521e-14 0.000000e+00
28 171 5.205181e-03 1.038570e-02 0 1 2 3 3.407619e-14 0.000000e+00
28 172 5.205181e-03 1.307482e-02 0 1 2 3 3.185578e-14 0.000000e+00
28 173 5.205181e-03 1.646023e-02 0 1 2 3 2.934361e-14 0.000000e+00
28 174 5.205181e-03 2.072220e-02 0 1 2 3 2.652605e-14 0.000000e+00
28 175 5.205181e-03 2.608770e-02 0 1 2 3 2.342275e-14 0.000000e+00
28 176 5.205181e-03 3.284247e-02 0 1 2 3 2.009569e-14 0.000000e+00
28 177 5.205181e-03 4.134622e-02 0 1 2 3 1.665222e-14 0.000000e+00
28 178 5.205181e-03 5.205181e-02 0 1 2 3 1.323862e-14 0.000000e+00
28 179 5.205181e-03 6.552935e-02 0 1 2 3 1.001924e-14 0.000000e+00
29 160 6.552935e-03 8.249656e-04 0 1 2 3 3.827322e-14 0.000000e+00
29 161 6.552935e-03 1.038570e-03 0 1 2 3 3.826613e-14 0.000000e+00
29 162 6.552935e-03 1.307482e-03 0 1 2 3 3.825452e-14 0.000000e+00
29 163 6.552935e-03 1.646023e-03 0 1 2 3 3.823631e-14 0.000000e+00
29 164 6.552935e-03 2.072220e-03 0 1 2 3 3.820718e-14 0.000000e+00
29 165 6.552935e-03 2.608770e-03 0 1 2 3 3.816063e-14 0.000000e+00
29 166 6.552935e-03 3.284247e-03 0 1 2 3 3.808552e-14 0.000000e+00
29 167 6.552935e-03 4.134622e-03 0 1 2 3 3.796086e-14 0.000000e+00
29 168 6.552935e-03 5.205181e-03 0 1 2 3 3.773177e-14 0.000000e+00
29 169 6.552935e-03 6.552935e-03 0 1 2 3 3.714539e-14 0.000000e+00
29 170 6.552935e-03 8.249656e-03 0 1 2 3 3.577287e-14 0.000000e+00
29 171 6.552935e-03 1.038570e-02 0 1 2 3 3.389660e-14 0.000000e+00
29 172 6.552935e-03 1.307482e-02 0 1 2 3 3.172760e-14 0.000000e+00
29 173 6.552935e-03 1.646023e-02 0 1 2 3 2.925858e-14 0.000000e+00
29 174 6.552935e-03 2.072220e-02 0 1 2 3 2.647554e-14 0.000000e+00
29 175 6.552935e-03 2.608770e-02 0 1 2 3 2.339754e-14 0.000000e+00
29 176 6.552935e-03 3.284247e-02 0 1 2 3 2.008721e-14 0.000000e+00
29 177 6.552935e-03 4.134622e-02 0 1 2 3 1.665336e-14 0.000000e+00
29 178 6.552935e-03 5.205181e-02 0 1 2 3 1.324401e-14 0.000000e+00
29 179 6.552935e-03 6.552935e-02 0 1 2 3 1.002531e-14 0.000000e+00
30 160 8.249656e-03 8.249656e-04 0 1 2 3 3.642468e-14 0.000000e+00
30 161 8.249656e-03 1.038570e-03 0 1 2 3 3.641909e-14 0.000000e+00
30 162 8.249656e-03 1.307482e-03 0 1 2 3 3.640987e-14 0.000000e+00
30 163 8.249656e-03 1.646023e-03 0 1 2 3 3.639549e-14 0.000000e+00
30 164 8.249656e-03 2.072220e-03 0 1 2 3 3.637252e-14 0.000000e+00
30 165 8.249656e-03 2.608770e-03 0 1 2 3 3.633607e-14 0.000000e+00
30 166 8.249656e-03 3.284247e-03 0 1 2 3 3.627809e-14 0.000000e+00
30 167 8.249656e-03 4.134622e-03 0 1 2 3 3.618546e-14 0.000000e+00
30 168 8.249656e-03 5.205181e-03 0 1 2 3 3.603521e-14 0.000000e+00
30 169 8.249656e-03 6.552935e-03 0 1 2 3 3.577287e-14 0.000000e+00
30 170 8.249656e-03 8.249656e-03 0 1 2 3 3.512391e-14 0.000000e+00
30 171 8.249656e-03 1.038570e-02 0 1 2 3 3.359341e-14 0.000000e+00
30 172 8.249656e-03 1.307482e-02 0 1 2 3 3.152093e-14 0.000000e+00
30 173 8.249656e-03 1.646023e-02 0 1 2 3 2.912128e-14 0.000000e+00
30 174 8.249656e-03 2.072220e-02 0 1 2 3 2.639376e-14 0.000000e+00
30 175 8.249656e-03 2.608770e-02 0 1 2 3 2.335656e-14 0.000000e+00
30 176 8.249656e-03 3.284247e-02 0 1 2 3 2.007324e-14 0.000000e+00
30 177 8.249656e-03 4.134622e-02 0 1 2 3 1.665491e-14 0.000000e+00
30 178 8.249656e-03 5.205181e-02 0 1 2 3 1.325245e-14 0.000000e+00
30 179 8.249656e-03 6.552935e-02 0 1 2 3 1.003488e-14 0.000000e+00
31 160 1.038570e-02 8.249656e-04 0 1 2 3 3.436929e-14 0.000000e+00
31 161 1.038570e-02 1.038570e-03 0 1 2 3 3.436507e-14 0.000000e+00
31 162 1.038570e-02 1.307482e-03 0 1 2 3 3.435804e-14 0.000000e+00
31 163 1.038570e-02 1.646023e-03 0 1 2 3 3.434711e-14 0.000000e+00
31 164 1.038570e-02 2.072220e-03 0 1 2 3 3.432963e-14 0.000000e+00
31 165 1.038570e-02 2.608770e-03 0 1 2 3 3.430191e-14 0.000000e+00
31 166 1.038570e-02 3.284247e-03 0 1 2 3 3.425788e-14 0.000000e+00
31 167 1.038570e-02 4.134622e-03 0 1 2 3 3.418786e-14 0.000000e+00
31 168 1.038570e-02 5.205181e-03 0 1 2 3 3.407619e-14 0.000000e+00
31 169 1.038570e-02 6.552935e-03 0 1 2 3 3.389660e-14 0.000000e+00
31 170 1.038570e-02 8.249656e-03 0 1 2 3 3.359341e-14 0.000000e+00
31 171 1.038570e-02 1.038570e-02 0 1 2 3 3.287321e-14 0.000000e+00
31 172 1.038570e-02 1.307482e-02 0 1 2 3 3.117661e-14 0.000000e+00
31 173 1.038570e-02 1.646023e-02 0 1 2 3 2.889730e-14 0.000000e+00
31 174 1.038570e-02 2.072220e-02 0 1 2 3 2.625981e-14 0.000000e+00
31 175 1.038570e-02 2.608770e-02 0 1 2 3 2.328906e-14 0.000000e+00
31 176 1.038570e-02 3.284247e-02 0 1 2 3 2.004975e-14 0.000000e+00
31 177 1.038570e-02 4.134622e-02 0 1 2 3 1.665672e-14 0.000000e+00
31 178 1.038570e-02 5.205181e-02 0 1 2 3 1.326555e-14 0.000000e+00
31 179 1.038570e-02 6.552935e-02 0 1 2 3 1.004996e-14 0.000000e+00
32 160 1.307482e-02 8.249656e-04 0 1 2 3 3.206572e-14 0.000000e+00
32 161 1.307482e-02 1.038570e-03 0 1 2 3 3.206275e-14 0.000000e+00
32 162 1.307482e-02 1.307482e-03 0 1 2 3 3.205770e-14 0.000000e+00
32 163 1.307482e-02 1.646023e-03 0 1 2 3 3.204991e-14 0.000000e+00
32 164 1.307482e-02 2.072220e-03 0 1 2 3 3.203740e-14 0.000000e+00
32 165 1.307482e-02 2.608770e-03 0 1 2 3 3.201755e-14 0.000000e+00
32 166 1.307482e-02 3.284247e-03 0 1 2 3 3.198602e-14 0.000000e+00
32 167 1.307482e-02 4.134622e-03 0 1 2 3 3.193584e-14 0.000000e+00
32 168 1.307482e-02 5.205181e-03 0 1 2 3 3.185578e-14 0.000000e+00
32 169 1.307482e-02 6.552935e-03 0 1 2 3 3.172760e-14 0.000000e+00
32 170 1.307482e-02 8.249656e-03 0 1 2 3 3.152093e-14 0.000000e+00
32 171 1.307482e-02 1.038570e-02 0 1 2 3 3.117661e-14 0.000000e+00
32 172 1.307482e-02 1.307482e-02 0 1 2 3 3.038374e-14 0.000000e+00
32 173 1.307482e-02 1.646023e-02 0 1 2 3 2.852192e-14 0.000000e+00
32 174 1.307482e-02 2.072220e-02 0 1 2 3 2.603651e-14 0.000000e+00
32 175 1.307482e-02 2.608770e-02 0 1 2 3 2.317548e-14 0.000000e+00
32 176 1.307482e-02 3.284247e-02 0 1 2 3 2.000906e-14 0.000000e+00
32 177 1.307482e-02 4.134622e-02 0 1 2 3 1.665796e-14 0.000000e+00
32 178 1.307482e-02 5.205181e-02 0 1 2 3 1.328562e-14 0.000000e+00
32 179 1.307482e-02 6.552935e-02 0 1 2 3 1.007364e-14 0.000000e+00
33 160 1.646023e-02 8.249656e-04 0 1 2 3 2.948239e-14 0.000000e+00
33 161 1.646023e-02 1.038570e-03 0 1 2 3 2.948049e-14 0.000000e+00
33 162 1.646023e-02 1.307482e-03 0 1 2 3 2.947712e-14 0.000000e+00
33 163 1.646023e-02 1.646023e-03 0 1 2 3 2.947201e-14 0.000000e+00
33 164 1.646023e-02 2.072220e-03 0 1 2 3 2.946374e-14 0.000000e+00
33 165 1.646023e-02 2.608770e-03 0 1 2 3 2.945064e-14 0.000000e+00
33 166 1.646023e-02 3.284247e-03 0 1 2 3 2.942980e-14 0.000000e+00
33 167 1.646023e-02 4.134622e-03 0 1 2 3 2.939661e-14 0.000000e+00
33 168 1.646023e-02 5.205181e-03 0 1 2 3 2.934361e-14 0.000000e+00
33 169 1.646023e-02 6.552935e-03 0 1 2 3 2.925858e-14 0.000000e+00
33 170 1.646023e-02 8.249656e-03 0 1 2 3 2.912128e-14 0.000000e+00
33 171 1.646023e-02 1.038570e-02 0 1 2 3 2.889730e-14 0.000000e+00
33 172 1.646023e-02 1.307482e-02 0 1 2 3 2.852192e-14 0.000000e+00
33 173 1.646023e-02 1.646023e-02 0 1 2 3 2.766613e-14 0.000000e+00
33 174 1.646023e-02 2.072220e-02 0 1 2 3 2.565239e-14 0.000000e+00
33 175 1.646023e-02 2.608770e-02 0 1 2 3 2.297833e-14 0.000000e+00
33 176 1.646023e-02 3.284247e-02 0 1 2 3 1.993550e-14 0.000000e+00
33 177 1.646023e-02 4.134622e-02 0 1 2 3 1.665565e-14 0.000000e+00
33 178 1.646023e-02 5.205181e-02 0 1 2 3 1.331566e-14 0.000000e+00
33 179 1.646023e-02 6.552935e-02 0 1 2 3 1.011059e-14 0.000000e+00
34 160 2.072220e-02 8.249656e-04 0 1 2 3 2.660823e-14 0.000000e+00
34 161 2.072220e-02 1.038570e-03 0 1 2 3 2.660717e-14 0.000000e+00
34 162 2.072220e-02 1.307482e-03 0 1 2 3 2.660514e-14 0.000000e+00
34 163 2.072220e-02 1.646023e-03 0 1 2 3 2.660215e-14 0.000000e+00
34 164 2.072220e-02 2.072220e-03 0 1 2 3 2.659726e-14 0.000000e+00
34 165 2.072220e-02 2.608770e-03 0 1 2 3 2.658949e-14 0.000000e+00
34 166 2.072220e-02 3.284247e-03 0 1 2 3 2.657715e-14 0.000000e+00
34 167 2.072220e-02 4.134622e-03 0 1 2 3 2.655748e-14 0.000000e+00
34 168 2.072220e-02 5.205181e-03 0 1 2 3 2.652605e-14 0.000000e+00
34 169 2.072220e-02 6.552935e-03 0 1 2 3 2.647554e-14 0.000000e+00
34 170 2.072220e-02 8.249656e-03 0 1 2 3 2.639376e-14 0.000000e+00
34 171 2.072220e-02 1.038570e-02 0 1 2 3 2.625981e-14 0.000000e+00
34 172 2.072220e-02 1.307482e-02 0 1 2 3 2.603651e-14 0.000000e+00
34 173 2.072220e-02 1.646023e-02 0 1 2 3 2.565239e-14 0.000000e+00
34 174 2.072220e-02 2.072220e-02 0 1 2 3 2.475750e-14 0.000000e+00
34 175 2.072220e-02 2.608770e-02 0 1 2 3 2.261984e-14 0.000000e+00
34 176 2.072220e-02 3.284247e-02 0 1 2 3 1.979473e-14 0.000000e+00
34 177 2.072220e-02 4.134622e-02 0 1 2 3 1.664065e-14 0.000000e+00
34 178 2.072220e-02 5.205181e-02 0 1 2 3 1.335856e-14 0.000000e+00
34 179 2.072220e-02 6.552935e-02 0 1 2 3 1.016761e-14 0.000000e+00
35 160 2.608770e-02 8.249656e-04 0 1 2 3 2.346356e-14 0.000000e+00
35 161 2.608770e-02 1.038570e-03 0 1 2 3 2.346311e-14 0.000000e+00
35 162 2.608770e-02 1.307482e-03 0 1 2 3 2.346206e-14 0.000000e+00
35 163 2.608770e-02 1.646023e-03 0 1 2 3 2.346062e-14 0.000000e+00
35 164 2.608770e-02 2.072220e-03 0 1 2 3 2.345819e-14 0.000000e+00
35 165 2.608770e-02 2.608770e-03 0 1 2 3 2.345433e-14 0.000000e+00
35 166 2.608770e-02 3.284247e-03 0 1 2 3 2.344820e-14 0.000000e+00
35 167 2.608770e-02 4.134622e-03 0 1 2 3 2.343841e-14 0.000000e+00
35 168 2.608770e-02 5.205181e-03 0 1 2 3 2.342275e-14 0.000000e+00
35 169 2.608770e-02 6.552935e-03 0 1 2 3 2.339754e-14 0.000000e+00
35 170 2.608770e-02 8.249656e-03 0 1 2 3 2.335656e-14 0.000000e+00
35 171 2.608770e-02 1.038570e-02 0 1 2 3 2.328906e-14 0.000000e+00
35 172 2.608770e-02 1.307482e-02 0 1 2 3 2.317548e-14 0.000000e+00
35 173 2.608770e-02 1.646023e-02 0 1 2 3 2.297833e-14 0.000000e+00
35 174 2.608770e-02 2.072220e-02 0 1 2 3 2.261984e-14 0.000000e+00
35 175 2.608770e-02 2.608770e-02 0 1 2 3 2.172434e-14 0.000000e+00
35 176 2.608770e-02 3.284247e-02 0 1 2 3 1.950498e-14 0.000000e+00
35 177 2.608770e-02 4.134622e-02 0 1 2 3 1.658580e-14 0.000000e+00
35 178 2.608770e-02 5.205181e-02 0 1 2 3 1.341385e-14 0.000000e+00
35 179 2.608770e-02 6.552935e-02 0 1 2 3 1.025386e-14 0.000000e+00
36 160 3.284247e-02 8.249656e-04 0 1 2 3 2.010911e-14 0.000000e+00
36 161 3.284247e-02 1.038570e-03 0 1 2 3 2.010907e-14 0.000000e+00
36 162 3.284247e-02 1.307482e-03 0 1 2 3 2.010867e-14 0.000000e+00
36 163 3.284247e-02 1.646023e-03 0 1 2 3 2.010825e-14 0.000000e+00
36 164 3.284247e-02 2.072220e-03 0 1 2 3 2.010744e-14 0.000000e+00
36 165 3.284247e-02 2.608770e-03 0 1 2 3 2.010617e-14 0.000000e+00
36 166 3.284247e-02 3.284247e-03 0 1 2 3 2.010415e-14 0.000000e+00
36 167 3.284247e-02 4.134622e-03 0 1 2 3 2.010091e-14 0.000000e+00
36 168 3.284247e-02 5.205181e-03 0 1 2 3 2.009569e-14 0.000000e+00
36 169 3.284247e-02 6.552935e-03 0 1 2 3 2.008721e-14 0.000000e+00
36 170 3.284247e-02 8.249656e-03 0 1 2 3 2.007324e-14 0.000000e+00
36 171 3.284247e-02 1.038570e-02 0 1 2 3 2.004975e-14 0.000000e+00
36 172 3.284247e-02 1.307482e-02 0 1 2 3 2.000906e-14 0.000000e+00
36 173 3.284247e-02 1.646023e-02 0 1 2 3 1.993550e-14 0.000000e+00
36 174 3.284247e-02 2.072220e-02 0 1 2 3 1.979473e-14 0.000000e+00
36 175 3.284247e-02 2.608770e-02 0 1 2 3 1.950498e-14 0.000000e+00
36 176 3.284247e-02 3.284247e-02 0 1 2 3 1.865865e-14 0.000000e+00
36 177 3.284247e-02 4.134622e-02 0 1 2 3 1.640923e-14 0.000000e+00
36 178 3.284247e-02 5.205181e-02 0 1 2 3 1.346546e-14 0.000000e+00
36 179 3.284247e-02 6.552935e-02 0 1 2 3 1.037896e-14 0.000000e+00
37 160 4.134622e-02 8.249656e-04 0 1 2 3 1.664991e-14 0.000000e+00
37 161 4.134622e-02 1.038570e-03 0 1 2 3 1.665011e-14 0.000000e+00
37 162 4.134622e-02 1.307482e-03 0 1 2 3 1.665008e-14 0.000000e+00
37 163 4.134622e-02 1.646023e-03 0 1 2 3 1.665025e-14 0.000000e+00
37 164 4.134622e-02 2.072220e-03 0 1 2 3 1.665038e-14 0.000000e+00
37 165 4.134622e-02 2.608770e-03 0 1 2 3 1.665059e-14 0.000000e+00
37 166 4.134622e-02 3.284247e-03 0 1 2 3 1.665093e-14 0.000000e+00
37 167 4.134622e-02 4.134622e-03 0 1 2 3 1.665145e-14 0.000000e+00
37 168 4.134622e-02 5.205181e-03 0 1 2 3 1.665222e-14 0.000000e+00
37 169 4.134622e-02 6.552935e-03 0 1 2 3 1.665336e-14 0.000000e+00
37 170 4.134622e-02 8.249656e-03 0 1 2 3 1.665491e-14 0.000000e+00
37 171 4.134622e-02 1.038570e-02 0 1 2 3 1.665672e-14 0.000000e+00
37 172 4.134622e-02 1.307482e-02 0 1 2 3 1.665796e-14 0.000000e+00
37 173 4.134622e-02 1.646023e-02 0 1 2 3 1.665565e-14 0.000000e+00
37 174 4.134622e-02 2.072220e-02 0 1 2 3 1.664065e-14 0.000000e+00
37 175 4.134622e-02 2.608770e-02 0 1 2 3 1.658580e-14 0.000000e+00
37 176 4.134622e-02 3.284247e-02 0 1 2 3 1.640923e-14 0.000000e+00
37 177 4.134622e-02 4.134622e-02 0 1 2 3 1.566490e-14 0.000000e+00
37 178 4.134622e-02 5.205181e-02 0 1 2 3 1.343733e-14 0.000000e+00
37 179 4.134622e-02 6.552935e-02 0 1 2 3 1.054219e-14 0.000000e+00
38 160 5.205181e-02 8.249656e-04 0 1 2 3 1.322937e-14 0.000000e+00
38 161 5.205181e-02 1.038570e-03 0 1 2 3 1.322967e-14 0.000000e+00
38 162 5.205181e-02 1.307482e-03 0 1 2 3 1.322981e-14 0.000000e+00
38 163 5.205181e-02 1.646023e-03 0 1 2 3 1.323024e-14 0.000000e+00
38 164 5.205181e-02 2.072220e-03 0 1 2 3 1.323077e-14 0.000000e+00
38 165 5.205181e-02 2.608770e-03 0 1 2 3 1.323164e-14 0.000000e+00
38 166 5.205181e-02 3.284247e-03 0 1 2 3 1.323302e-14 0.000000e+00
38 167 5.205181e-02 4.134622e-03 0 1 2 3 1.323519e-14 0.000000e+00
38 168 5.205181e-02 5.205181e-03 0 1 2 3 1.323862e-14 0.000000e+00
38 169 5.205181e-02 6.552935e-03 0 1 2 3 1.324401e-14 0.000000e+00
38 170 5.205181e-02 8.249656e-03 0 1 2 3 1.325245e-14 0.000000e+00
38 171 5.205181e-02 1.038570e-02 0 1 2 3 1.326555e-14 0.000000e+00
38 172 5.205181e-02 1.307482e-02 0 1 2 3 1.328562e-14 0.000000e+00
38 173 5.205181e-02 1.646023e-02 0 1 2 3 1.331566e-14 0.000000e+00
38 174 5.205181e-02 2.072220e-02 0 1 2 3 1.335856e-14 0.000000e+00
38 175 5.205181e-02 2.608770e-02 0 1 2 3 1.341385e-14 0.000000e+00
38 176 5.205181e-02 3.284247e-02 0 1 2 3 1.346546e-14 0.000000e+00
38 177 5.205181e-02 4.134622e-02 0 1 2 3 1.343733e-14 0.000000e+00
38 178 5.205181e-02 5.205181e-02 0 1 2 3 1.284104e-14 0.000000e+00
38 179 5.205181e-02 6.552935e-02 0 1 2 3 1.068234e-14 0.000000e+00
39 160 6.552935e-02 8.249656e-04 0 1 2 3 1.000895e-14 0.000000e+00
39 161 6.552935e-02 1.038570e-03 0 1 2 3 1.000925e-14 0.000000e+00
39 162 6.552935e-02 1.307482e-03 0 1 2 3 1.000943e-14 0.000000e+00
39 163 6.552935e-02 1.646023e-03 0 1 2 3 1.000989e-14 0.000000e+00
39 164 6.552935e-02 2.072220e-03 0 1 2 3 1.001049e-14 0.000000e+00
39 165 6.552935e-02 2.608770e-03 0 1 2 3 1.001145e-14 0.000000e+00
39 166 6.552935e-02 3.284247e-03 0 1 2 3 1.001298e-14 0.000000e+00
39 167 6.552935e-02 4.134622e-03 0 1 2 3 1.001541e-14 0.000000e+00
39 168 6.552935e-02 5.205181e-03 0 1 2 3 1.001924e-14 0.000000e+00
39 169 6.552935e-02 6.552935e-03 0 1 2 3 1.002531e-14 0.000000e+00
39 170 6.552935e-02 8.249656e-03 0 1 2 3 1.003488e-14 0.000000e+00
39 171 6.552935e-02 1.038570e-02 0 1 2 3 1.004996e-14 0.000000e+00
39 172 6.552935e-02 1.307482e-02 0 1 2 3 1.007364e-14 0.000000e+00
39 173 6.552935e-02 1.646023e-02 0 1 2 3 1.011059e-14 0.000000e+00
39 174 6.552935e-02 2.072220e-02 0 1 2 3 1.016761e-14 0.000000e+00
39 175 6.552935e-02 2.608770e-02 0 1 2 3 1.025386e-14 0.000000e+00
39 176 6.552935e-02 3.284247e-02 0 1 2 3 1.037896e-14 0.000000e+00
39 177 6.552935e-02 4.134622e-02 0 1 2 3 1.054219e-14 0.000000e+00
39 178 6.552935e-02 5.205181e-02 0 1 2 3 1.068234e-14 0.000000e+00
39 179 6.552935e-02 6.552935e-02 0 1 2 3 1.027048e-14 0.000000e+00
