# Please cite the following papers in research using this covariance:
# arXiv: 1601.05779, https://arxiv.org/abs/1601.05779
# arXiv: 1911.11947, https://arxiv.org/abs/1911.11947
# arXiv: 2004.04833, https://arxiv.org/abs/2004.04833
########################################################
0 180 8.249656e-04 8.249656e-04 0 0 3 3 3.563234e-14 0.000000e+00
0 181 8.249656e-04 1.038570e-03 0 0 3 3 3.530561e-14 0.000000e+00
0 182 8.249656e-04 1.307482e-03 0 0 3 3 3.483252e-14 0.000000e+00
0 183 8.249656e-04 1.646023e-03 0 0 3 3 3.421394e-14 0.000000e+00
0 184 8.249656e-04 2.072220e-03 0 0 3 3 3.346201e-14 0.000000e+00
0 185 8.249656e-04 2.608770e-03 0 0 3 3 3.259523e-14 0.000000e+00
0 186 8.249656e-04 3.284247e-03 0 0 3 3 3.163212e-14 0.000000e+00
0 187 8.249656e-04 4.134622e-03 0 0 3 3 3.058532e-14 0.000000e+00
0 188 8.249656e-04 5.205181e-03 0 0 3 3 2.945716e-14 0.000000e+00
0 189 8.249656e-04 6.552935e-03 0 0 3 3 2.823776e-14 0.000000e+00
0 190 8.249656e-04 8.249656e-03 0 0 3 3 2.690620e-14 0.000000e+00
0 191 8.249656e-04 1.038570e-02 0 0 3 3 2.543430e-14 0.000000e+00
0 192 8.249656e-04 1.307482e-02 0 0 3 3 2.379216e-14 0.000000e+00
0 193 8.249656e-04 1.646023e-02 0 0 3 3 2.195509e-14 0.000000e+00
0 194 8.249656e-04 2.072220e-02 0 0 3 3 1.991117e-14 0.000000e+00
0 195 8.249656e-04 2.608770e-02 0 0 3 3 1.766891e-14 0.000000e+00
0 196 8.249656e-04 3.284247e-02 0 0 3 3 1.526405e-14 0.000000e+00
0 197 8.249656e-04 4.134622e-02 0 0 3 3 1.276341e-14 0.000000e+00
0 198 8.249656e-04 5.205181e-02 0 0 3 3 1.026221e-14 0.000000e+00
0 199 8.249656e-04 6.552935e-02 0 0 3 3 7.874315e-15 0.000000e+00
1 180 1.038570e-03 8.249656e-04 0 0 3 3 3.530561e-14 0.000000e+00
1 181 1.038570e-03 1.038570e-03 0 0 3 3 3.507084e-14 0.000000e+00
1 182 1.038570e-03 1.307482e-03 0 0 3 3 3.468442e-14 0.000000e+00
1 183 1.038570e-03 1.646023e-03 0 0 3 3 3.412761e-14 0.000000e+00
1 184 1.038570e-03 2.072220e-03 0 0 3 3 3.341455e-14 0.000000e+00
1 185 1.038570e-03 2.608770e-03 0 0 3 3 3.256985e-14 0.000000e+00
1 186 1.038570e-03 3.284247e-03 0 0 3 3 3.161809e-14 0.000000e+00
1 187 1.038570e-03 4.134622e-03 0 0 3 3 3.057667e-14 0.000000e+00
1 188 1.038570e-03 5.205181e-03 0 0 3 3 2.945101e-14 0.000000e+00
1 189 1.038570e-03 6.552935e-03 0 0 3 3 2.823298e-14 0.000000e+00
1 190 1.038570e-03 8.249656e-03 0 0 3 3 2.690244e-14 0.000000e+00
1 191 1.038570e-03 1.038570e-02 0 0 3 3 2.543143e-14 0.000000e+00
1 192 1.038570e-03 1.307482e-02 0 0 3 3 2.379011e-14 0.000000e+00
1 193 1.038570e-03 1.646023e-02 0 0 3 3 2.195375e-14 0.000000e+00
1 194 1.038570e-03 2.072220e-02 0 0 3 3 1.991041e-14 0.000000e+00
1 195 1.038570e-03 2.608770e-02 0 0 3 3 1.766857e-14 0.000000e+00
1 196 1.038570e-03 3.284247e-02 0 0 3 3 1.526400e-14 0.000000e+00
1 197 1.038570e-03 4.134622e-02 0 0 3 3 1.276353e-14 0.000000e+00
1 198 1.038570e-03 5.205181e-02 0 0 3 3 1.026241e-14 0.000000e+00
1 199 1.038570e-03 6.552935e-02 0 0 3 3 7.874540e-15 0.000000e+00
2 180 1.307482e-03 8.249656e-04 0 0 3 3 3.483252e-14 0.000000e+00
2 181 1.307482e-03 1.038570e-03 0 0 3 3 3.468442e-14 0.000000e+00
2 182 1.307482e-03 1.307482e-03 0 0 3 3 3.442092e-14 0.000000e+00
2 183 1.307482e-03 1.646023e-03 0 0 3 3 3.397387e-14 0.000000e+00
2 184 1.307482e-03 2.072220e-03 0 0 3 3 3.333136e-14 0.000000e+00
2 185 1.307482e-03 2.608770e-03 0 0 3 3 3.252625e-14 0.000000e+00
2 186 1.307482e-03 3.284247e-03 0 0 3 3 3.159449e-14 0.000000e+00
2 187 1.307482e-03 4.134622e-03 0 0 3 3 3.056234e-14 0.000000e+00
2 188 1.307482e-03 5.205181e-03 0 0 3 3 2.944091e-14 0.000000e+00
2 189 1.307482e-03 6.552935e-03 0 0 3 3 2.822511e-14 0.000000e+00
2 190 1.307482e-03 8.249656e-03 0 0 3 3 2.689618e-14 0.000000e+00
2 191 1.307482e-03 1.038570e-02 0 0 3 3 2.542660e-14 0.000000e+00
2 192 1.307482e-03 1.307482e-02 0 0 3 3 2.378658e-14 0.000000e+00
2 193 1.307482e-03 1.646023e-02 0 0 3 3 2.195135e-14 0.000000e+00
2 194 1.307482e-03 2.072220e-02 0 0 3 3 1.990892e-14 0.000000e+00
2 195 1.307482e-03 2.608770e-02 0 0 3 3 1.766776e-14 0.000000e+00
2 196 1.307482e-03 3.284247e-02 0 0 3 3 1.526365e-14 0.000000e+00
2 197 1.307482e-03 4.134622e-02 0 0 3 3 1.276346e-14 0.000000e+00
2 198 1.307482e-03 5.205181e-02 0 0 3 3 1.026247e-14 0.000000e+00
2 199 1.307482e-03 6.552935e-02 0 0 3 3 7.874642e-15 0.000000e+00
3 180 1.646023e-03 8.249656e-04 0 0 3 3 3.421394e-14 0.000000e+00
3 181 1.646023e-03 1.038570e-03 0 0 3 3 3.412761e-14 0.000000e+00
3 182 1.646023e-03 1.307482e-03 0 0 3 3 3.397387e-14 0.000000e+00
3 183 1.646023e-03 1.646023e-03 0 0 3 3 3.368619e-14 0.000000e+00
3 184 1.646023e-03 2.072220e-03 0 0 3 3 3.317748e-14 0.000000e+00
3 185 1.646023e-03 2.608770e-03 0 0 3 3 3.244849e-14 0.000000e+00
3 186 1.646023e-03 3.284247e-03 0 0 3 3 3.155423e-14 0.000000e+00
3 187 1.646023e-03 4.134622e-03 0 0 3 3 3.053892e-14 0.000000e+00
3 188 1.646023e-03 5.205181e-03 0 0 3 3 2.942486e-14 0.000000e+00
3 189 1.646023e-03 6.552935e-03 0 0 3 3 2.821279e-14 0.000000e+00
3 190 1.646023e-03 8.249656e-03 0 0 3 3 2.688644e-14 0.000000e+00
3 191 1.646023e-03 1.038570e-02 0 0 3 3 2.541913e-14 0.000000e+00
3 192 1.646023e-03 1.307482e-02 0 0 3 3 2.378118e-14 0.000000e+00
3 193 1.646023e-03 1.646023e-02 0 0 3 3 2.194773e-14 0.000000e+00
3 194 1.646023e-03 2.072220e-02 0 0 3 3 1.990674e-14 0.000000e+00
3 195 1.646023e-03 2.608770e-02 0 0 3 3 1.766665e-14 0.000000e+00
3 196 1.646023e-03 3.284247e-02 0 0 3 3 1.526327e-14 0.000000e+00
3 197 1.646023e-03 4.134622e-02 0 0 3 3 1.276351e-14 0.000000e+00
3 198 1.646023e-03 5.205181e-02 0 0 3 3 1.026273e-14 0.000000e+00
3 199 1.646023e-03 6.552935e-02 0 0 3 3 7.874959e-15 0.000000e+00
4 180 2.072220e-03 8.249656e-04 0 0 3 3 3.346201e-14 0.000000e+00
4 181 2.072220e-03 1.038570e-03 0 0 3 3 3.341455e-14 0.000000e+00
4 182 2.072220e-03 1.307482e-03 0 0 3 3 3.333136e-14 0.000000e+00
4 183 2.072220e-03 1.646023e-03 0 0 3 3 3.317748e-14 0.000000e+00
4 184 2.072220e-03 2.072220e-03 0 0 3 3 3.286962e-14 0.000000e+00
4 185 2.072220e-03 2.608770e-03 0 0 3 3 3.229784e-14 0.000000e+00
4 186 2.072220e-03 3.284247e-03 0 0 3 3 3.148114e-14 0.000000e+00
4 187 2.072220e-03 4.134622e-03 0 0 3 3 3.049905e-14 0.000000e+00
4 188 2.072220e-03 5.205181e-03 0 0 3 3 2.939867e-14 0.000000e+00
4 189 2.072220e-03 6.552935e-03 0 0 3 3 2.819302e-14 0.000000e+00
4 190 2.072220e-03 8.249656e-03 0 0 3 3 2.687087e-14 0.000000e+00
4 191 2.072220e-03 1.038570e-02 0 0 3 3 2.540715e-14 0.000000e+00
4 192 2.072220e-03 1.307482e-02 0 0 3 3 2.377247e-14 0.000000e+00
4 193 2.072220e-03 1.646023e-02 0 0 3 3 2.194187e-14 0.000000e+00
4 194 2.072220e-03 2.072220e-02 0 0 3 3 1.990316e-14 0.000000e+00
4 195 2.072220e-03 2.608770e-02 0 0 3 3 1.766477e-14 0.000000e+00
4 196 2.072220e-03 3.284247e-02 0 0 3 3 1.526255e-14 0.000000e+00
4 197 2.072220e-03 4.134622e-02 0 0 3 3 1.276347e-14 0.000000e+00
4 198 2.072220e-03 5.205181e-02 0 0 3 3 1.026303e-14 0.000000e+00
4 199 2.072220e-03 6.552935e-02 0 0 3 3 7.875347e-15 0.000000e+00
5 180 2.608770e-03 8.249656e-04 0 0 3 3 3.259523e-14 0.000000e+00
5 181 2.608770e-03 1.038570e-03 0 0 3 3 3.256985e-14 0.000000e+00
5 182 2.608770e-03 1.307482e-03 0 0 3 3 3.252625e-14 0.000000e+00
5 183 2.608770e-03 1.646023e-03 0 0 3 3 3.244849e-14 0.000000e+00
5 184 2.608770e-03 2.072220e-03 0 0 3 3 3.229784e-14 0.000000e+00
5 185 2.608770e-03 2.608770e-03 0 0 3 3 3.197277e-14 0.000000e+00
5 186 2.608770e-03 3.284247e-03 0 0 3 3 3.133463e-14 0.000000e+00
5 187 2.608770e-03 4.134622e-03 0 0 3 3 3.042745e-14 0.000000e+00
5 188 2.608770e-03 5.205181e-03 0 0 3 3 2.935524e-14 0.000000e+00
5 189 2.608770e-03 6.552935e-03 0 0 3 3 2.816133e-14 0.000000e+00
5 190 2.608770e-03 8.249656e-03 0 0 3 3 2.684614e-14 0.000000e+00
5 191 2.608770e-03 1.038570e-02 0 0 3 3 2.538817e-14 0.000000e+00
5 192 2.608770e-03 1.307482e-02 0 0 3 3 2.375867e-14 0.000000e+00
5 193 2.608770e-03 1.646023e-02 0 0 3 3 2.193256e-14 0.000000e+00
5 194 2.608770e-03 2.072220e-02 0 0 3 3 1.989748e-14 0.000000e+00
5 195 2.608770e-03 2.608770e-02 0 0 3 3 1.766180e-14 0.000000e+00
5 196 2.608770e-03 3.284247e-02 0 0 3 3 1.526141e-14 0.000000e+00
5 197 2.608770e-03 4.134622e-02 0 0 3 3 1.276342e-14 0.000000e+00
5 198 2.608770e-03 5.205181e-02 0 0 3 3 1.026351e-14 0.000000e+00
5 199 2.608770e-03 6.552935e-02 0 0 3 3 7.875977e-15 0.000000e+00
6 180 3.284247e-03 8.249656e-04 0 0 3 3 3.163212e-14 0.000000e+00
6 181 3.284247e-03 1.038570e-03 0 0 3 3 3.161809e-14 0.000000e+00
6 182 3.284247e-03 1.307482e-03 0 0 3 3 3.159449e-14 0.000000e+00
6 183 3.284247e-03 1.646023e-03 0 0 3 3 3.155423e-14 0.000000e+00
6 184 3.284247e-03 2.072220e-03 0 0 3 3 3.148114e-14 0.000000e+00
6 185 3.284247e-03 2.608770e-03 0 0 3 3 3.133463e-14 0.000000e+00
6 186 3.284247e-03 3.284247e-03 0 0 3 3 3.099272e-14 0.000000e+00
6 187 3.284247e-03 4.134622e-03 0 0 3 3 3.028244e-14 0.000000e+00
6 188 3.284247e-03 5.205181e-03 0 0 3 3 2.927957e-14 0.000000e+00
6 189 3.284247e-03 6.552935e-03 0 0 3 3 2.810989e-14 0.000000e+00
6 190 3.284247e-03 8.249656e-03 0 0 3 3 2.680676e-14 0.000000e+00
6 191 3.284247e-03 1.038570e-02 0 0 3 3 2.535802e-14 0.000000e+00
6 192 3.284247e-03 1.307482e-02 0 0 3 3 2.373675e-14 0.000000e+00
6 193 3.284247e-03 1.646023e-02 0 0 3 3 2.191778e-14 0.000000e+00
6 194 3.284247e-03 2.072220e-02 0 0 3 3 1.988847e-14 0.000000e+00
6 195 3.284247e-03 2.608770e-02 0 0 3 3 1.765707e-14 0.000000e+00
6 196 3.284247e-03 3.284247e-02 0 0 3 3 1.525960e-14 0.000000e+00
6 197 3.284247e-03 4.134622e-02 0 0 3 3 1.276335e-14 0.000000e+00
6 198 3.284247e-03 5.205181e-02 0 0 3 3 1.026428e-14 0.000000e+00
6 199 3.284247e-03 6.552935e-02 0 0 3 3 7.876976e-15 0.000000e+00
7 180 4.134622e-03 8.249656e-04 0 0 3 3 3.058532e-14 0.000000e+00
7 181 4.134622e-03 1.038570e-03 0 0 3 3 3.057667e-14 0.000000e+00
7 182 4.134622e-03 1.307482e-03 0 0 3 3 3.056234e-14 0.000000e+00
7 183 4.134622e-03 1.646023e-03 0 0 3 3 3.053892e-14 0.000000e+00
7 184 4.134622e-03 2.072220e-03 0 0 3 3 3.049905e-14 0.000000e+00
7 185 4.134622e-03 2.608770e-03 0 0 3 3 3.042745e-14 0.000000e+00
7 186 4.134622e-03 3.284247e-03 0 0 3 3 3.028244e-14 0.000000e+00
7 187 4.134622e-03 4.134622e-03 0 0 3 3 2.992093e-14 0.000000e+00
7 188 4.134622e-03 5.205181e-03 0 0 3 3 2.913013e-14 0.000000e+00
7 189 4.134622e-03 6.552935e-03 0 0 3 3 2.802355e-14 0.000000e+00
7 190 4.134622e-03 8.249656e-03 0 0 3 3 2.674368e-14 0.000000e+00
7 191 4.134622e-03 1.038570e-02 0 0 3 3 2.531008e-14 0.000000e+00
7 192 4.134622e-03 1.307482e-02 0 0 3 3 2.370188e-14 0.000000e+00
7 193 4.134622e-03 1.646023e-02 0 0 3 3 2.189425e-14 0.000000e+00
7 194 4.134622e-03 2.072220e-02 0 0 3 3 1.987410e-14 0.000000e+00
7 195 4.134622e-03 2.608770e-02 0 0 3 3 1.764954e-14 0.000000e+00
7 196 4.134622e-03 3.284247e-02 0 0 3 3 1.525670e-14 0.000000e+00
7 197 4.134622e-03 4.134622e-02 0 0 3 3 1.276321e-14 0.000000e+00
7 198 4.134622e-03 5.205181e-02 0 0 3 3 1.026548e-14 0.000000e+00
7 199 4.134622e-03 6.552935e-02 0 0 3 3 7.878558e-15 0.000000e+00
8 180 5.205181e-03 8.249656e-04 0 0 3 3 2.945716e-14 0.000000e+00
8 181 5.205181e-03 1.038570e-03 0 0 3 3 2.945101e-14 0.000000e+00
8 182 5.205181e-03 1.307482e-03 0 0 3 3 2.944091e-14 0.000000e+00
8 183 5.205181e-03 1.646023e-03 0 0 3 3 2.942486e-14 0.000000e+00
8 184 5.205181e-03 2.072220e-03 0 0 3 3 2.939867e-14 0.000000e+00
8 185 5.205181e-03 2.608770e-03 0 0 3 3 2.935524e-14 0.000000e+00
8 186 5.205181e-03 3.284247e-03 0 0 3 3 2.927957e-14 0.000000e+00
8 187 5.205181e-03 4.134622e-03 0 0 3 3 2.913013e-14 0.000000e+00
8 188 5.205181e-03 5.205181e-03 0 0 3 3 2.874322e-14 0.000000e+00
8 189 5.205181e-03 6.552935e-03 0 0 3 3 2.786157e-14 0.000000e+00
8 190 5.205181e-03 8.249656e-03 0 0 3 3 2.664068e-14 0.000000e+00
8 191 5.205181e-03 1.038570e-02 0 0 3 3 2.523359e-14 0.000000e+00
8 192 5.205181e-03 1.307482e-02 0 0 3 3 2.364630e-14 0.000000e+00
8 193 5.205181e-03 1.646023e-02 0 0 3 3 2.185671e-14 0.000000e+00
8 194 5.205181e-03 2.072220e-02 0 0 3 3 1.985117e-14 0.000000e+00
8 195 5.205181e-03 2.608770e-02 0 0 3 3 1.763751e-14 0.000000e+00
8 196 5.205181e-03 3.284247e-02 0 0 3 3 1.525206e-14 0.000000e+00
8 197 5.205181e-03 4.134622e-02 0 0 3 3 1.276298e-14 0.000000e+00
8 198 5.205181e-03 5.205181e-02 0 0 3 3 1.026739e-14 0.000000e+00
8 199 5.205181e-03 6.552935e-02 0 0 3 3 7.881062e-15 0.000000e+00
9 180 6.552935e-03 8.249656e-04 0 0 3 3 2.823776e-14 0.000000e+00
9 181 6.552935e-03 1.038570e-03 0 0 3 3 2.823298e-14 0.000000e+00
9 182 6.552935e-03 1.307482e-03 0 0 3 3 2.822511e-14 0.000000e+00
9 183 6.552935e-03 1.646023e-03 0 0 3 3 2.821279e-14 0.000000e+00
9 184 6.552935e-03 2.072220e-03 0 0 3 3 2.819302e-14 0.000000e+00
9 185 6.552935e-03 2.608770e-03 0 0 3 3 2.816133e-14 0.000000e+00
9 186 6.552935e-03 3.284247e-03 0 0 3 3 2.810989e-14 0.000000e+00
9 187 6.552935e-03 4.134622e-03 0 0 3 3 2.802355e-14 0.000000e+00
9 188 6.552935e-03 5.205181e-03 0 0 3 3 2.786157e-14 0.000000e+00
9 189 6.552935e-03 6.552935e-03 0 0 3 3 2.744124e-14 0.000000e+00
9 190 6.552935e-03 8.249656e-03 0 0 3 3 2.645769e-14 0.000000e+00
9 191 6.552935e-03 1.038570e-02 0 0 3 3 2.511031e-14 0.000000e+00
9 192 6.552935e-03 1.307482e-02 0 0 3 3 2.355743e-14 0.000000e+00
9 193 6.552935e-03 1.646023e-02 0 0 3 3 2.179656e-14 0.000000e+00
9 194 6.552935e-03 2.072220e-02 0 0 3 3 1.981438e-14 0.000000e+00
9 195 6.552935e-03 2.608770e-02 0 0 3 3 1.761817e-14 0.000000e+00
9 196 6.552935e-03 3.284247e-02 0 0 3 3 1.524457e-14 0.000000e+00
9 197 6.552935e-03 4.134622e-02 0 0 3 3 1.276254e-14 0.000000e+00
9 198 6.552935e-03 5.205181e-02 0 0 3 3 1.027038e-14 0.000000e+00
9 199 6.552935e-03 6.552935e-02 0 0 3 3 7.885017e-15 0.000000e+00
10 180 8.249656e-03 8.249656e-04 0 0 3 3 2.690620e-14 0.000000e+00
10 181 8.249656e-03 1.038570e-03 0 0 3 3 2.690244e-14 0.000000e+00
10 182 8.249656e-03 1.307482e-03 0 0 3 3 2.689618e-14 0.000000e+00
10 183 8.249656e-03 1.646023e-03 0 0 3 3 2.688644e-14 0.000000e+00
10 184 8.249656e-03 2.072220e-03 0 0 3 3 2.687087e-14 0.000000e+00
10 185 8.249656e-03 2.608770e-03 0 0 3 3 2.684614e-14 0.000000e+00
10 186 8.249656e-03 3.284247e-03 0 0 3 3 2.680676e-14 0.000000e+00
10 187 8.249656e-03 4.134622e-03 0 0 3 3 2.674368e-14 0.000000e+00
10 188 8.249656e-03 5.205181e-03 0 0 3 3 2.664068e-14 0.000000e+00
10 189 8.249656e-03 6.552935e-03 0 0 3 3 2.645769e-14 0.000000e+00
10 190 8.249656e-03 8.249656e-03 0 0 3 3 2.599533e-14 0.000000e+00
10 191 8.249656e-03 1.038570e-02 0 0 3 3 2.489990e-14 0.000000e+00
10 192 8.249656e-03 1.307482e-02 0 0 3 3 2.341424e-14 0.000000e+00
10 193 8.249656e-03 1.646023e-02 0 0 3 3 2.169966e-14 0.000000e+00
10 194 8.249656e-03 2.072220e-02 0 0 3 3 1.975498e-14 0.000000e+00
10 195 8.249656e-03 2.608770e-02 0 0 3 3 1.758686e-14 0.000000e+00
10 196 8.249656e-03 3.284247e-02 0 0 3 3 1.523233e-14 0.000000e+00
10 197 8.249656e-03 4.134622e-02 0 0 3 3 1.276167e-14 0.000000e+00
10 198 8.249656e-03 5.205181e-02 0 0 3 3 1.027504e-14 0.000000e+00
10 199 8.249656e-03 6.552935e-02 0 0 3 3 7.891256e-15 0.000000e+00
11 180 1.038570e-02 8.249656e-04 0 0 3 3 2.543430e-14 0.000000e+00
11 181 1.038570e-02 1.038570e-03 0 0 3 3 2.543143e-14 0.000000e+00
11 182 1.038570e-02 1.307482e-03 0 0 3 3 2.542660e-14 0.000000e+00
11 183 1.038570e-02 1.646023e-03 0 0 3 3 2.541913e-14 0.000000e+00
11 184 1.038570e-02 2.072220e-03 0 0 3 3 2.540715e-14 0.000000e+00
11 185 1.038570e-02 2.608770e-03 0 0 3 3 2.538817e-14 0.000000e+00
11 186 1.038570e-02 3.284247e-03 0 0 3 3 2.535802e-14 0.000000e+00
11 187 1.038570e-02 4.134622e-03 0 0 3 3 2.531008e-14 0.000000e+00
11 188 1.038570e-02 5.205181e-03 0 0 3 3 2.523359e-14 0.000000e+00
11 189 1.038570e-02 6.552935e-03 0 0 3 3 2.511031e-14 0.000000e+00
11 190 1.038570e-02 8.249656e-03 0 0 3 3 2.489990e-14 0.000000e+00
11 191 1.038570e-02 1.038570e-02 0 0 3 3 2.438862e-14 0.000000e+00
11 192 1.038570e-02 1.307482e-02 0 0 3 3 2.317460e-14 0.000000e+00
11 193 1.038570e-02 1.646023e-02 0 0 3 3 2.154210e-14 0.000000e+00
11 194 1.038570e-02 2.072220e-02 0 0 3 3 1.965805e-14 0.000000e+00
11 195 1.038570e-02 2.608770e-02 0 0 3 3 1.753557e-14 0.000000e+00
11 196 1.038570e-02 3.284247e-02 0 0 3 3 1.521203e-14 0.000000e+00
11 197 1.038570e-02 4.134622e-02 0 0 3 3 1.275986e-14 0.000000e+00
11 198 1.038570e-02 5.205181e-02 0 0 3 3 1.028225e-14 0.000000e+00
11 199 1.038570e-02 6.552935e-02 0 0 3 3 7.901073e-15 0.000000e+00
12 180 1.307482e-02 8.249656e-04 0 0 3 3 2.379216e-14 0.000000e+00
12 181 1.307482e-02 1.038570e-03 0 0 3 3 2.379011e-14 0.000000e+00
12 182 1.307482e-02 1.307482e-03 0 0 3 3 2.378658e-14 0.000000e+00
12 183 1.307482e-02 1.646023e-03 0 0 3 3 2.378118e-14 0.000000e+00
12 184 1.307482e-02 2.072220e-03 0 0 3 3 2.377247e-14 0.000000e+00
12 185 1.307482e-02 2.608770e-03 0 0 3 3 2.375867e-14 0.000000e+00
12 186 1.307482e-02 3.284247e-03 0 0 3 3 2.373675e-14 0.000000e+00
12 187 1.307482e-02 4.134622e-03 0 0 3 3 2.370188e-14 0.000000e+00
12 188 1.307482e-02 5.205181e-03 0 0 3 3 2.364630e-14 0.000000e+00
12 189 1.307482e-02 6.552935e-03 0 0 3 3 2.355743e-14 0.000000e+00
12 190 1.307482e-02 8.249656e-03 0 0 3 3 2.341424e-14 0.000000e+00
12 191 1.307482e-02 1.038570e-02 0 0 3 3 2.317460e-14 0.000000e+00
12 192 1.307482e-02 1.307482e-02 0 0 3 3 2.261189e-14 0.000000e+00
12 193 1.307482e-02 1.646023e-02 0 0 3 3 2.127831e-14 0.000000e+00
12 194 1.307482e-02 2.072220e-02 0 0 3 3 1.949744e-14 0.000000e+00
12 195 1.307482e-02 2.608770e-02 0 0 3 3 1.744997e-14 0.000000e+00
12 196 1.307482e-02 3.284247e-02 0 0 3 3 1.517754e-14 0.000000e+00
12 197 1.307482e-02 4.134622e-02 0 0 3 3 1.275588e-14 0.000000e+00
12 198 1.307482e-02 5.205181e-02 0 0 3 3 1.029321e-14 0.000000e+00
12 199 1.307482e-02 6.552935e-02 0 0 3 3 7.916447e-15 0.000000e+00
13 180 1.646023e-02 8.249656e-04 0 0 3 3 2.195509e-14 0.000000e+00
13 181 1.646023e-02 1.038570e-03 0 0 3 3 2.195375e-14 0.000000e+00
13 182 1.646023e-02 1.307482e-03 0 0 3 3 2.195135e-14 0.000000e+00
13 183 1.646023e-02 1.646023e-03 0 0 3 3 2.194773e-14 0.000000e+00
13 184 1.646023e-02 2.072220e-03 0 0 3 3 2.194187e-14 0.000000e+00
13 185 1.646023e-02 2.608770e-03 0 0 3 3 2.193256e-14 0.000000e+00
13 186 1.646023e-02 3.284247e-03 0 0 3 3 2.191778e-14 0.000000e+00
13 187 1.646023e-02 4.134622e-03 0 0 3 3 2.189425e-14 0.000000e+00
13 188 1.646023e-02 5.205181e-03 0 0 3 3 2.185671e-14 0.000000e+00
13 189 1.646023e-02 6.552935e-03 0 0 3 3 2.179656e-14 0.000000e+00
13 190 1.646023e-02 8.249656e-03 0 0 3 3 2.169966e-14 0.000000e+00
13 191 1.646023e-02 1.038570e-02 0 0 3 3 2.154210e-14 0.000000e+00
13 192 1.646023e-02 1.307482e-02 0 0 3 3 2.127831e-14 0.000000e+00
13 193 1.646023e-02 1.646023e-02 0 0 3 3 2.066889e-14 0.000000e+00
13 194 1.646023e-02 2.072220e-02 0 0 3 3 1.922307e-14 0.000000e+00
13 195 1.646023e-02 2.608770e-02 0 0 3 3 1.730317e-14 0.000000e+00
13 196 1.646023e-02 3.284247e-02 0 0 3 3 1.511682e-14 0.000000e+00
13 197 1.646023e-02 4.134622e-02 0 0 3 3 1.274670e-14 0.000000e+00
13 198 1.646023e-02 5.205181e-02 0 0 3 3 1.030936e-14 0.000000e+00
13 199 1.646023e-02 6.552935e-02 0 0 3 3 7.940346e-15 0.000000e+00
14 180 2.072220e-02 8.249656e-04 0 0 3 3 1.991117e-14 0.000000e+00
14 181 2.072220e-02 1.038570e-03 0 0 3 3 1.991041e-14 0.000000e+00
14 182 2.072220e-02 1.307482e-03 0 0 3 3 1.990892e-14 0.000000e+00
14 183 2.072220e-02 1.646023e-03 0 0 3 3 1.990674e-14 0.000000e+00
14 184 2.072220e-02 2.072220e-03 0 0 3 3 1.990316e-14 0.000000e+00
14 185 2.072220e-02 2.608770e-03 0 0 3 3 1.989748e-14 0.000000e+00
14 186 2.072220e-02 3.284247e-03 0 0 3 3 1.988847e-14 0.000000e+00
14 187 2.072220e-02 4.134622e-03 0 0 3 3 1.987410e-14 0.000000e+00
14 188 2.072220e-02 5.205181e-03 0 0 3 3 1.985117e-14 0.000000e+00
14 189 2.072220e-02 6.552935e-03 0 0 3 3 1.981438e-14 0.000000e+00
14 190 2.072220e-02 8.249656e-03 0 0 3 3 1.975498e-14 0.000000e+00
14 191 2.072220e-02 1.038570e-02 0 0 3 3 1.965805e-14 0.000000e+00
14 192 2.072220e-02 1.307482e-02 0 0 3 3 1.949744e-14 0.000000e+00
14 193 2.072220e-02 1.646023e-02 0 0 3 3 1.922307e-14 0.000000e+00
14 194 2.072220e-02 2.072220e-02 0 0 3 3 1.858121e-14 0.000000e+00
14 195 2.072220e-02 2.608770e-02 0 0 3 3 1.704050e-14 0.000000e+00
14 196 2.072220e-02 3.284247e-02 0 0 3 3 1.500459e-14 0.000000e+00
14 197 2.072220e-02 4.134622e-02 0 0 3 3 1.272450e-14 0.000000e+00
14 198 2.072220e-02 5.205181e-02 0 0 3 3 1.033172e-14 0.000000e+00
14 199 2.072220e-02 6.552935e-02 0 0 3 3 7.977016e-15 0.000000e+00
15 180 2.608770e-02 8.249656e-04 0 0 3 3 1.766891e-14 0.000000e+00
15 181 2.608770e-02 1.038570e-03 0 0 3 3 1.766857e-14 0.000000e+00
15 182 2.608770e-02 1.307482e-03 0 0 3 3 1.766776e-14 0.000000e+00
15 183 2.608770e-02 1.646023e-03 0 0 3 3 1.766665e-14 0.000000e+00
15 184 2.608770e-02 2.072220e-03 0 0 3 3 1.766477e-14 0.000000e+00
15 185 2.608770e-02 2.608770e-03 0 0 3 3 1.766180e-14 0.000000e+00
15 186 2.608770e-02 3.284247e-03 0 0 3 3 1.765707e-14 0.000000e+00
15 187 2.608770e-02 4.134622e-03 0 0 3 3 1.764954e-14 0.000000e+00
15 188 2.608770e-02 5.205181e-03 0 0 3 3 1.763751e-14 0.000000e+00
15 189 2.608770e-02 6.552935e-03 0 0 3 3 1.761817e-14 0.000000e+00
15 190 2.608770e-02 8.249656e-03 0 0 3 3 1.758686e-14 0.000000e+00
15 191 2.608770e-02 1.038570e-02 0 0 3 3 1.753557e-14 0.000000e+00
15 192 2.608770e-02 1.307482e-02 0 0 3 3 1.744997e-14 0.000000e+00
15 193 2.608770e-02 1.646023e-02 0 0 3 3 1.730317e-14 0.000000e+00
15 194 2.608770e-02 2.072220e-02 0 0 3 3 1.704050e-14 0.000000e+00
15 195 2.608770e-02 2.608770e-02 0 0 3 3 1.639081e-14 0.000000e+00
15 196 2.608770e-02 3.284247e-02 0 0 3 3 1.478288e-14 0.000000e+00
15 197 2.608770e-02 4.134622e-02 0 0 3 3 1.266846e-14 0.000000e+00
15 198 2.608770e-02 5.205181e-02 0 0 3 3 1.035843e-14 0.000000e+00
15 199 2.608770e-02 6.552935e-02 0 0 3 3 8.031949e-15 0.000000e+00
16 180 3.284247e-02 8.249656e-04 0 0 3 3 1.526405e-14 0.000000e+00
16 181 3.284247e-02 1.038570e-03 0 0 3 3 1.526400e-14 0.000000e+00
16 182 3.284247e-02 1.307482e-03 0 0 3 3 1.526365e-14 0.000000e+00
16 183 3.284247e-02 1.646023e-03 0 0 3 3 1.526327e-14 0.000000e+00
16 184 3.284247e-02 2.072220e-03 0 0 3 3 1.526255e-14 0.000000e+00
16 185 3.284247e-02 2.608770e-03 0 0 3 3 1.526141e-14 0.000000e+00
16 186 3.284247e-02 3.284247e-03 0 0 3 3 1.525960e-14 0.000000e+00
16 187 3.284247e-02 4.134622e-03 0 0 3 3 1.525670e-14 0.000000e+00
16 188 3.284247e-02 5.205181e-03 0 0 3 3 1.525206e-14 0.000000e+00
16 189 3.284247e-02 6.552935e-03 0 0 3 3 1.524457e-14 0.000000e+00
16 190 3.284247e-02 8.249656e-03 0 0 3 3 1.523233e-14 0.000000e+00
16 191 3.284247e-02 1.038570e-02 0 0 3 3 1.521203e-14 0.000000e+00
16 192 3.284247e-02 1.307482e-02 0 0 3 3 1.517754e-14 0.000000e+00
16 193 3.284247e-02 1.646023e-02 0 0 3 3 1.511682e-14 0.000000e+00
16 194 3.284247e-02 2.072220e-02 0 0 3 3 1.500459e-14 0.000000e+00
16 195 3.284247e-02 2.608770e-02 0 0 3 3 1.478288e-14 0.000000e+00
16 196 3.284247e-02 3.284247e-02 0 0 3 3 1.415909e-14 0.000000e+00
16 197 3.284247e-02 4.134622e-02 0 0 3 3 1.251999e-14 0.000000e+00
16 198 3.284247e-02 5.205181e-02 0 0 3 3 1.037602e-14 0.000000e+00
16 199 3.284247e-02 6.552935e-02 0 0 3 3 8.110264e-15 0.000000e+00
17 180 4.134622e-02 8.249656e-04 0 0 3 3 1.276341e-14 0.000000e+00
17 181 4.134622e-02 1.038570e-03 0 0 3 3 1.276353e-14 0.000000e+00
17 182 4.134622e-02 1.307482e-03 0 0 3 3 1.276346e-14 0.000000e+00
17 183 4.134622e-02 1.646023e-03 0 0 3 3 1.276351e-14 0.000000e+00
17 184 4.134622e-02 2.072220e-03 0 0 3 3 1.276347e-14 0.000000e+00
17 185 4.134622e-02 2.608770e-03 0 0 3 3 1.276342e-14 0.000000e+00
17 186 4.134622e-02 3.284247e-03 0 0 3 3 1.276335e-14 0.000000e+00
17 187 4.134622e-02 4.134622e-03 0 0 3 3 1.276321e-14 0.000000e+00
17 188 4.134622e-02 5.205181e-03 0 0 3 3 1.276298e-14 0.000000e+00
17 189 4.134622e-02 6.552935e-03 0 0 3 3 1.276254e-14 0.000000e+00
17 190 4.134622e-02 8.249656e-03 0 0 3 3 1.276167e-14 0.000000e+00
17 191 4.134622e-02 1.038570e-02 0 0 3 3 1.275986e-14 0.000000e+00
17 192 4.134622e-02 1.307482e-02 0 0 3 3 1.275588e-14 0.000000e+00
17 193 4.134622e-02 1.646023e-02 0 0 3 3 1.274670e-14 0.000000e+00
17 194 4.134622e-02 2.072220e-02 0 0 3 3 1.272450e-14 0.000000e+00
17 195 4.134622e-02 2.608770e-02 0 0 3 3 1.266846e-14 0.000000e+00
17 196 4.134622e-02 3.284247e-02 0 0 3 3 1.251999e-14 0.000000e+00
17 197 4.134622e-02 4.134622e-02 0 0 3 3 1.196052e-14 0.000000e+00
17 198 4.134622e-02 5.205181e-02 0 0 3 3 1.032904e-14 0.000000e+00
17 199 4.134622e-02 6.552935e-02 0 0 3 3 8.208677e-15 0.000000e+00
18 180 5.205181e-02 8.249656e-04 0 0 3 3 1.026221e-14 0.000000e+00
18 181 5.205181e-02 1.038570e-03 0 0 3 3 1.026241e-14 0.000000e+00
18 182 5.205181e-02 1.307482e-03 0 0 3 3 1.026247e-14 0.000000e+00
18 183 5.205181e-02 1.646023e-03 0 0 3 3 1.026273e-14 0.000000e+00
18 184 5.205181e-02 2.072220e-03 0 0 3 3 1.026303e-14 0.000000e+00
18 185 5.205181e-02 2.608770e-03 0 0 3 3 1.026351e-14 0.000000e+00
18 186 5.205181e-02 3.284247e-03 0 0 3 3 1.026428e-14 0.000000e+00
18 187 5.205181e-02 4.134622e-03 0 0 3 3 1.026548e-14 0.000000e+00
18 188 5.205181e-02 5.205181e-03 0 0 3 3 1.026739e-14 0.000000e+00
18 189 5.205181e-02 6.552935e-03 0 0 3 3 1.027038e-14 0.000000e+00
18 190 5.205181e-02 8.249656e-03 0 0 3 3 1.027504e-14 0.000000e+00
18 191 5.205181e-02 1.038570e-02 0 0 3 3 1.028225e-14 0.000000e+00
18 192 5.205181e-02 1.307482e-02 0 0 3 3 1.029321e-14 0.000000e+00
18 193 5.205181e-02 1.646023e-02 0 0 3 3 1.030936e-14 0.000000e+00
18 194 5.205181e-02 2.072220e-02 0 0 3 3 1.033172e-14 0.000000e+00
18 195 5.205181e-02 2.608770e-02 0 0 3 3 1.035843e-14 0.000000e+00
18 196 5.205181e-02 3.284247e-02 0 0 3 3 1.037602e-14 0.000000e+00
18 197 5.205181e-02 4.134622e-02 0 0 3 3 1.032904e-14 0.000000e+00
18 198 5.205181e-02 5.205181e-02 0 0 3 3 9.869247e-15 0.000000e+00
18 199 5.205181e-02 6.552935e-02 0 0 3 3 8.280584e-15 0.000000e+00
19 180 6.552935e-02 8.249656e-04 0 0 3 3 7.874315e-15 0.000000e+00
19 181 6.552935e-02 1.038570e-03 0 0 3 3 7.874540e-15 0.000000e+00
19 182 6.552935e-02 1.307482e-03 0 0 3 3 7.874642e-15 0.000000e+00
19 183 6.552935e-02 1.646023e-03 0 0 3 3 7.874959e-15 0.000000e+00
19 184 6.552935e-02 2.072220e-03 0 0 3 3 7.875347e-15 0.000000e+00
19 185 6.552935e-02 2.608770e-03 0 0 3 3 7.875977e-15 0.000000e+00
19 186 6.552935e-02 3.284247e-03 0 0 3 3 7.876976e-15 0.000000e+00
19 187 6.552935e-02 4.134622e-03 0 0 3 3 7.878558e-15 0.000000e+00
19 188 6.552935e-02 5.205181e-03 0 0 3 3 7.881062e-15 0.000000e+00
19 189 6.552935e-02 6.552935e-03 0 0 3 3 7.885017e-15 0.000000e+00
19 190 6.552935e-02 8.249656e-03 0 0 3 3 7.891256e-15 0.000000e+00
19 191 6.552935e-02 1.038570e-02 0 0 3 3 7.901073e-15 0.000000e+00
19 192 6.552935e-02 1.307482e-02 0 0 3 3 7.916447e-15 0.000000e+00
19 193 6.552935e-02 1.646023e-02 0 0 3 3 7.940346e-15 0.000000e+00
19 194 6.552935e-02 2.072220e-02 0 0 3 3 7.977016e-15 0.000000e+00
19 195 6.552935e-02 2.608770e-02 0 0 3 3 8.031949e-15 0.000000e+00
19 196 6.552935e-02 3.284247e-02 0 0 3 3 8.110264e-15 0.000000e+00
19 197 6.552935e-02 4.134622e-02 0 0 3 3 8.208677e-15 0.000000e+00
19 198 6.552935e-02 5.205181e-02 0 0 3 3 8.280584e-15 0.000000e+00
19 199 6.552935e-02 6.552935e-02 0 0 3 3 7.948234e-15 0.000000e+00
