# Please cite the following papers in research using this covariance:
# arXiv: 1601.05779, https://arxiv.org/abs/1601.05779
# arXiv: 1911.11947, https://arxiv.org/abs/1911.11947
# arXiv: 2004.04833, https://arxiv.org/abs/2004.04833
########################################################
0 20 8.249656e-04 8.249656e-04 0 0 0 1 1.341418e-13 0.000000e+00
0 21 8.249656e-04 1.038570e-03 0 0 0 1 1.179611e-13 0.000000e+00
0 22 8.249656e-04 1.307482e-03 0 0 0 1 9.898780e-14 0.000000e+00
0 23 8.249656e-04 1.646023e-03 0 0 0 1 8.237214e-14 0.000000e+00
0 24 8.249656e-04 2.072220e-03 0 0 0 1 6.846865e-14 0.000000e+00
0 25 8.249656e-04 2.608770e-03 0 0 0 1 5.714468e-14 0.000000e+00
0 26 8.249656e-04 3.284247e-03 0 0 0 1 4.807537e-14 0.000000e+00
0 27 8.249656e-04 4.134622e-03 0 0 0 1 4.086051e-14 0.000000e+00
0 28 8.249656e-04 5.205181e-03 0 0 0 1 3.509576e-14 0.000000e+00
0 29 8.249656e-04 6.552935e-03 0 0 0 1 3.041654e-14 0.000000e+00
0 30 8.249656e-04 8.249656e-03 0 0 0 1 2.652120e-14 0.000000e+00
0 31 8.249656e-04 1.038570e-02 0 0 0 1 2.317773e-14 0.000000e+00
0 32 8.249656e-04 1.307482e-02 0 0 0 1 2.021951e-14 0.000000e+00
0 33 8.249656e-04 1.646023e-02 0 0 0 1 1.753584e-14 0.000000e+00
0 34 8.249656e-04 2.072220e-02 0 0 0 1 1.505906e-14 0.000000e+00
0 35 8.249656e-04 2.608770e-02 0 0 0 1 1.275234e-14 0.000000e+00
0 36 8.249656e-04 3.284247e-02 0 0 0 1 1.060274e-14 0.000000e+00
0 37 8.249656e-04 4.134622e-02 0 0 0 1 8.612668e-15 0.000000e+00
0 38 8.249656e-04 5.205181e-02 0 0 0 1 6.798248e-15 0.000000e+00
0 39 8.249656e-04 6.552935e-02 0 0 0 1 5.182554e-15 0.000000e+00
1 20 1.038570e-03 8.249656e-04 0 0 0 1 1.179611e-13 0.000000e+00
1 21 1.038570e-03 1.038570e-03 0 0 0 1 1.169082e-13 0.000000e+00
1 22 1.038570e-03 1.307482e-03 0 0 0 1 1.016450e-13 0.000000e+00
1 23 1.038570e-03 1.646023e-03 0 0 0 1 8.419922e-14 0.000000e+00
1 24 1.038570e-03 2.072220e-03 0 0 0 1 6.956361e-14 0.000000e+00
1 25 1.038570e-03 2.608770e-03 0 0 0 1 5.775328e-14 0.000000e+00
1 26 1.038570e-03 3.284247e-03 0 0 0 1 4.839418e-14 0.000000e+00
1 27 1.038570e-03 4.134622e-03 0 0 0 1 4.101918e-14 0.000000e+00
1 28 1.038570e-03 5.205181e-03 0 0 0 1 3.517127e-14 0.000000e+00
1 29 1.038570e-03 6.552935e-03 0 0 0 1 3.045114e-14 0.000000e+00
1 30 1.038570e-03 8.249656e-03 0 0 0 1 2.653667e-14 0.000000e+00
1 31 1.038570e-03 1.038570e-02 0 0 0 1 2.318462e-14 0.000000e+00
1 32 1.038570e-03 1.307482e-02 0 0 0 1 2.022266e-14 0.000000e+00
1 33 1.038570e-03 1.646023e-02 0 0 0 1 1.753739e-14 0.000000e+00
1 34 1.038570e-03 2.072220e-02 0 0 0 1 1.505990e-14 0.000000e+00
1 35 1.038570e-03 2.608770e-02 0 0 0 1 1.275286e-14 0.000000e+00
1 36 1.038570e-03 3.284247e-02 0 0 0 1 1.060311e-14 0.000000e+00
1 37 1.038570e-03 4.134622e-02 0 0 0 1 8.612967e-15 0.000000e+00
1 38 1.038570e-03 5.205181e-02 0 0 0 1 6.798470e-15 0.000000e+00
1 39 1.038570e-03 6.552935e-02 0 0 0 1 5.182740e-15 0.000000e+00
2 20 1.307482e-03 8.249656e-04 0 0 0 1 9.898780e-14 0.000000e+00
2 21 1.307482e-03 1.038570e-03 0 0 0 1 1.016450e-13 0.000000e+00
2 22 1.307482e-03 1.307482e-03 0 0 0 1 1.014329e-13 0.000000e+00
2 23 1.307482e-03 1.646023e-03 0 0 0 1 8.719803e-14 0.000000e+00
2 24 1.307482e-03 2.072220e-03 0 0 0 1 7.141535e-14 0.000000e+00
2 25 1.307482e-03 2.608770e-03 0 0 0 1 5.877505e-14 0.000000e+00
2 26 1.307482e-03 3.284247e-03 0 0 0 1 4.892299e-14 0.000000e+00
2 27 1.307482e-03 4.134622e-03 0 0 0 1 4.127930e-14 0.000000e+00
2 28 1.307482e-03 5.205181e-03 0 0 0 1 3.529378e-14 0.000000e+00
2 29 1.307482e-03 6.552935e-03 0 0 0 1 3.050680e-14 0.000000e+00
2 30 1.307482e-03 8.249656e-03 0 0 0 1 2.656131e-14 0.000000e+00
2 31 1.307482e-03 1.038570e-02 0 0 0 1 2.319541e-14 0.000000e+00
2 32 1.307482e-03 1.307482e-02 0 0 0 1 2.022746e-14 0.000000e+00
2 33 1.307482e-03 1.646023e-02 0 0 0 1 1.753967e-14 0.000000e+00
2 34 1.307482e-03 2.072220e-02 0 0 0 1 1.506101e-14 0.000000e+00
2 35 1.307482e-03 2.608770e-02 0 0 0 1 1.275352e-14 0.000000e+00
2 36 1.307482e-03 3.284247e-02 0 0 0 1 1.060350e-14 0.000000e+00
2 37 1.307482e-03 4.134622e-02 0 0 0 1 8.613243e-15 0.000000e+00
2 38 1.307482e-03 5.205181e-02 0 0 0 1 6.798638e-15 0.000000e+00
2 39 1.307482e-03 6.552935e-02 0 0 0 1 5.182854e-15 0.000000e+00
3 20 1.646023e-03 8.249656e-04 0 0 0 1 8.237214e-14 0.000000e+00
3 21 1.646023e-03 1.038570e-03 0 0 0 1 8.419922e-14 0.000000e+00
3 22 1.646023e-03 1.307482e-03 0 0 0 1 8.719803e-14 0.000000e+00
3 23 1.646023e-03 1.646023e-03 0 0 0 1 8.774452e-14 0.000000e+00
3 24 1.646023e-03 2.072220e-03 0 0 0 1 7.460454e-14 0.000000e+00
3 25 1.646023e-03 2.608770e-03 0 0 0 1 6.055040e-14 0.000000e+00
3 26 1.646023e-03 3.284247e-03 0 0 0 1 4.982582e-14 0.000000e+00
3 27 1.646023e-03 4.134622e-03 0 0 0 1 4.171547e-14 0.000000e+00
3 28 1.646023e-03 5.205181e-03 0 0 0 1 3.549615e-14 0.000000e+00
3 29 1.646023e-03 6.552935e-03 0 0 0 1 3.059770e-14 0.000000e+00
3 30 1.646023e-03 8.249656e-03 0 0 0 1 2.660126e-14 0.000000e+00
3 31 1.646023e-03 1.038570e-02 0 0 0 1 2.321286e-14 0.000000e+00
3 32 1.646023e-03 1.307482e-02 0 0 0 1 2.023529e-14 0.000000e+00
3 33 1.646023e-03 1.646023e-02 0 0 0 1 1.754339e-14 0.000000e+00
3 34 1.646023e-03 2.072220e-02 0 0 0 1 1.506295e-14 0.000000e+00
3 35 1.646023e-03 2.608770e-02 0 0 0 1 1.275470e-14 0.000000e+00
3 36 1.646023e-03 3.284247e-02 0 0 0 1 1.060426e-14 0.000000e+00
3 37 1.646023e-03 4.134622e-02 0 0 0 1 8.613796e-15 0.000000e+00
3 38 1.646023e-03 5.205181e-02 0 0 0 1 6.799033e-15 0.000000e+00
3 39 1.646023e-03 6.552935e-02 0 0 0 1 5.183152e-15 0.000000e+00
4 20 2.072220e-03 8.249656e-04 0 0 0 1 6.846865e-14 0.000000e+00
4 21 2.072220e-03 1.038570e-03 0 0 0 1 6.956361e-14 0.000000e+00
4 22 2.072220e-03 1.307482e-03 0 0 0 1 7.141535e-14 0.000000e+00
4 23 2.072220e-03 1.646023e-03 0 0 0 1 7.460454e-14 0.000000e+00
4 24 2.072220e-03 2.072220e-03 0 0 0 1 7.578359e-14 0.000000e+00
4 25 2.072220e-03 2.608770e-03 0 0 0 1 6.376888e-14 0.000000e+00
4 26 2.072220e-03 3.284247e-03 0 0 0 1 5.144043e-14 0.000000e+00
4 27 2.072220e-03 4.134622e-03 0 0 0 1 4.247277e-14 0.000000e+00
4 28 2.072220e-03 5.205181e-03 0 0 0 1 3.583870e-14 0.000000e+00
4 29 2.072220e-03 6.552935e-03 0 0 0 1 3.074854e-14 0.000000e+00
4 30 2.072220e-03 8.249656e-03 0 0 0 1 2.666652e-14 0.000000e+00
4 31 2.072220e-03 1.038570e-02 0 0 0 1 2.324100e-14 0.000000e+00
4 32 2.072220e-03 1.307482e-02 0 0 0 1 2.024774e-14 0.000000e+00
4 33 2.072220e-03 1.646023e-02 0 0 0 1 1.754923e-14 0.000000e+00
4 34 2.072220e-03 2.072220e-02 0 0 0 1 1.506597e-14 0.000000e+00
4 35 2.072220e-03 2.608770e-02 0 0 0 1 1.275644e-14 0.000000e+00
4 36 2.072220e-03 3.284247e-02 0 0 0 1 1.060537e-14 0.000000e+00
4 37 2.072220e-03 4.134622e-02 0 0 0 1 8.614562e-15 0.000000e+00
4 38 2.072220e-03 5.205181e-02 0 0 0 1 6.799577e-15 0.000000e+00
4 39 2.072220e-03 6.552935e-02 0 0 0 1 5.183534e-15 0.000000e+00
5 20 2.608770e-03 8.249656e-04 0 0 0 1 5.714468e-14 0.000000e+00
5 21 2.608770e-03 1.038570e-03 0 0 0 1 5.775328e-14 0.000000e+00
5 22 2.608770e-03 1.307482e-03 0 0 0 1 5.877505e-14 0.000000e+00
5 23 2.608770e-03 1.646023e-03 0 0 0 1 6.055040e-14 0.000000e+00
5 24 2.608770e-03 2.072220e-03 0 0 0 1 6.376888e-14 0.000000e+00
5 25 2.608770e-03 2.608770e-03 0 0 0 1 6.542608e-14 0.000000e+00
5 26 2.608770e-03 3.284247e-03 0 0 0 1 5.453672e-14 0.000000e+00
5 27 2.608770e-03 4.134622e-03 0 0 0 1 4.386960e-14 0.000000e+00
5 28 2.608770e-03 5.205181e-03 0 0 0 1 3.644406e-14 0.000000e+00
5 29 2.608770e-03 6.552935e-03 0 0 0 1 3.100642e-14 0.000000e+00
5 30 2.608770e-03 8.249656e-03 0 0 0 1 2.677537e-14 0.000000e+00
5 31 2.608770e-03 1.038570e-02 0 0 0 1 2.328714e-14 0.000000e+00
5 32 2.608770e-03 1.307482e-02 0 0 0 1 2.026791e-14 0.000000e+00
5 33 2.608770e-03 1.646023e-02 0 0 0 1 1.755863e-14 0.000000e+00
5 34 2.608770e-03 2.072220e-02 0 0 0 1 1.507077e-14 0.000000e+00
5 35 2.608770e-03 2.608770e-02 0 0 0 1 1.275921e-14 0.000000e+00
5 36 2.608770e-03 3.284247e-02 0 0 0 1 1.060715e-14 0.000000e+00
5 37 2.608770e-03 4.134622e-02 0 0 0 1 8.615775e-15 0.000000e+00
5 38 2.608770e-03 5.205181e-02 0 0 0 1 6.800465e-15 0.000000e+00
5 39 2.608770e-03 6.552935e-02 0 0 0 1 5.184151e-15 0.000000e+00
6 20 3.284247e-03 8.249656e-04 0 0 0 1 4.807537e-14 0.000000e+00
6 21 3.284247e-03 1.038570e-03 0 0 0 1 4.839418e-14 0.000000e+00
6 22 3.284247e-03 1.307482e-03 0 0 0 1 4.892299e-14 0.000000e+00
6 23 3.284247e-03 1.646023e-03 0 0 0 1 4.982582e-14 0.000000e+00
6 24 3.284247e-03 2.072220e-03 0 0 0 1 5.144043e-14 0.000000e+00
6 25 3.284247e-03 2.608770e-03 0 0 0 1 5.453672e-14 0.000000e+00
6 26 3.284247e-03 3.284247e-03 0 0 0 1 5.650568e-14 0.000000e+00
6 27 3.284247e-03 4.134622e-03 0 0 0 1 4.671838e-14 0.000000e+00
6 28 3.284247e-03 5.205181e-03 0 0 0 1 3.759703e-14 0.000000e+00
6 29 3.284247e-03 6.552935e-03 0 0 0 1 3.146989e-14 0.000000e+00
6 30 3.284247e-03 8.249656e-03 0 0 0 1 2.696300e-14 0.000000e+00
6 31 3.284247e-03 1.038570e-02 0 0 0 1 2.336437e-14 0.000000e+00
6 32 3.284247e-03 1.307482e-02 0 0 0 1 2.030092e-14 0.000000e+00
6 33 3.284247e-03 1.646023e-02 0 0 0 1 1.757378e-14 0.000000e+00
6 34 3.284247e-03 2.072220e-02 0 0 0 1 1.507845e-14 0.000000e+00
6 35 3.284247e-03 2.608770e-02 0 0 0 1 1.276364e-14 0.000000e+00
6 36 3.284247e-03 3.284247e-02 0 0 0 1 1.060995e-14 0.000000e+00
6 37 3.284247e-03 4.134622e-02 0 0 0 1 8.617716e-15 0.000000e+00
6 38 3.284247e-03 5.205181e-02 0 0 0 1 6.801877e-15 0.000000e+00
6 39 3.284247e-03 6.552935e-02 0 0 0 1 5.185130e-15 0.000000e+00
7 20 4.134622e-03 8.249656e-04 0 0 0 1 4.086051e-14 0.000000e+00
7 21 4.134622e-03 1.038570e-03 0 0 0 1 4.101918e-14 0.000000e+00
7 22 4.134622e-03 1.307482e-03 0 0 0 1 4.127930e-14 0.000000e+00
7 23 4.134622e-03 1.646023e-03 0 0 0 1 4.171547e-14 0.000000e+00
7 24 4.134622e-03 2.072220e-03 0 0 0 1 4.247277e-14 0.000000e+00
7 25 4.134622e-03 2.608770e-03 0 0 0 1 4.386960e-14 0.000000e+00
7 26 4.134622e-03 3.284247e-03 0 0 0 1 4.671838e-14 0.000000e+00
7 27 4.134622e-03 4.134622e-03 0 0 0 1 4.883713e-14 0.000000e+00
7 28 4.134622e-03 5.205181e-03 0 0 0 1 4.011092e-14 0.000000e+00
7 29 4.134622e-03 6.552935e-03 0 0 0 1 3.238130e-14 0.000000e+00
7 30 4.134622e-03 8.249656e-03 0 0 0 1 2.730533e-14 0.000000e+00
7 31 4.134622e-03 1.038570e-02 0 0 0 1 2.349822e-14 0.000000e+00
7 32 4.134622e-03 1.307482e-02 0 0 0 1 2.035616e-14 0.000000e+00
7 33 4.134622e-03 1.646023e-02 0 0 0 1 1.759853e-14 0.000000e+00
7 34 4.134622e-03 2.072220e-02 0 0 0 1 1.509082e-14 0.000000e+00
7 35 4.134622e-03 2.608770e-02 0 0 0 1 1.277070e-14 0.000000e+00
7 36 4.134622e-03 3.284247e-02 0 0 0 1 1.061441e-14 0.000000e+00
7 37 4.134622e-03 4.134622e-02 0 0 0 1 8.620825e-15 0.000000e+00
7 38 4.134622e-03 5.205181e-02 0 0 0 1 6.804096e-15 0.000000e+00
7 39 4.134622e-03 6.552935e-02 0 0 0 1 5.186687e-15 0.000000e+00
8 20 5.205181e-03 8.249656e-04 0 0 0 1 3.509576e-14 0.000000e+00
8 21 5.205181e-03 1.038570e-03 0 0 0 1 3.517127e-14 0.000000e+00
8 22 5.205181e-03 1.307482e-03 0 0 0 1 3.529378e-14 0.000000e+00
8 23 5.205181e-03 1.646023e-03 0 0 0 1 3.549615e-14 0.000000e+00
8 24 5.205181e-03 2.072220e-03 0 0 0 1 3.583870e-14 0.000000e+00
8 25 5.205181e-03 2.608770e-03 0 0 0 1 3.644406e-14 0.000000e+00
8 26 5.205181e-03 3.284247e-03 0 0 0 1 3.759703e-14 0.000000e+00
8 27 5.205181e-03 4.134622e-03 0 0 0 1 4.011092e-14 0.000000e+00
8 28 5.205181e-03 5.205181e-03 0 0 0 1 4.223552e-14 0.000000e+00
8 29 5.205181e-03 6.552935e-03 0 0 0 1 3.451498e-14 0.000000e+00
8 30 5.205181e-03 8.249656e-03 0 0 0 1 2.799915e-14 0.000000e+00
8 31 5.205181e-03 1.038570e-02 0 0 0 1 2.374517e-14 0.000000e+00
8 32 5.205181e-03 1.307482e-02 0 0 0 1 2.045193e-14 0.000000e+00
8 33 5.205181e-03 1.646023e-02 0 0 0 1 1.763972e-14 0.000000e+00
8 34 5.205181e-03 2.072220e-02 0 0 0 1 1.511093e-14 0.000000e+00
8 35 5.205181e-03 2.608770e-02 0 0 0 1 1.278201e-14 0.000000e+00
8 36 5.205181e-03 3.284247e-02 0 0 0 1 1.062154e-14 0.000000e+00
8 37 5.205181e-03 4.134622e-02 0 0 0 1 8.625743e-15 0.000000e+00
8 38 5.205181e-03 5.205181e-02 0 0 0 1 6.807609e-15 0.000000e+00
8 39 5.205181e-03 6.552935e-02 0 0 0 1 5.189163e-15 0.000000e+00
9 20 6.552935e-03 8.249656e-04 0 0 0 1 3.041654e-14 0.000000e+00
9 21 6.552935e-03 1.038570e-03 0 0 0 1 3.045114e-14 0.000000e+00
9 22 6.552935e-03 1.307482e-03 0 0 0 1 3.050680e-14 0.000000e+00
9 23 6.552935e-03 1.646023e-03 0 0 0 1 3.059770e-14 0.000000e+00
9 24 6.552935e-03 2.072220e-03 0 0 0 1 3.074854e-14 0.000000e+00
9 25 6.552935e-03 2.608770e-03 0 0 0 1 3.100642e-14 0.000000e+00
9 26 6.552935e-03 3.284247e-03 0 0 0 1 3.146989e-14 0.000000e+00
9 27 6.552935e-03 4.134622e-03 0 0 0 1 3.238130e-14 0.000000e+00
9 28 6.552935e-03 5.205181e-03 0 0 0 1 3.451498e-14 0.000000e+00
9 29 6.552935e-03 6.552935e-03 0 0 0 1 3.652916e-14 0.000000e+00
9 30 6.552935e-03 8.249656e-03 0 0 0 1 2.974701e-14 0.000000e+00
9 31 6.552935e-03 1.038570e-02 0 0 0 1 2.425825e-14 0.000000e+00
9 32 6.552935e-03 1.307482e-02 0 0 0 1 2.062924e-14 0.000000e+00
9 33 6.552935e-03 1.646023e-02 0 0 0 1 1.771067e-14 0.000000e+00
9 34 6.552935e-03 2.072220e-02 0 0 0 1 1.514414e-14 0.000000e+00
9 35 6.552935e-03 2.608770e-02 0 0 0 1 1.280022e-14 0.000000e+00
9 36 6.552935e-03 3.284247e-02 0 0 0 1 1.063291e-14 0.000000e+00
9 37 6.552935e-03 4.134622e-02 0 0 0 1 8.633555e-15 0.000000e+00
9 38 6.552935e-03 5.205181e-02 0 0 0 1 6.813197e-15 0.000000e+00
9 39 6.552935e-03 6.552935e-02 0 0 0 1 5.193074e-15 0.000000e+00
10 20 8.249656e-03 8.249656e-04 0 0 0 1 2.652120e-14 0.000000e+00
10 21 8.249656e-03 1.038570e-03 0 0 0 1 2.653667e-14 0.000000e+00
10 22 8.249656e-03 1.307482e-03 0 0 0 1 2.656131e-14 0.000000e+00
10 23 8.249656e-03 1.646023e-03 0 0 0 1 2.660126e-14 0.000000e+00
10 24 8.249656e-03 2.072220e-03 0 0 0 1 2.666652e-14 0.000000e+00
10 25 8.249656e-03 2.608770e-03 0 0 0 1 2.677537e-14 0.000000e+00
10 26 8.249656e-03 3.284247e-03 0 0 0 1 2.696300e-14 0.000000e+00
10 27 8.249656e-03 4.134622e-03 0 0 0 1 2.730533e-14 0.000000e+00
10 28 8.249656e-03 5.205181e-03 0 0 0 1 2.799915e-14 0.000000e+00
10 29 8.249656e-03 6.552935e-03 0 0 0 1 2.974701e-14 0.000000e+00
10 30 8.249656e-03 8.249656e-03 0 0 0 1 3.156755e-14 0.000000e+00
10 31 8.249656e-03 1.038570e-02 0 0 0 1 2.564648e-14 0.000000e+00
10 32 8.249656e-03 1.307482e-02 0 0 0 1 2.100293e-14 0.000000e+00
10 33 8.249656e-03 1.646023e-02 0 0 0 1 1.784098e-14 0.000000e+00
10 34 8.249656e-03 2.072220e-02 0 0 0 1 1.520061e-14 0.000000e+00
10 35 8.249656e-03 2.608770e-02 0 0 0 1 1.282997e-14 0.000000e+00
10 36 8.249656e-03 3.284247e-02 0 0 0 1 1.065119e-14 0.000000e+00
10 37 8.249656e-03 4.134622e-02 0 0 0 1 8.645997e-15 0.000000e+00
10 38 8.249656e-03 5.205181e-02 0 0 0 1 6.822056e-15 0.000000e+00
10 39 8.249656e-03 6.552935e-02 0 0 0 1 5.199281e-15 0.000000e+00
11 20 1.038570e-02 8.249656e-04 0 0 0 1 2.317773e-14 0.000000e+00
11 21 1.038570e-02 1.038570e-03 0 0 0 1 2.318462e-14 0.000000e+00
11 22 1.038570e-02 1.307482e-03 0 0 0 1 2.319541e-14 0.000000e+00
11 23 1.038570e-02 1.646023e-03 0 0 0 1 2.321286e-14 0.000000e+00
11 24 1.038570e-02 2.072220e-03 0 0 0 1 2.324100e-14 0.000000e+00
11 25 1.038570e-02 2.608770e-03 0 0 0 1 2.328714e-14 0.000000e+00
11 26 1.038570e-02 3.284247e-03 0 0 0 1 2.336437e-14 0.000000e+00
11 27 1.038570e-02 4.134622e-03 0 0 0 1 2.349822e-14 0.000000e+00
11 28 1.038570e-02 5.205181e-03 0 0 0 1 2.374517e-14 0.000000e+00
11 29 1.038570e-02 6.552935e-03 0 0 0 1 2.425825e-14 0.000000e+00
11 30 1.038570e-02 8.249656e-03 0 0 0 1 2.564648e-14 0.000000e+00
11 31 1.038570e-02 1.038570e-02 0 0 0 1 2.722381e-14 0.000000e+00
11 32 1.038570e-02 1.307482e-02 0 0 0 1 2.207899e-14 0.000000e+00
11 33 1.038570e-02 1.646023e-02 0 0 0 1 1.811476e-14 0.000000e+00
11 34 1.038570e-02 2.072220e-02 0 0 0 1 1.530229e-14 0.000000e+00
11 35 1.038570e-02 2.608770e-02 0 0 0 1 1.287967e-14 0.000000e+00
11 36 1.038570e-02 3.284247e-02 0 0 0 1 1.068077e-14 0.000000e+00
11 37 1.038570e-02 4.134622e-02 0 0 0 1 8.665873e-15 0.000000e+00
11 38 1.038570e-02 5.205181e-02 0 0 0 1 6.836147e-15 0.000000e+00
11 39 1.038570e-02 6.552935e-02 0 0 0 1 5.209144e-15 0.000000e+00
12 20 1.307482e-02 8.249656e-04 0 0 0 1 2.021951e-14 0.000000e+00
12 21 1.307482e-02 1.038570e-03 0 0 0 1 2.022266e-14 0.000000e+00
12 22 1.307482e-02 1.307482e-03 0 0 0 1 2.022746e-14 0.000000e+00
12 23 1.307482e-02 1.646023e-03 0 0 0 1 2.023529e-14 0.000000e+00
12 24 1.307482e-02 2.072220e-03 0 0 0 1 2.024774e-14 0.000000e+00
12 25 1.307482e-02 2.608770e-03 0 0 0 1 2.026791e-14 0.000000e+00
12 26 1.307482e-02 3.284247e-03 0 0 0 1 2.030092e-14 0.000000e+00
12 27 1.307482e-02 4.134622e-03 0 0 0 1 2.035616e-14 0.000000e+00
12 28 1.307482e-02 5.205181e-03 0 0 0 1 2.045193e-14 0.000000e+00
12 29 1.307482e-02 6.552935e-03 0 0 0 1 2.062924e-14 0.000000e+00
12 30 1.307482e-02 8.249656e-03 0 0 0 1 2.100293e-14 0.000000e+00
12 31 1.307482e-02 1.038570e-02 0 0 0 1 2.207899e-14 0.000000e+00
12 32 1.307482e-02 1.307482e-02 0 0 0 1 2.339418e-14 0.000000e+00
12 33 1.307482e-02 1.646023e-02 0 0 0 1 1.893695e-14 0.000000e+00
12 34 1.307482e-02 2.072220e-02 0 0 0 1 1.551040e-14 0.000000e+00
12 35 1.307482e-02 2.608770e-02 0 0 0 1 1.296660e-14 0.000000e+00
12 36 1.307482e-02 3.284247e-02 0 0 0 1 1.072942e-14 0.000000e+00
12 37 1.307482e-02 4.134622e-02 0 0 0 1 8.697803e-15 0.000000e+00
12 38 1.307482e-02 5.205181e-02 0 0 0 1 6.858575e-15 0.000000e+00
12 39 1.307482e-02 6.552935e-02 0 0 0 1 5.224809e-15 0.000000e+00
13 20 1.646023e-02 8.249656e-04 0 0 0 1 1.753584e-14 0.000000e+00
13 21 1.646023e-02 1.038570e-03 0 0 0 1 1.753739e-14 0.000000e+00
13 22 1.646023e-02 1.307482e-03 0 0 0 1 1.753967e-14 0.000000e+00
13 23 1.646023e-02 1.646023e-03 0 0 0 1 1.754339e-14 0.000000e+00
13 24 1.646023e-02 2.072220e-03 0 0 0 1 1.754923e-14 0.000000e+00
13 25 1.646023e-02 2.608770e-03 0 0 0 1 1.755863e-14 0.000000e+00
13 26 1.646023e-02 3.284247e-03 0 0 0 1 1.757378e-14 0.000000e+00
13 27 1.646023e-02 4.134622e-03 0 0 0 1 1.759853e-14 0.000000e+00
13 28 1.646023e-02 5.205181e-03 0 0 0 1 1.763972e-14 0.000000e+00
13 29 1.646023e-02 6.552935e-03 0 0 0 1 1.771067e-14 0.000000e+00
13 30 1.646023e-02 8.249656e-03 0 0 0 1 1.784098e-14 0.000000e+00
13 31 1.646023e-02 1.038570e-02 0 0 0 1 1.811476e-14 0.000000e+00
13 32 1.646023e-02 1.307482e-02 0 0 0 1 1.893695e-14 0.000000e+00
13 33 1.646023e-02 1.646023e-02 0 0 0 1 1.999678e-14 0.000000e+00
13 34 1.646023e-02 2.072220e-02 0 0 0 1 1.613894e-14 0.000000e+00
13 35 1.646023e-02 2.608770e-02 0 0 0 1 1.313642e-14 0.000000e+00
13 36 1.646023e-02 3.284247e-02 0 0 0 1 1.081207e-14 0.000000e+00
13 37 1.646023e-02 4.134622e-02 0 0 0 1 8.749634e-15 0.000000e+00
13 38 1.646023e-02 5.205181e-02 0 0 0 1 6.894419e-15 0.000000e+00
13 39 1.646023e-02 6.552935e-02 0 0 0 1 5.249751e-15 0.000000e+00
14 20 2.072220e-02 8.249656e-04 0 0 0 1 1.505906e-14 0.000000e+00
14 21 2.072220e-02 1.038570e-03 0 0 0 1 1.505990e-14 0.000000e+00
14 22 2.072220e-02 1.307482e-03 0 0 0 1 1.506101e-14 0.000000e+00
14 23 2.072220e-02 1.646023e-03 0 0 0 1 1.506295e-14 0.000000e+00
14 24 2.072220e-02 2.072220e-03 0 0 0 1 1.506597e-14 0.000000e+00
14 25 2.072220e-02 2.608770e-03 0 0 0 1 1.507077e-14 0.000000e+00
14 26 2.072220e-02 3.284247e-03 0 0 0 1 1.507845e-14 0.000000e+00
14 27 2.072220e-02 4.134622e-03 0 0 0 1 1.509082e-14 0.000000e+00
14 28 2.072220e-02 5.205181e-03 0 0 0 1 1.511093e-14 0.000000e+00
14 29 2.072220e-02 6.552935e-03 0 0 0 1 1.514414e-14 0.000000e+00
14 30 2.072220e-02 8.249656e-03 0 0 0 1 1.520061e-14 0.000000e+00
14 31 2.072220e-02 1.038570e-02 0 0 0 1 1.530229e-14 0.000000e+00
14 32 2.072220e-02 1.307482e-02 0 0 0 1 1.551040e-14 0.000000e+00
14 33 2.072220e-02 1.646023e-02 0 0 0 1 1.613894e-14 0.000000e+00
14 34 2.072220e-02 2.072220e-02 0 0 0 1 1.696902e-14 0.000000e+00
14 35 2.072220e-02 2.608770e-02 0 0 0 1 1.362759e-14 0.000000e+00
14 36 2.072220e-02 3.284247e-02 0 0 0 1 1.096477e-14 0.000000e+00
14 37 2.072220e-02 4.134622e-02 0 0 0 1 8.835631e-15 0.000000e+00
14 38 2.072220e-02 5.205181e-02 0 0 0 1 6.952073e-15 0.000000e+00
14 39 2.072220e-02 6.552935e-02 0 0 0 1 5.289548e-15 0.000000e+00
15 20 2.608770e-02 8.249656e-04 0 0 0 1 1.275234e-14 0.000000e+00
15 21 2.608770e-02 1.038570e-03 0 0 0 1 1.275286e-14 0.000000e+00
15 22 2.608770e-02 1.307482e-03 0 0 0 1 1.275352e-14 0.000000e+00
15 23 2.608770e-02 1.646023e-03 0 0 0 1 1.275470e-14 0.000000e+00
15 24 2.608770e-02 2.072220e-03 0 0 0 1 1.275644e-14 0.000000e+00
15 25 2.608770e-02 2.608770e-03 0 0 0 1 1.275921e-14 0.000000e+00
15 26 2.608770e-02 3.284247e-03 0 0 0 1 1.276364e-14 0.000000e+00
15 27 2.608770e-02 4.134622e-03 0 0 0 1 1.277070e-14 0.000000e+00
15 28 2.608770e-02 5.205181e-03 0 0 0 1 1.278201e-14 0.000000e+00
15 29 2.608770e-02 6.552935e-03 0 0 0 1 1.280022e-14 0.000000e+00
15 30 2.608770e-02 8.249656e-03 0 0 0 1 1.282997e-14 0.000000e+00
15 31 2.608770e-02 1.038570e-02 0 0 0 1 1.287967e-14 0.000000e+00
15 32 2.608770e-02 1.307482e-02 0 0 0 1 1.296660e-14 0.000000e+00
15 33 2.608770e-02 1.646023e-02 0 0 0 1 1.313642e-14 0.000000e+00
15 34 2.608770e-02 2.072220e-02 0 0 0 1 1.362759e-14 0.000000e+00
15 35 2.608770e-02 2.608770e-02 0 0 0 1 1.426621e-14 0.000000e+00
15 36 2.608770e-02 3.284247e-02 0 0 0 1 1.136744e-14 0.000000e+00
15 37 2.608770e-02 4.134622e-02 0 0 0 1 8.986743e-15 0.000000e+00
15 38 2.608770e-02 5.205181e-02 0 0 0 1 7.046145e-15 0.000000e+00
15 39 2.608770e-02 6.552935e-02 0 0 0 1 5.353368e-15 0.000000e+00
16 20 3.284247e-02 8.249656e-04 0 0 0 1 1.060274e-14 0.000000e+00
16 21 3.284247e-02 1.038570e-03 0 0 0 1 1.060311e-14 0.000000e+00
16 22 3.284247e-02 1.307482e-03 0 0 0 1 1.060350e-14 0.000000e+00
16 23 3.284247e-02 1.646023e-03 0 0 0 1 1.060426e-14 0.000000e+00
16 24 3.284247e-02 2.072220e-03 0 0 0 1 1.060537e-14 0.000000e+00
16 25 3.284247e-02 2.608770e-03 0 0 0 1 1.060715e-14 0.000000e+00
16 26 3.284247e-02 3.284247e-03 0 0 0 1 1.060995e-14 0.000000e+00
16 27 3.284247e-02 4.134622e-03 0 0 0 1 1.061441e-14 0.000000e+00
16 28 3.284247e-02 5.205181e-03 0 0 0 1 1.062154e-14 0.000000e+00
16 29 3.284247e-02 6.552935e-03 0 0 0 1 1.063291e-14 0.000000e+00
16 30 3.284247e-02 8.249656e-03 0 0 0 1 1.065119e-14 0.000000e+00
16 31 3.284247e-02 1.038570e-02 0 0 0 1 1.068077e-14 0.000000e+00
16 32 3.284247e-02 1.307482e-02 0 0 0 1 1.072942e-14 0.000000e+00
16 33 3.284247e-02 1.646023e-02 0 0 0 1 1.081207e-14 0.000000e+00
16 34 3.284247e-02 2.072220e-02 0 0 0 1 1.096477e-14 0.000000e+00
16 35 3.284247e-02 2.608770e-02 0 0 0 1 1.136744e-14 0.000000e+00
16 36 3.284247e-02 3.284247e-02 0 0 0 1 1.185913e-14 0.000000e+00
16 37 3.284247e-02 4.134622e-02 0 0 0 1 9.340374e-15 0.000000e+00
16 38 3.284247e-02 5.205181e-02 0 0 0 1 7.205613e-15 0.000000e+00
16 39 3.284247e-02 6.552935e-02 0 0 0 1 5.456724e-15 0.000000e+00
17 20 4.134622e-02 8.249656e-04 0 0 0 1 8.612668e-15 0.000000e+00
17 21 4.134622e-02 1.038570e-03 0 0 0 1 8.612967e-15 0.000000e+00
17 22 4.134622e-02 1.307482e-03 0 0 0 1 8.613243e-15 0.000000e+00
17 23 4.134622e-02 1.646023e-03 0 0 0 1 8.613796e-15 0.000000e+00
17 24 4.134622e-02 2.072220e-03 0 0 0 1 8.614562e-15 0.000000e+00
17 25 4.134622e-02 2.608770e-03 0 0 0 1 8.615775e-15 0.000000e+00
17 26 4.134622e-02 3.284247e-03 0 0 0 1 8.617716e-15 0.000000e+00
17 27 4.134622e-02 4.134622e-03 0 0 0 1 8.620825e-15 0.000000e+00
17 28 4.134622e-02 5.205181e-03 0 0 0 1 8.625743e-15 0.000000e+00
17 29 4.134622e-02 6.552935e-03 0 0 0 1 8.633555e-15 0.000000e+00
17 30 4.134622e-02 8.249656e-03 0 0 0 1 8.645997e-15 0.000000e+00
17 31 4.134622e-02 1.038570e-02 0 0 0 1 8.665873e-15 0.000000e+00
17 32 4.134622e-02 1.307482e-02 0 0 0 1 8.697803e-15 0.000000e+00
17 33 4.134622e-02 1.646023e-02 0 0 0 1 8.749634e-15 0.000000e+00
17 34 4.134622e-02 2.072220e-02 0 0 0 1 8.835631e-15 0.000000e+00
17 35 4.134622e-02 2.608770e-02 0 0 0 1 8.986743e-15 0.000000e+00
17 36 4.134622e-02 3.284247e-02 0 0 0 1 9.340374e-15 0.000000e+00
17 37 4.134622e-02 4.134622e-02 0 0 0 1 9.729809e-15 0.000000e+00
17 38 4.134622e-02 5.205181e-02 0 0 0 1 7.539048e-15 0.000000e+00
17 39 4.134622e-02 6.552935e-02 0 0 0 1 5.628518e-15 0.000000e+00
18 20 5.205181e-02 8.249656e-04 0 0 0 1 6.798248e-15 0.000000e+00
18 21 5.205181e-02 1.038570e-03 0 0 0 1 6.798470e-15 0.000000e+00
18 22 5.205181e-02 1.307482e-03 0 0 0 1 6.798638e-15 0.000000e+00
18 23 5.205181e-02 1.646023e-03 0 0 0 1 6.799033e-15 0.000000e+00
18 24 5.205181e-02 2.072220e-03 0 0 0 1 6.799577e-15 0.000000e+00
18 25 5.205181e-02 2.608770e-03 0 0 0 1 6.800465e-15 0.000000e+00
18 26 5.205181e-02 3.284247e-03 0 0 0 1 6.801877e-15 0.000000e+00
18 27 5.205181e-02 4.134622e-03 0 0 0 1 6.804096e-15 0.000000e+00
18 28 5.205181e-02 5.205181e-03 0 0 0 1 6.807609e-15 0.000000e+00
18 29 5.205181e-02 6.552935e-03 0 0 0 1 6.813197e-15 0.000000e+00
18 30 5.205181e-02 8.249656e-03 0 0 0 1 6.822056e-15 0.000000e+00
18 31 5.205181e-02 1.038570e-02 0 0 0 1 6.836147e-15 0.000000e+00
18 32 5.205181e-02 1.307482e-02 0 0 0 1 6.858575e-15 0.000000e+00
18 33 5.205181e-02 1.646023e-02 0 0 0 1 6.894419e-15 0.000000e+00
18 34 5.205181e-02 2.072220e-02 0 0 0 1 6.952073e-15 0.000000e+00
18 35 5.205181e-02 2.608770e-02 0 0 0 1 7.046145e-15 0.000000e+00
18 36 5.205181e-02 3.284247e-02 0 0 0 1 7.205613e-15 0.000000e+00
18 37 5.205181e-02 4.134622e-02 0 0 0 1 7.539048e-15 0.000000e+00
18 38 5.205181e-02 5.205181e-02 0 0 0 1 7.865676e-15 0.000000e+00
18 39 5.205181e-02 6.552935e-02 0 0 0 1 5.959277e-15 0.000000e+00
19 20 6.552935e-02 8.249656e-04 0 0 0 1 5.182554e-15 0.000000e+00
19 21 6.552935e-02 1.038570e-03 0 0 0 1 5.182740e-15 0.000000e+00
19 22 6.552935e-02 1.307482e-03 0 0 0 1 5.182854e-15 0.000000e+00
19 23 6.552935e-02 1.646023e-03 0 0 0 1 5.183152e-15 0.000000e+00
19 24 6.552935e-02 2.072220e-03 0 0 0 1 5.183534e-15 0.000000e+00
19 25 6.552935e-02 2.608770e-03 0 0 0 1 5.184151e-15 0.000000e+00
19 26 6.552935e-02 3.284247e-03 0 0 0 1 5.185130e-15 0.000000e+00
19 27 6.552935e-02 4.134622e-03 0 0 0 1 5.186687e-15 0.000000e+00
19 28 6.552935e-02 5.205181e-03 0 0 0 1 5.189163e-15 0.000000e+00
19 29 6.552935e-02 6.552935e-03 0 0 0 1 5.193074e-15 0.000000e+00
19 30 6.552935e-02 8.249656e-03 0 0 0 1 5.199281e-15 0.000000e+00
19 31 6.552935e-02 1.038570e-02 0 0 0 1 5.209144e-15 0.000000e+00
19 32 6.552935e-02 1.307482e-02 0 0 0 1 5.224809e-15 0.000000e+00
19 33 6.552935e-02 1.646023e-02 0 0 0 1 5.249751e-15 0.000000e+00
19 34 6.552935e-02 2.072220e-02 0 0 0 1 5.289548e-15 0.000000e+00
19 35 6.552935e-02 2.608770e-02 0 0 0 1 5.353368e-15 0.000000e+00
19 36 6.552935e-02 3.284247e-02 0 0 0 1 5.456724e-15 0.000000e+00
19 37 6.552935e-02 4.134622e-02 0 0 0 1 5.628518e-15 0.000000e+00
19 38 6.552935e-02 5.205181e-02 0 0 0 1 5.959277e-15 0.000000e+00
19 39 6.552935e-02 6.552935e-02 0 0 0 1 6.253993e-15 0.000000e+00
