# Please cite the following papers in research using this covariance:
# arXiv: 1601.05779, https://arxiv.org/abs/1601.05779
# arXiv: 1911.11947, https://arxiv.org/abs/1911.11947
# arXiv: 2004.04833, https://arxiv.org/abs/2004.04833
########################################################
40 80 8.249656e-04 8.249656e-04 0 2 1 1 3.412878e-14 0.000000e+00
40 81 8.249656e-04 1.038570e-03 0 2 1 1 3.382043e-14 0.000000e+00
40 82 8.249656e-04 1.307482e-03 0 2 1 1 3.337380e-14 0.000000e+00
40 83 8.249656e-04 1.646023e-03 0 2 1 1 3.278848e-14 0.000000e+00
40 84 8.249656e-04 2.072220e-03 0 2 1 1 3.207538e-14 0.000000e+00
40 85 8.249656e-04 2.608770e-03 0 2 1 1 3.125224e-14 0.000000e+00
40 86 8.249656e-04 3.284247e-03 0 2 1 1 3.033736e-14 0.000000e+00
40 87 8.249656e-04 4.134622e-03 0 2 1 1 2.934372e-14 0.000000e+00
40 88 8.249656e-04 5.205181e-03 0 2 1 1 2.827442e-14 0.000000e+00
40 89 8.249656e-04 6.552935e-03 0 2 1 1 2.712066e-14 0.000000e+00
40 90 8.249656e-04 8.249656e-03 0 2 1 1 2.586270e-14 0.000000e+00
40 91 8.249656e-04 1.038570e-02 0 2 1 1 2.447330e-14 0.000000e+00
40 92 8.249656e-04 1.307482e-02 0 2 1 1 2.292301e-14 0.000000e+00
40 93 8.249656e-04 1.646023e-02 0 2 1 1 2.118663e-14 0.000000e+00
40 94 8.249656e-04 2.072220e-02 0 2 1 1 1.925038e-14 0.000000e+00
40 95 8.249656e-04 2.608770e-02 0 2 1 1 1.711944e-14 0.000000e+00
40 96 8.249656e-04 3.284247e-02 0 2 1 1 1.482502e-14 0.000000e+00
40 97 8.249656e-04 4.134622e-02 0 2 1 1 1.242890e-14 0.000000e+00
40 98 8.249656e-04 5.205181e-02 0 2 1 1 1.002283e-14 0.000000e+00
40 99 8.249656e-04 6.552935e-02 0 2 1 1 7.717385e-15 0.000000e+00
41 80 1.038570e-03 8.249656e-04 0 2 1 1 3.382043e-14 0.000000e+00
41 81 1.038570e-03 1.038570e-03 0 2 1 1 3.359754e-14 0.000000e+00
41 82 1.038570e-03 1.307482e-03 0 2 1 1 3.323221e-14 0.000000e+00
41 83 1.038570e-03 1.646023e-03 0 2 1 1 3.270564e-14 0.000000e+00
41 84 1.038570e-03 2.072220e-03 0 2 1 1 3.202989e-14 0.000000e+00
41 85 1.038570e-03 2.608770e-03 0 2 1 1 3.122809e-14 0.000000e+00
41 86 1.038570e-03 3.284247e-03 0 2 1 1 3.032418e-14 0.000000e+00
41 87 1.038570e-03 4.134622e-03 0 2 1 1 2.933568e-14 0.000000e+00
41 88 1.038570e-03 5.205181e-03 0 2 1 1 2.826874e-14 0.000000e+00
41 89 1.038570e-03 6.552935e-03 0 2 1 1 2.711624e-14 0.000000e+00
41 90 1.038570e-03 8.249656e-03 0 2 1 1 2.585918e-14 0.000000e+00
41 91 1.038570e-03 1.038570e-02 0 2 1 1 2.447060e-14 0.000000e+00
41 92 1.038570e-03 1.307482e-02 0 2 1 1 2.292106e-14 0.000000e+00
41 93 1.038570e-03 1.646023e-02 0 2 1 1 2.118534e-14 0.000000e+00
41 94 1.038570e-03 2.072220e-02 0 2 1 1 1.924963e-14 0.000000e+00
41 95 1.038570e-03 2.608770e-02 0 2 1 1 1.711910e-14 0.000000e+00
41 96 1.038570e-03 3.284247e-02 0 2 1 1 1.482496e-14 0.000000e+00
41 97 1.038570e-03 4.134622e-02 0 2 1 1 1.242901e-14 0.000000e+00
41 98 1.038570e-03 5.205181e-02 0 2 1 1 1.002303e-14 0.000000e+00
41 99 1.038570e-03 6.552935e-02 0 2 1 1 7.717599e-15 0.000000e+00
42 80 1.307482e-03 8.249656e-04 0 2 1 1 3.337380e-14 0.000000e+00
42 81 1.307482e-03 1.038570e-03 0 2 1 1 3.323221e-14 0.000000e+00
42 82 1.307482e-03 1.307482e-03 0 2 1 1 3.298161e-14 0.000000e+00
42 83 1.307482e-03 1.646023e-03 0 2 1 1 3.255849e-14 0.000000e+00
42 84 1.307482e-03 2.072220e-03 0 2 1 1 3.195017e-14 0.000000e+00
42 85 1.307482e-03 2.608770e-03 0 2 1 1 3.118653e-14 0.000000e+00
42 86 1.307482e-03 3.284247e-03 0 2 1 1 3.030195e-14 0.000000e+00
42 87 1.307482e-03 4.134622e-03 0 2 1 1 2.932236e-14 0.000000e+00
42 88 1.307482e-03 5.205181e-03 0 2 1 1 2.825939e-14 0.000000e+00
42 89 1.307482e-03 6.552935e-03 0 2 1 1 2.710893e-14 0.000000e+00
42 90 1.307482e-03 8.249656e-03 0 2 1 1 2.585333e-14 0.000000e+00
42 91 1.307482e-03 1.038570e-02 0 2 1 1 2.446603e-14 0.000000e+00
42 92 1.307482e-03 1.307482e-02 0 2 1 1 2.291770e-14 0.000000e+00
42 93 1.307482e-03 1.646023e-02 0 2 1 1 2.118303e-14 0.000000e+00
42 94 1.307482e-03 2.072220e-02 0 2 1 1 1.924817e-14 0.000000e+00
42 95 1.307482e-03 2.608770e-02 0 2 1 1 1.711829e-14 0.000000e+00
42 96 1.307482e-03 3.284247e-02 0 2 1 1 1.482459e-14 0.000000e+00
42 97 1.307482e-03 4.134622e-02 0 2 1 1 1.242892e-14 0.000000e+00
42 98 1.307482e-03 5.205181e-02 0 2 1 1 1.002308e-14 0.000000e+00
42 99 1.307482e-03 6.552935e-02 0 2 1 1 7.717688e-15 0.000000e+00
43 80 1.646023e-03 8.249656e-04 0 2 1 1 3.278848e-14 0.000000e+00
43 81 1.646023e-03 1.038570e-03 0 2 1 1 3.270564e-14 0.000000e+00
43 82 1.646023e-03 1.307482e-03 0 2 1 1 3.255849e-14 0.000000e+00
43 83 1.646023e-03 1.646023e-03 0 2 1 1 3.228469e-14 0.000000e+00
43 84 1.646023e-03 2.072220e-03 0 2 1 1 3.180295e-14 0.000000e+00
43 85 1.646023e-03 2.608770e-03 0 2 1 1 3.111233e-14 0.000000e+00
43 86 1.646023e-03 3.284247e-03 0 2 1 1 3.026394e-14 0.000000e+00
43 87 1.646023e-03 4.134622e-03 0 2 1 1 2.930055e-14 0.000000e+00
43 88 1.646023e-03 5.205181e-03 0 2 1 1 2.824454e-14 0.000000e+00
43 89 1.646023e-03 6.552935e-03 0 2 1 1 2.709749e-14 0.000000e+00
43 90 1.646023e-03 8.249656e-03 0 2 1 1 2.584422e-14 0.000000e+00
43 91 1.646023e-03 1.038570e-02 0 2 1 1 2.445898e-14 0.000000e+00
43 92 1.646023e-03 1.307482e-02 0 2 1 1 2.291254e-14 0.000000e+00
43 93 1.646023e-03 1.646023e-02 0 2 1 1 2.117953e-14 0.000000e+00
43 94 1.646023e-03 2.072220e-02 0 2 1 1 1.924604e-14 0.000000e+00
43 95 1.646023e-03 2.608770e-02 0 2 1 1 1.711717e-14 0.000000e+00
43 96 1.646023e-03 3.284247e-02 0 2 1 1 1.482418e-14 0.000000e+00
43 97 1.646023e-03 4.134622e-02 0 2 1 1 1.242894e-14 0.000000e+00
43 98 1.646023e-03 5.205181e-02 0 2 1 1 1.002331e-14 0.000000e+00
43 99 1.646023e-03 6.552935e-02 0 2 1 1 7.717982e-15 0.000000e+00
44 80 2.072220e-03 8.249656e-04 0 2 1 1 3.207538e-14 0.000000e+00
44 81 2.072220e-03 1.038570e-03 0 2 1 1 3.202989e-14 0.000000e+00
44 82 2.072220e-03 1.307482e-03 0 2 1 1 3.195017e-14 0.000000e+00
44 83 2.072220e-03 1.646023e-03 0 2 1 1 3.180295e-14 0.000000e+00
44 84 2.072220e-03 2.072220e-03 0 2 1 1 3.150999e-14 0.000000e+00
44 85 2.072220e-03 2.608770e-03 0 2 1 1 3.096854e-14 0.000000e+00
44 86 2.072220e-03 3.284247e-03 0 2 1 1 3.019470e-14 0.000000e+00
44 87 2.072220e-03 4.134622e-03 0 2 1 1 2.926329e-14 0.000000e+00
44 88 2.072220e-03 5.205181e-03 0 2 1 1 2.822027e-14 0.000000e+00
44 89 2.072220e-03 6.552935e-03 0 2 1 1 2.707913e-14 0.000000e+00
44 90 2.072220e-03 8.249656e-03 0 2 1 1 2.582965e-14 0.000000e+00
44 91 2.072220e-03 1.038570e-02 0 2 1 1 2.444767e-14 0.000000e+00
44 92 2.072220e-03 1.307482e-02 0 2 1 1 2.290424e-14 0.000000e+00
44 93 2.072220e-03 1.646023e-02 0 2 1 1 2.117387e-14 0.000000e+00
44 94 2.072220e-03 2.072220e-02 0 2 1 1 1.924252e-14 0.000000e+00
44 95 2.072220e-03 2.608770e-02 0 2 1 1 1.711529e-14 0.000000e+00
44 96 2.072220e-03 3.284247e-02 0 2 1 1 1.482342e-14 0.000000e+00
44 97 2.072220e-03 4.134622e-02 0 2 1 1 1.242886e-14 0.000000e+00
44 98 2.072220e-03 5.205181e-02 0 2 1 1 1.002358e-14 0.000000e+00
44 99 2.072220e-03 6.552935e-02 0 2 1 1 7.718336e-15 0.000000e+00
45 80 2.608770e-03 8.249656e-04 0 2 1 1 3.125224e-14 0.000000e+00
45 81 2.608770e-03 1.038570e-03 0 2 1 1 3.122809e-14 0.000000e+00
45 82 2.608770e-03 1.307482e-03 0 2 1 1 3.118653e-14 0.000000e+00
45 83 2.608770e-03 1.646023e-03 0 2 1 1 3.111233e-14 0.000000e+00
45 84 2.608770e-03 2.072220e-03 0 2 1 1 3.096854e-14 0.000000e+00
45 85 2.608770e-03 2.608770e-03 0 2 1 1 3.065952e-14 0.000000e+00
45 86 2.608770e-03 3.284247e-03 0 2 1 1 3.005546e-14 0.000000e+00
45 87 2.608770e-03 4.134622e-03 0 2 1 1 2.919605e-14 0.000000e+00
45 88 2.608770e-03 5.205181e-03 0 2 1 1 2.817992e-14 0.000000e+00
45 89 2.608770e-03 6.552935e-03 0 2 1 1 2.704969e-14 0.000000e+00
45 90 2.608770e-03 8.249656e-03 0 2 1 1 2.580651e-14 0.000000e+00
45 91 2.608770e-03 1.038570e-02 0 2 1 1 2.442975e-14 0.000000e+00
45 92 2.608770e-03 1.307482e-02 0 2 1 1 2.289108e-14 0.000000e+00
45 93 2.608770e-03 1.646023e-02 0 2 1 1 2.116489e-14 0.000000e+00
45 94 2.608770e-03 2.072220e-02 0 2 1 1 1.923696e-14 0.000000e+00
45 95 2.608770e-03 2.608770e-02 0 2 1 1 1.711231e-14 0.000000e+00
45 96 2.608770e-03 3.284247e-02 0 2 1 1 1.482221e-14 0.000000e+00
45 97 2.608770e-03 4.134622e-02 0 2 1 1 1.242875e-14 0.000000e+00
45 98 2.608770e-03 5.205181e-02 0 2 1 1 1.002401e-14 0.000000e+00
45 99 2.608770e-03 6.552935e-02 0 2 1 1 7.718912e-15 0.000000e+00
46 80 3.284247e-03 8.249656e-04 0 2 1 1 3.033736e-14 0.000000e+00
46 81 3.284247e-03 1.038570e-03 0 2 1 1 3.032418e-14 0.000000e+00
46 82 3.284247e-03 1.307482e-03 0 2 1 1 3.030195e-14 0.000000e+00
46 83 3.284247e-03 1.646023e-03 0 2 1 1 3.026394e-14 0.000000e+00
46 84 3.284247e-03 2.072220e-03 0 2 1 1 3.019470e-14 0.000000e+00
46 85 3.284247e-03 2.608770e-03 0 2 1 1 3.005546e-14 0.000000e+00
46 86 3.284247e-03 3.284247e-03 0 2 1 1 2.973099e-14 0.000000e+00
46 87 3.284247e-03 4.134622e-03 0 2 1 1 2.905900e-14 0.000000e+00
46 88 3.284247e-03 5.205181e-03 0 2 1 1 2.810932e-14 0.000000e+00
46 89 3.284247e-03 6.552935e-03 0 2 1 1 2.700188e-14 0.000000e+00
46 90 3.284247e-03 8.249656e-03 0 2 1 1 2.576969e-14 0.000000e+00
46 91 3.284247e-03 1.038570e-02 0 2 1 1 2.440130e-14 0.000000e+00
46 92 3.284247e-03 1.307482e-02 0 2 1 1 2.287018e-14 0.000000e+00
46 93 3.284247e-03 1.646023e-02 0 2 1 1 2.115063e-14 0.000000e+00
46 94 3.284247e-03 2.072220e-02 0 2 1 1 1.922812e-14 0.000000e+00
46 95 3.284247e-03 2.608770e-02 0 2 1 1 1.710757e-14 0.000000e+00
46 96 3.284247e-03 3.284247e-02 0 2 1 1 1.482030e-14 0.000000e+00
46 97 3.284247e-03 4.134622e-02 0 2 1 1 1.242857e-14 0.000000e+00
46 98 3.284247e-03 5.205181e-02 0 2 1 1 1.002469e-14 0.000000e+00
46 99 3.284247e-03 6.552935e-02 0 2 1 1 7.719824e-15 0.000000e+00
47 80 4.134622e-03 8.249656e-04 0 2 1 1 2.934372e-14 0.000000e+00
47 81 4.134622e-03 1.038570e-03 0 2 1 1 2.933568e-14 0.000000e+00
47 82 4.134622e-03 1.307482e-03 0 2 1 1 2.932236e-14 0.000000e+00
47 83 4.134622e-03 1.646023e-03 0 2 1 1 2.930055e-14 0.000000e+00
47 84 4.134622e-03 2.072220e-03 0 2 1 1 2.926329e-14 0.000000e+00
47 85 4.134622e-03 2.608770e-03 0 2 1 1 2.919605e-14 0.000000e+00
47 86 4.134622e-03 3.284247e-03 0 2 1 1 2.905900e-14 0.000000e+00
47 87 4.134622e-03 4.134622e-03 0 2 1 1 2.871665e-14 0.000000e+00
47 88 4.134622e-03 5.205181e-03 0 2 1 1 2.796883e-14 0.000000e+00
47 89 4.134622e-03 6.552935e-03 0 2 1 1 2.692143e-14 0.000000e+00
47 90 4.134622e-03 8.249656e-03 0 2 1 1 2.571072e-14 0.000000e+00
47 91 4.134622e-03 1.038570e-02 0 2 1 1 2.435608e-14 0.000000e+00
47 92 4.134622e-03 1.307482e-02 0 2 1 1 2.283695e-14 0.000000e+00
47 93 4.134622e-03 1.646023e-02 0 2 1 1 2.112793e-14 0.000000e+00
47 94 4.134622e-03 2.072220e-02 0 2 1 1 1.921405e-14 0.000000e+00
47 95 4.134622e-03 2.608770e-02 0 2 1 1 1.710001e-14 0.000000e+00
47 96 4.134622e-03 3.284247e-02 0 2 1 1 1.481724e-14 0.000000e+00
47 97 4.134622e-03 4.134622e-02 0 2 1 1 1.242827e-14 0.000000e+00
47 98 4.134622e-03 5.205181e-02 0 2 1 1 1.002576e-14 0.000000e+00
47 99 4.134622e-03 6.552935e-02 0 2 1 1 7.721268e-15 0.000000e+00
48 80 5.205181e-03 8.249656e-04 0 2 1 1 2.827442e-14 0.000000e+00
48 81 5.205181e-03 1.038570e-03 0 2 1 1 2.826874e-14 0.000000e+00
48 82 5.205181e-03 1.307482e-03 0 2 1 1 2.825939e-14 0.000000e+00
48 83 5.205181e-03 1.646023e-03 0 2 1 1 2.824454e-14 0.000000e+00
48 84 5.205181e-03 2.072220e-03 0 2 1 1 2.822027e-14 0.000000e+00
48 85 5.205181e-03 2.608770e-03 0 2 1 1 2.817992e-14 0.000000e+00
48 86 5.205181e-03 3.284247e-03 0 2 1 1 2.810932e-14 0.000000e+00
48 87 5.205181e-03 4.134622e-03 0 2 1 1 2.796883e-14 0.000000e+00
48 88 5.205181e-03 5.205181e-03 0 2 1 1 2.760311e-14 0.000000e+00
48 89 5.205181e-03 6.552935e-03 0 2 1 1 2.676959e-14 0.000000e+00
48 90 5.205181e-03 8.249656e-03 0 2 1 1 2.561439e-14 0.000000e+00
48 91 5.205181e-03 1.038570e-02 0 2 1 1 2.428400e-14 0.000000e+00
48 92 5.205181e-03 1.307482e-02 0 2 1 1 2.278403e-14 0.000000e+00
48 93 5.205181e-03 1.646023e-02 0 2 1 1 2.109174e-14 0.000000e+00
48 94 5.205181e-03 2.072220e-02 0 2 1 1 1.919160e-14 0.000000e+00
48 95 5.205181e-03 2.608770e-02 0 2 1 1 1.708795e-14 0.000000e+00
48 96 5.205181e-03 3.284247e-02 0 2 1 1 1.481235e-14 0.000000e+00
48 97 5.205181e-03 4.134622e-02 0 2 1 1 1.242777e-14 0.000000e+00
48 98 5.205181e-03 5.205181e-02 0 2 1 1 1.002745e-14 0.000000e+00
48 99 5.205181e-03 6.552935e-02 0 2 1 1 7.723554e-15 0.000000e+00
49 80 6.552935e-03 8.249656e-04 0 2 1 1 2.712066e-14 0.000000e+00
49 81 6.552935e-03 1.038570e-03 0 2 1 1 2.711624e-14 0.000000e+00
49 82 6.552935e-03 1.307482e-03 0 2 1 1 2.710893e-14 0.000000e+00
49 83 6.552935e-03 1.646023e-03 0 2 1 1 2.709749e-14 0.000000e+00
49 84 6.552935e-03 2.072220e-03 0 2 1 1 2.707913e-14 0.000000e+00
49 85 6.552935e-03 2.608770e-03 0 2 1 1 2.704969e-14 0.000000e+00
49 86 6.552935e-03 3.284247e-03 0 2 1 1 2.700188e-14 0.000000e+00
49 87 6.552935e-03 4.134622e-03 0 2 1 1 2.692143e-14 0.000000e+00
49 88 6.552935e-03 5.205181e-03 0 2 1 1 2.676959e-14 0.000000e+00
49 89 6.552935e-03 6.552935e-03 0 2 1 1 2.637273e-14 0.000000e+00
49 90 6.552935e-03 8.249656e-03 0 2 1 1 2.544274e-14 0.000000e+00
49 91 6.552935e-03 1.038570e-02 0 2 1 1 2.416793e-14 0.000000e+00
49 92 6.552935e-03 1.307482e-02 0 2 1 1 2.269948e-14 0.000000e+00
49 93 6.552935e-03 1.646023e-02 0 2 1 1 2.103382e-14 0.000000e+00
49 94 6.552935e-03 2.072220e-02 0 2 1 1 1.915562e-14 0.000000e+00
49 95 6.552935e-03 2.608770e-02 0 2 1 1 1.706860e-14 0.000000e+00
49 96 6.552935e-03 3.284247e-02 0 2 1 1 1.480447e-14 0.000000e+00
49 97 6.552935e-03 4.134622e-02 0 2 1 1 1.242692e-14 0.000000e+00
49 98 6.552935e-03 5.205181e-02 0 2 1 1 1.003010e-14 0.000000e+00
49 99 6.552935e-03 6.552935e-02 0 2 1 1 7.727165e-15 0.000000e+00
50 80 8.249656e-03 8.249656e-04 0 2 1 1 2.586270e-14 0.000000e+00
50 81 8.249656e-03 1.038570e-03 0 2 1 1 2.585918e-14 0.000000e+00
50 82 8.249656e-03 1.307482e-03 0 2 1 1 2.585333e-14 0.000000e+00
50 83 8.249656e-03 1.646023e-03 0 2 1 1 2.584422e-14 0.000000e+00
50 84 8.249656e-03 2.072220e-03 0 2 1 1 2.582965e-14 0.000000e+00
50 85 8.249656e-03 2.608770e-03 0 2 1 1 2.580651e-14 0.000000e+00
50 86 8.249656e-03 3.284247e-03 0 2 1 1 2.576969e-14 0.000000e+00
50 87 8.249656e-03 4.134622e-03 0 2 1 1 2.571072e-14 0.000000e+00
50 88 8.249656e-03 5.205181e-03 0 2 1 1 2.561439e-14 0.000000e+00
50 89 8.249656e-03 6.552935e-03 0 2 1 1 2.544274e-14 0.000000e+00
50 90 8.249656e-03 8.249656e-03 0 2 1 1 2.500619e-14 0.000000e+00
50 91 8.249656e-03 1.038570e-02 0 2 1 1 2.396978e-14 0.000000e+00
50 92 8.249656e-03 1.307482e-02 0 2 1 1 2.256351e-14 0.000000e+00
50 93 8.249656e-03 1.646023e-02 0 2 1 1 2.094065e-14 0.000000e+00
50 94 8.249656e-03 2.072220e-02 0 2 1 1 1.909760e-14 0.000000e+00
50 95 8.249656e-03 2.608770e-02 0 2 1 1 1.703731e-14 0.000000e+00
50 96 8.249656e-03 3.284247e-02 0 2 1 1 1.479164e-14 0.000000e+00
50 97 8.249656e-03 4.134622e-02 0 2 1 1 1.242540e-14 0.000000e+00
50 98 8.249656e-03 5.205181e-02 0 2 1 1 1.003422e-14 0.000000e+00
50 99 8.249656e-03 6.552935e-02 0 2 1 1 7.732860e-15 0.000000e+00
51 80 1.038570e-02 8.249656e-04 0 2 1 1 2.447330e-14 0.000000e+00
51 81 1.038570e-02 1.038570e-03 0 2 1 1 2.447060e-14 0.000000e+00
51 82 1.038570e-02 1.307482e-03 0 2 1 1 2.446603e-14 0.000000e+00
51 83 1.038570e-02 1.646023e-03 0 2 1 1 2.445898e-14 0.000000e+00
51 84 1.038570e-02 2.072220e-03 0 2 1 1 2.444767e-14 0.000000e+00
51 85 1.038570e-02 2.608770e-03 0 2 1 1 2.442975e-14 0.000000e+00
51 86 1.038570e-02 3.284247e-03 0 2 1 1 2.440130e-14 0.000000e+00
51 87 1.038570e-02 4.134622e-03 0 2 1 1 2.435608e-14 0.000000e+00
51 88 1.038570e-02 5.205181e-03 0 2 1 1 2.428400e-14 0.000000e+00
51 89 1.038570e-02 6.552935e-03 0 2 1 1 2.416793e-14 0.000000e+00
51 90 1.038570e-02 8.249656e-03 0 2 1 1 2.396978e-14 0.000000e+00
51 91 1.038570e-02 1.038570e-02 0 2 1 1 2.348632e-14 0.000000e+00
51 92 1.038570e-02 1.307482e-02 0 2 1 1 2.233638e-14 0.000000e+00
51 93 1.038570e-02 1.646023e-02 0 2 1 1 2.078952e-14 0.000000e+00
51 94 1.038570e-02 2.072220e-02 0 2 1 1 1.900316e-14 0.000000e+00
51 95 1.038570e-02 2.608770e-02 0 2 1 1 1.698619e-14 0.000000e+00
51 96 1.038570e-02 3.284247e-02 0 2 1 1 1.477048e-14 0.000000e+00
51 97 1.038570e-02 4.134622e-02 0 2 1 1 1.242257e-14 0.000000e+00
51 98 1.038570e-02 5.205181e-02 0 2 1 1 1.004055e-14 0.000000e+00
51 99 1.038570e-02 6.552935e-02 0 2 1 1 7.741821e-15 0.000000e+00
52 80 1.307482e-02 8.249656e-04 0 2 1 1 2.292301e-14 0.000000e+00
52 81 1.307482e-02 1.038570e-03 0 2 1 1 2.292106e-14 0.000000e+00
52 82 1.307482e-02 1.307482e-03 0 2 1 1 2.291770e-14 0.000000e+00
52 83 1.307482e-02 1.646023e-03 0 2 1 1 2.291254e-14 0.000000e+00
52 84 1.307482e-02 2.072220e-03 0 2 1 1 2.290424e-14 0.000000e+00
52 85 1.307482e-02 2.608770e-03 0 2 1 1 2.289108e-14 0.000000e+00
52 86 1.307482e-02 3.284247e-03 0 2 1 1 2.287018e-14 0.000000e+00
52 87 1.307482e-02 4.134622e-03 0 2 1 1 2.283695e-14 0.000000e+00
52 88 1.307482e-02 5.205181e-03 0 2 1 1 2.278403e-14 0.000000e+00
52 89 1.307482e-02 6.552935e-03 0 2 1 1 2.269948e-14 0.000000e+00
52 90 1.307482e-02 8.249656e-03 0 2 1 1 2.256351e-14 0.000000e+00
52 91 1.307482e-02 1.038570e-02 0 2 1 1 2.233638e-14 0.000000e+00
52 92 1.307482e-02 1.307482e-02 0 2 1 1 2.180274e-14 0.000000e+00
52 93 1.307482e-02 1.646023e-02 0 2 1 1 2.053744e-14 0.000000e+00
52 94 1.307482e-02 2.072220e-02 0 2 1 1 1.884724e-14 0.000000e+00
52 95 1.307482e-02 2.608770e-02 0 2 1 1 1.690123e-14 0.000000e+00
52 96 1.307482e-02 3.284247e-02 0 2 1 1 1.473479e-14 0.000000e+00
52 97 1.307482e-02 4.134622e-02 0 2 1 1 1.241702e-14 0.000000e+00
52 98 1.307482e-02 5.205181e-02 0 2 1 1 1.005011e-14 0.000000e+00
52 99 1.307482e-02 6.552935e-02 0 2 1 1 7.755848e-15 0.000000e+00
53 80 1.646023e-02 8.249656e-04 0 2 1 1 2.118663e-14 0.000000e+00
53 81 1.646023e-02 1.038570e-03 0 2 1 1 2.118534e-14 0.000000e+00
53 82 1.646023e-02 1.307482e-03 0 2 1 1 2.118303e-14 0.000000e+00
53 83 1.646023e-02 1.646023e-03 0 2 1 1 2.117953e-14 0.000000e+00
53 84 1.646023e-02 2.072220e-03 0 2 1 1 2.117387e-14 0.000000e+00
53 85 1.646023e-02 2.608770e-03 0 2 1 1 2.116489e-14 0.000000e+00
53 86 1.646023e-02 3.284247e-03 0 2 1 1 2.115063e-14 0.000000e+00
53 87 1.646023e-02 4.134622e-03 0 2 1 1 2.112793e-14 0.000000e+00
53 88 1.646023e-02 5.205181e-03 0 2 1 1 2.109174e-14 0.000000e+00
53 89 1.646023e-02 6.552935e-03 0 2 1 1 2.103382e-14 0.000000e+00
53 90 1.646023e-02 8.249656e-03 0 2 1 1 2.094065e-14 0.000000e+00
53 91 1.646023e-02 1.038570e-02 0 2 1 1 2.078952e-14 0.000000e+00
53 92 1.646023e-02 1.307482e-02 0 2 1 1 2.053744e-14 0.000000e+00
53 93 1.646023e-02 1.646023e-02 0 2 1 1 1.995714e-14 0.000000e+00
53 94 1.646023e-02 2.072220e-02 0 2 1 1 1.858244e-14 0.000000e+00
53 95 1.646023e-02 2.608770e-02 0 2 1 1 1.675646e-14 0.000000e+00
53 96 1.646023e-02 3.284247e-02 0 2 1 1 1.467261e-14 0.000000e+00
53 97 1.646023e-02 4.134622e-02 0 2 1 1 1.240544e-14 0.000000e+00
53 98 1.646023e-02 5.205181e-02 0 2 1 1 1.006400e-14 0.000000e+00
53 99 1.646023e-02 6.552935e-02 0 2 1 1 7.777637e-15 0.000000e+00
54 80 2.072220e-02 8.249656e-04 0 2 1 1 1.925038e-14 0.000000e+00
54 81 2.072220e-02 1.038570e-03 0 2 1 1 1.924963e-14 0.000000e+00
54 82 2.072220e-02 1.307482e-03 0 2 1 1 1.924817e-14 0.000000e+00
54 83 2.072220e-02 1.646023e-03 0 2 1 1 1.924604e-14 0.000000e+00
54 84 2.072220e-02 2.072220e-03 0 2 1 1 1.924252e-14 0.000000e+00
54 85 2.072220e-02 2.608770e-03 0 2 1 1 1.923696e-14 0.000000e+00
54 86 2.072220e-02 3.284247e-03 0 2 1 1 1.922812e-14 0.000000e+00
54 87 2.072220e-02 4.134622e-03 0 2 1 1 1.921405e-14 0.000000e+00
54 88 2.072220e-02 5.205181e-03 0 2 1 1 1.919160e-14 0.000000e+00
54 89 2.072220e-02 6.552935e-03 0 2 1 1 1.915562e-14 0.000000e+00
54 90 2.072220e-02 8.249656e-03 0 2 1 1 1.909760e-14 0.000000e+00
54 91 2.072220e-02 1.038570e-02 0 2 1 1 1.900316e-14 0.000000e+00
54 92 2.072220e-02 1.307482e-02 0 2 1 1 1.884724e-14 0.000000e+00
54 93 2.072220e-02 1.646023e-02 0 2 1 1 1.858244e-14 0.000000e+00
54 94 2.072220e-02 2.072220e-02 0 2 1 1 1.796819e-14 0.000000e+00
54 95 2.072220e-02 2.608770e-02 0 2 1 1 1.649991e-14 0.000000e+00
54 96 2.072220e-02 3.284247e-02 0 2 1 1 1.455926e-14 0.000000e+00
54 97 2.072220e-02 4.134622e-02 0 2 1 1 1.237976e-14 0.000000e+00
54 98 2.072220e-02 5.205181e-02 0 2 1 1 1.008275e-14 0.000000e+00
54 99 2.072220e-02 6.552935e-02 0 2 1 1 7.811009e-15 0.000000e+00
55 80 2.608770e-02 8.249656e-04 0 2 1 1 1.711944e-14 0.000000e+00
55 81 2.608770e-02 1.038570e-03 0 2 1 1 1.711910e-14 0.000000e+00
55 82 2.608770e-02 1.307482e-03 0 2 1 1 1.711829e-14 0.000000e+00
55 83 2.608770e-02 1.646023e-03 0 2 1 1 1.711717e-14 0.000000e+00
55 84 2.608770e-02 2.072220e-03 0 2 1 1 1.711529e-14 0.000000e+00
55 85 2.608770e-02 2.608770e-03 0 2 1 1 1.711231e-14 0.000000e+00
55 86 2.608770e-02 3.284247e-03 0 2 1 1 1.710757e-14 0.000000e+00
55 87 2.608770e-02 4.134622e-03 0 2 1 1 1.710001e-14 0.000000e+00
55 88 2.608770e-02 5.205181e-03 0 2 1 1 1.708795e-14 0.000000e+00
55 89 2.608770e-02 6.552935e-03 0 2 1 1 1.706860e-14 0.000000e+00
55 90 2.608770e-02 8.249656e-03 0 2 1 1 1.703731e-14 0.000000e+00
55 91 2.608770e-02 1.038570e-02 0 2 1 1 1.698619e-14 0.000000e+00
55 92 2.608770e-02 1.307482e-02 0 2 1 1 1.690123e-14 0.000000e+00
55 93 2.608770e-02 1.646023e-02 0 2 1 1 1.675646e-14 0.000000e+00
55 94 2.608770e-02 2.072220e-02 0 2 1 1 1.649991e-14 0.000000e+00
55 95 2.608770e-02 2.608770e-02 0 2 1 1 1.587489e-14 0.000000e+00
55 96 2.608770e-02 3.284247e-02 0 2 1 1 1.433929e-14 0.000000e+00
55 97 2.608770e-02 4.134622e-02 0 2 1 1 1.231919e-14 0.000000e+00
55 98 2.608770e-02 5.205181e-02 0 2 1 1 1.010377e-14 0.000000e+00
55 99 2.608770e-02 6.552935e-02 0 2 1 1 7.860810e-15 0.000000e+00
56 80 3.284247e-02 8.249656e-04 0 2 1 1 1.482502e-14 0.000000e+00
56 81 3.284247e-02 1.038570e-03 0 2 1 1 1.482496e-14 0.000000e+00
56 82 3.284247e-02 1.307482e-03 0 2 1 1 1.482459e-14 0.000000e+00
56 83 3.284247e-02 1.646023e-03 0 2 1 1 1.482418e-14 0.000000e+00
56 84 3.284247e-02 2.072220e-03 0 2 1 1 1.482342e-14 0.000000e+00
56 85 3.284247e-02 2.608770e-03 0 2 1 1 1.482221e-14 0.000000e+00
56 86 3.284247e-02 3.284247e-03 0 2 1 1 1.482030e-14 0.000000e+00
56 87 3.284247e-02 4.134622e-03 0 2 1 1 1.481724e-14 0.000000e+00
56 88 3.284247e-02 5.205181e-03 0 2 1 1 1.481235e-14 0.000000e+00
56 89 3.284247e-02 6.552935e-03 0 2 1 1 1.480447e-14 0.000000e+00
56 90 3.284247e-02 8.249656e-03 0 2 1 1 1.479164e-14 0.000000e+00
56 91 3.284247e-02 1.038570e-02 0 2 1 1 1.477048e-14 0.000000e+00
56 92 3.284247e-02 1.307482e-02 0 2 1 1 1.473479e-14 0.000000e+00
56 93 3.284247e-02 1.646023e-02 0 2 1 1 1.467261e-14 0.000000e+00
56 94 3.284247e-02 2.072220e-02 0 2 1 1 1.455926e-14 0.000000e+00
56 95 3.284247e-02 2.608770e-02 0 2 1 1 1.433929e-14 0.000000e+00
56 96 3.284247e-02 3.284247e-02 0 2 1 1 1.373582e-14 0.000000e+00
56 97 3.284247e-02 4.134622e-02 0 2 1 1 1.216705e-14 0.000000e+00
56 98 3.284247e-02 5.205181e-02 0 2 1 1 1.011290e-14 0.000000e+00
56 99 3.284247e-02 6.552935e-02 0 2 1 1 7.931188e-15 0.000000e+00
57 80 4.134622e-02 8.249656e-04 0 2 1 1 1.242890e-14 0.000000e+00
57 81 4.134622e-02 1.038570e-03 0 2 1 1 1.242901e-14 0.000000e+00
57 82 4.134622e-02 1.307482e-03 0 2 1 1 1.242892e-14 0.000000e+00
57 83 4.134622e-02 1.646023e-03 0 2 1 1 1.242894e-14 0.000000e+00
57 84 4.134622e-02 2.072220e-03 0 2 1 1 1.242886e-14 0.000000e+00
57 85 4.134622e-02 2.608770e-03 0 2 1 1 1.242875e-14 0.000000e+00
57 86 4.134622e-02 3.284247e-03 0 2 1 1 1.242857e-14 0.000000e+00
57 87 4.134622e-02 4.134622e-03 0 2 1 1 1.242827e-14 0.000000e+00
57 88 4.134622e-02 5.205181e-03 0 2 1 1 1.242777e-14 0.000000e+00
57 89 4.134622e-02 6.552935e-03 0 2 1 1 1.242692e-14 0.000000e+00
57 90 4.134622e-02 8.249656e-03 0 2 1 1 1.242540e-14 0.000000e+00
57 91 4.134622e-02 1.038570e-02 0 2 1 1 1.242257e-14 0.000000e+00
57 92 4.134622e-02 1.307482e-02 0 2 1 1 1.241702e-14 0.000000e+00
57 93 4.134622e-02 1.646023e-02 0 2 1 1 1.240544e-14 0.000000e+00
57 94 4.134622e-02 2.072220e-02 0 2 1 1 1.237976e-14 0.000000e+00
57 95 4.134622e-02 2.608770e-02 0 2 1 1 1.231919e-14 0.000000e+00
57 96 4.134622e-02 3.284247e-02 0 2 1 1 1.216705e-14 0.000000e+00
57 97 4.134622e-02 4.134622e-02 0 2 1 1 1.162152e-14 0.000000e+00
57 98 4.134622e-02 5.205181e-02 0 2 1 1 1.005578e-14 0.000000e+00
57 99 4.134622e-02 6.552935e-02 0 2 1 1 8.017642e-15 0.000000e+00
58 80 5.205181e-02 8.249656e-04 0 2 1 1 1.002283e-14 0.000000e+00
58 81 5.205181e-02 1.038570e-03 0 2 1 1 1.002303e-14 0.000000e+00
58 82 5.205181e-02 1.307482e-03 0 2 1 1 1.002308e-14 0.000000e+00
58 83 5.205181e-02 1.646023e-03 0 2 1 1 1.002331e-14 0.000000e+00
58 84 5.205181e-02 2.072220e-03 0 2 1 1 1.002358e-14 0.000000e+00
58 85 5.205181e-02 2.608770e-03 0 2 1 1 1.002401e-14 0.000000e+00
58 86 5.205181e-02 3.284247e-03 0 2 1 1 1.002469e-14 0.000000e+00
58 87 5.205181e-02 4.134622e-03 0 2 1 1 1.002576e-14 0.000000e+00
58 88 5.205181e-02 5.205181e-03 0 2 1 1 1.002745e-14 0.000000e+00
58 89 5.205181e-02 6.552935e-03 0 2 1 1 1.003010e-14 0.000000e+00
58 90 5.205181e-02 8.249656e-03 0 2 1 1 1.003422e-14 0.000000e+00
58 91 5.205181e-02 1.038570e-02 0 2 1 1 1.004055e-14 0.000000e+00
58 92 5.205181e-02 1.307482e-02 0 2 1 1 1.005011e-14 0.000000e+00
58 93 5.205181e-02 1.646023e-02 0 2 1 1 1.006400e-14 0.000000e+00
58 94 5.205181e-02 2.072220e-02 0 2 1 1 1.008275e-14 0.000000e+00
58 95 5.205181e-02 2.608770e-02 0 2 1 1 1.010377e-14 0.000000e+00
58 96 5.205181e-02 3.284247e-02 0 2 1 1 1.011290e-14 0.000000e+00
58 97 5.205181e-02 4.134622e-02 0 2 1 1 1.005578e-14 0.000000e+00
58 98 5.205181e-02 5.205181e-02 0 2 1 1 9.602148e-15 0.000000e+00
58 99 5.205181e-02 6.552935e-02 0 2 1 1 8.073699e-15 0.000000e+00
59 80 6.552935e-02 8.249656e-04 0 2 1 1 7.717385e-15 0.000000e+00
59 81 6.552935e-02 1.038570e-03 0 2 1 1 7.717599e-15 0.000000e+00
59 82 6.552935e-02 1.307482e-03 0 2 1 1 7.717688e-15 0.000000e+00
59 83 6.552935e-02 1.646023e-03 0 2 1 1 7.717982e-15 0.000000e+00
59 84 6.552935e-02 2.072220e-03 0 2 1 1 7.718336e-15 0.000000e+00
59 85 6.552935e-02 2.608770e-03 0 2 1 1 7.718912e-15 0.000000e+00
59 86 6.552935e-02 3.284247e-03 0 2 1 1 7.719824e-15 0.000000e+00
59 87 6.552935e-02 4.134622e-03 0 2 1 1 7.721268e-15 0.000000e+00
59 88 6.552935e-02 5.205181e-03 0 2 1 1 7.723554e-15 0.000000e+00
59 89 6.552935e-02 6.552935e-03 0 2 1 1 7.727165e-15 0.000000e+00
59 90 6.552935e-02 8.249656e-03 0 2 1 1 7.732860e-15 0.000000e+00
59 91 6.552935e-02 1.038570e-02 0 2 1 1 7.741821e-15 0.000000e+00
59 92 6.552935e-02 1.307482e-02 0 2 1 1 7.755848e-15 0.000000e+00
59 93 6.552935e-02 1.646023e-02 0 2 1 1 7.777637e-15 0.000000e+00
59 94 6.552935e-02 2.072220e-02 0 2 1 1 7.811009e-15 0.000000e+00
59 95 6.552935e-02 2.608770e-02 0 2 1 1 7.860810e-15 0.000000e+00
59 96 6.552935e-02 3.284247e-02 0 2 1 1 7.931188e-15 0.000000e+00
59 97 6.552935e-02 4.134622e-02 0 2 1 1 8.017642e-15 0.000000e+00
59 98 6.552935e-02 5.205181e-02 0 2 1 1 8.073699e-15 0.000000e+00
59 99 6.552935e-02 6.552935e-02 0 2 1 1 7.740448e-15 0.000000e+00
