# Please cite the following papers in research using this covariance:
# arXiv: 1601.05779, https://arxiv.org/abs/1601.05779
# arXiv: 1911.11947, https://arxiv.org/abs/1911.11947
# arXiv: 2004.04833, https://arxiv.org/abs/2004.04833
########################################################
100 140 8.249656e-04 8.249656e-04 1 2 2 2 3.225772e-13 0.000000e+00
100 141 8.249656e-04 1.038570e-03 1 2 2 2 2.878126e-13 0.000000e+00
100 142 8.249656e-04 1.307482e-03 1 2 2 2 2.480433e-13 0.000000e+00
100 143 8.249656e-04 1.646023e-03 1 2 2 2 2.145851e-13 0.000000e+00
100 144 8.249656e-04 2.072220e-03 1 2 2 2 1.873441e-13 0.000000e+00
100 145 8.249656e-04 2.608770e-03 1 2 2 2 1.653769e-13 0.000000e+00
100 146 8.249656e-04 3.284247e-03 1 2 2 2 1.475779e-13 0.000000e+00
100 147 8.249656e-04 4.134622e-03 1 2 2 2 1.328943e-13 0.000000e+00
100 148 8.249656e-04 5.205181e-03 1 2 2 2 1.204122e-13 0.000000e+00
100 149 8.249656e-04 6.552935e-03 1 2 2 2 1.093872e-13 0.000000e+00
100 150 8.249656e-04 8.249656e-03 1 2 2 2 9.924397e-14 0.000000e+00
100 151 8.249656e-04 1.038570e-02 1 2 2 2 8.956391e-14 0.000000e+00
100 152 8.249656e-04 1.307482e-02 1 2 2 2 8.006686e-14 0.000000e+00
100 153 8.249656e-04 1.646023e-02 1 2 2 2 7.059436e-14 0.000000e+00
100 154 8.249656e-04 2.072220e-02 1 2 2 2 6.110008e-14 0.000000e+00
100 155 8.249656e-04 2.608770e-02 1 2 2 2 5.164278e-14 0.000000e+00
100 156 8.249656e-04 3.284247e-02 1 2 2 2 4.237910e-14 0.000000e+00
100 157 8.249656e-04 4.134622e-02 1 2 2 2 3.354916e-14 0.000000e+00
100 158 8.249656e-04 5.205181e-02 1 2 2 2 2.544313e-14 0.000000e+00
100 159 8.249656e-04 6.552935e-02 1 2 2 2 1.832685e-14 0.000000e+00
101 140 1.038570e-03 8.249656e-04 1 2 2 2 2.878126e-13 0.000000e+00
101 141 1.038570e-03 1.038570e-03 1 2 2 2 2.872500e-13 0.000000e+00
101 142 1.038570e-03 1.307482e-03 1 2 2 2 2.547323e-13 0.000000e+00
101 143 1.038570e-03 1.646023e-03 1 2 2 2 2.186359e-13 0.000000e+00
101 144 1.038570e-03 2.072220e-03 1 2 2 2 1.895332e-13 0.000000e+00
101 145 1.038570e-03 2.608770e-03 1 2 2 2 1.664847e-13 0.000000e+00
101 146 1.038570e-03 3.284247e-03 1 2 2 2 1.481077e-13 0.000000e+00
101 147 1.038570e-03 4.134622e-03 1 2 2 2 1.331333e-13 0.000000e+00
101 148 1.038570e-03 5.205181e-03 1 2 2 2 1.205131e-13 0.000000e+00
101 149 1.038570e-03 6.552935e-03 1 2 2 2 1.094261e-13 0.000000e+00
101 150 1.038570e-03 8.249656e-03 1 2 2 2 9.925703e-14 0.000000e+00
101 151 1.038570e-03 1.038570e-02 1 2 2 2 8.956738e-14 0.000000e+00
101 152 1.038570e-03 1.307482e-02 1 2 2 2 8.006735e-14 0.000000e+00
101 153 1.038570e-03 1.646023e-02 1 2 2 2 7.059443e-14 0.000000e+00
101 154 1.038570e-03 2.072220e-02 1 2 2 2 6.110047e-14 0.000000e+00
101 155 1.038570e-03 2.608770e-02 1 2 2 2 5.164355e-14 0.000000e+00
101 156 1.038570e-03 3.284247e-02 1 2 2 2 4.238012e-14 0.000000e+00
101 157 1.038570e-03 4.134622e-02 1 2 2 2 3.355025e-14 0.000000e+00
101 158 1.038570e-03 5.205181e-02 1 2 2 2 2.544408e-14 0.000000e+00
101 159 1.038570e-03 6.552935e-02 1 2 2 2 1.832762e-14 0.000000e+00
102 140 1.307482e-03 8.249656e-04 1 2 2 2 2.480433e-13 0.000000e+00
102 141 1.307482e-03 1.038570e-03 1 2 2 2 2.547323e-13 0.000000e+00
102 142 1.307482e-03 1.307482e-03 1 2 2 2 2.558060e-13 0.000000e+00
102 143 1.307482e-03 1.646023e-03 1 2 2 2 2.256730e-13 0.000000e+00
102 144 1.307482e-03 2.072220e-03 1 2 2 2 1.933614e-13 0.000000e+00
102 145 1.307482e-03 2.608770e-03 1 2 2 2 1.683843e-13 0.000000e+00
102 146 1.307482e-03 3.284247e-03 1 2 2 2 1.489986e-13 0.000000e+00
102 147 1.307482e-03 4.134622e-03 1 2 2 2 1.335290e-13 0.000000e+00
102 148 1.307482e-03 5.205181e-03 1 2 2 2 1.206777e-13 0.000000e+00
102 149 1.307482e-03 6.552935e-03 1 2 2 2 1.094888e-13 0.000000e+00
102 150 1.307482e-03 8.249656e-03 1 2 2 2 9.927763e-14 0.000000e+00
102 151 1.307482e-03 1.038570e-02 1 2 2 2 8.957232e-14 0.000000e+00
102 152 1.307482e-03 1.307482e-02 1 2 2 2 8.006750e-14 0.000000e+00
102 153 1.307482e-03 1.646023e-02 1 2 2 2 7.059395e-14 0.000000e+00
102 154 1.307482e-03 2.072220e-02 1 2 2 2 6.110043e-14 0.000000e+00
102 155 1.307482e-03 2.608770e-02 1 2 2 2 5.164419e-14 0.000000e+00
102 156 1.307482e-03 3.284247e-02 1 2 2 2 4.238113e-14 0.000000e+00
102 157 1.307482e-03 4.134622e-02 1 2 2 2 3.355139e-14 0.000000e+00
102 158 1.307482e-03 5.205181e-02 1 2 2 2 2.544504e-14 0.000000e+00
102 159 1.307482e-03 6.552935e-02 1 2 2 2 1.832830e-14 0.000000e+00
103 140 1.646023e-03 8.249656e-04 1 2 2 2 2.145851e-13 0.000000e+00
103 141 1.646023e-03 1.038570e-03 1 2 2 2 2.186359e-13 0.000000e+00
103 142 1.646023e-03 1.307482e-03 1 2 2 2 2.256730e-13 0.000000e+00
103 143 1.646023e-03 1.646023e-03 1 2 2 2 2.280814e-13 0.000000e+00
103 144 1.646023e-03 2.072220e-03 1 2 2 2 2.003810e-13 0.000000e+00
103 145 1.646023e-03 2.608770e-03 1 2 2 2 1.718103e-13 0.000000e+00
103 146 1.646023e-03 3.284247e-03 1 2 2 2 1.505564e-13 0.000000e+00
103 147 1.646023e-03 4.134622e-03 1 2 2 2 1.342037e-13 0.000000e+00
103 148 1.646023e-03 5.205181e-03 1 2 2 2 1.209537e-13 0.000000e+00
103 149 1.646023e-03 6.552935e-03 1 2 2 2 1.095927e-13 0.000000e+00
103 150 1.646023e-03 8.249656e-03 1 2 2 2 9.931183e-14 0.000000e+00
103 151 1.646023e-03 1.038570e-02 1 2 2 2 8.958085e-14 0.000000e+00
103 152 1.646023e-03 1.307482e-02 1 2 2 2 8.006830e-14 0.000000e+00
103 153 1.646023e-03 1.646023e-02 1 2 2 2 7.059356e-14 0.000000e+00
103 154 1.646023e-03 2.072220e-02 1 2 2 2 6.110083e-14 0.000000e+00
103 155 1.646023e-03 2.608770e-02 1 2 2 2 5.164564e-14 0.000000e+00
103 156 1.646023e-03 3.284247e-02 1 2 2 2 4.238313e-14 0.000000e+00
103 157 1.646023e-03 4.134622e-02 1 2 2 2 3.355356e-14 0.000000e+00
103 158 1.646023e-03 5.205181e-02 1 2 2 2 2.544692e-14 0.000000e+00
103 159 1.646023e-03 6.552935e-02 1 2 2 2 1.832971e-14 0.000000e+00
104 140 2.072220e-03 8.249656e-04 1 2 2 2 1.873441e-13 0.000000e+00
104 141 2.072220e-03 1.038570e-03 1 2 2 2 1.895332e-13 0.000000e+00
104 142 2.072220e-03 1.307482e-03 1 2 2 2 1.933614e-13 0.000000e+00
104 143 2.072220e-03 1.646023e-03 1 2 2 2 2.003810e-13 0.000000e+00
104 144 2.072220e-03 2.072220e-03 1 2 2 2 2.037605e-13 0.000000e+00
104 145 2.072220e-03 2.608770e-03 1 2 2 2 1.784753e-13 0.000000e+00
104 146 2.072220e-03 3.284247e-03 1 2 2 2 1.534609e-13 0.000000e+00
104 147 2.072220e-03 4.134622e-03 1 2 2 2 1.354080e-13 0.000000e+00
104 148 2.072220e-03 5.205181e-03 1 2 2 2 1.214309e-13 0.000000e+00
104 149 2.072220e-03 6.552935e-03 1 2 2 2 1.097687e-13 0.000000e+00
104 150 2.072220e-03 8.249656e-03 1 2 2 2 9.936895e-14 0.000000e+00
104 151 2.072220e-03 1.038570e-02 1 2 2 2 8.959494e-14 0.000000e+00
104 152 2.072220e-03 1.307482e-02 1 2 2 2 8.006945e-14 0.000000e+00
104 153 2.072220e-03 1.646023e-02 1 2 2 2 7.059271e-14 0.000000e+00
104 154 2.072220e-03 2.072220e-02 1 2 2 2 6.110130e-14 0.000000e+00
104 155 2.072220e-03 2.608770e-02 1 2 2 2 5.164763e-14 0.000000e+00
104 156 2.072220e-03 3.284247e-02 1 2 2 2 4.238608e-14 0.000000e+00
104 157 2.072220e-03 4.134622e-02 1 2 2 2 3.355671e-14 0.000000e+00
104 158 2.072220e-03 5.205181e-02 1 2 2 2 2.544969e-14 0.000000e+00
104 159 2.072220e-03 6.552935e-02 1 2 2 2 1.833172e-14 0.000000e+00
105 140 2.608770e-03 8.249656e-04 1 2 2 2 1.653769e-13 0.000000e+00
105 141 2.608770e-03 1.038570e-03 1 2 2 2 1.664847e-13 0.000000e+00
105 142 2.608770e-03 1.307482e-03 1 2 2 2 1.683843e-13 0.000000e+00
105 143 2.608770e-03 1.646023e-03 1 2 2 2 1.718103e-13 0.000000e+00
105 144 2.608770e-03 2.072220e-03 1 2 2 2 1.784753e-13 0.000000e+00
105 145 2.608770e-03 2.608770e-03 1 2 2 2 1.824412e-13 0.000000e+00
105 146 2.608770e-03 3.284247e-03 1 2 2 2 1.594981e-13 0.000000e+00
105 147 2.608770e-03 4.134622e-03 1 2 2 2 1.377392e-13 0.000000e+00
105 148 2.608770e-03 5.205181e-03 1 2 2 2 1.223044e-13 0.000000e+00
105 149 2.608770e-03 6.552935e-03 1 2 2 2 1.100794e-13 0.000000e+00
105 150 2.608770e-03 8.249656e-03 1 2 2 2 9.946786e-14 0.000000e+00
105 151 2.608770e-03 1.038570e-02 1 2 2 2 8.961939e-14 0.000000e+00
105 152 2.608770e-03 1.307482e-02 1 2 2 2 8.007181e-14 0.000000e+00
105 153 2.608770e-03 1.646023e-02 1 2 2 2 7.059154e-14 0.000000e+00
105 154 2.608770e-03 2.072220e-02 1 2 2 2 6.110202e-14 0.000000e+00
105 155 2.608770e-03 2.608770e-02 1 2 2 2 5.165076e-14 0.000000e+00
105 156 2.608770e-03 3.284247e-02 1 2 2 2 4.239077e-14 0.000000e+00
105 157 2.608770e-03 4.134622e-02 1 2 2 2 3.356171e-14 0.000000e+00
105 158 2.608770e-03 5.205181e-02 1 2 2 2 2.545411e-14 0.000000e+00
105 159 2.608770e-03 6.552935e-02 1 2 2 2 1.833492e-14 0.000000e+00
106 140 3.284247e-03 8.249656e-04 1 2 2 2 1.475779e-13 0.000000e+00
106 141 3.284247e-03 1.038570e-03 1 2 2 2 1.481077e-13 0.000000e+00
106 142 3.284247e-03 1.307482e-03 1 2 2 2 1.489986e-13 0.000000e+00
106 143 3.284247e-03 1.646023e-03 1 2 2 2 1.505564e-13 0.000000e+00
106 144 3.284247e-03 2.072220e-03 1 2 2 2 1.534609e-13 0.000000e+00
106 145 3.284247e-03 2.608770e-03 1 2 2 2 1.594981e-13 0.000000e+00
106 146 3.284247e-03 3.284247e-03 1 2 2 2 1.636789e-13 0.000000e+00
106 147 3.284247e-03 4.134622e-03 1 2 2 2 1.429608e-13 0.000000e+00
106 148 3.284247e-03 5.205181e-03 1 2 2 2 1.240702e-13 0.000000e+00
106 149 3.284247e-03 6.552935e-03 1 2 2 2 1.106672e-13 0.000000e+00
106 150 3.284247e-03 8.249656e-03 1 2 2 2 9.964837e-14 0.000000e+00
106 151 3.284247e-03 1.038570e-02 1 2 2 2 8.966389e-14 0.000000e+00
106 152 3.284247e-03 1.307482e-02 1 2 2 2 8.007678e-14 0.000000e+00
106 153 3.284247e-03 1.646023e-02 1 2 2 2 7.058987e-14 0.000000e+00
106 154 3.284247e-03 2.072220e-02 1 2 2 2 6.110315e-14 0.000000e+00
106 155 3.284247e-03 2.608770e-02 1 2 2 2 5.165576e-14 0.000000e+00
106 156 3.284247e-03 3.284247e-02 1 2 2 2 4.239815e-14 0.000000e+00
106 157 3.284247e-03 4.134622e-02 1 2 2 2 3.356966e-14 0.000000e+00
106 158 3.284247e-03 5.205181e-02 1 2 2 2 2.546113e-14 0.000000e+00
106 159 3.284247e-03 6.552935e-02 1 2 2 2 1.834001e-14 0.000000e+00
107 140 4.134622e-03 8.249656e-04 1 2 2 2 1.328943e-13 0.000000e+00
107 141 4.134622e-03 1.038570e-03 1 2 2 2 1.331333e-13 0.000000e+00
107 142 4.134622e-03 1.307482e-03 1 2 2 2 1.335290e-13 0.000000e+00
107 143 4.134622e-03 1.646023e-03 1 2 2 2 1.342037e-13 0.000000e+00
107 144 4.134622e-03 2.072220e-03 1 2 2 2 1.354080e-13 0.000000e+00
107 145 4.134622e-03 2.608770e-03 1 2 2 2 1.377392e-13 0.000000e+00
107 146 4.134622e-03 3.284247e-03 1 2 2 2 1.429608e-13 0.000000e+00
107 147 4.134622e-03 4.134622e-03 1 2 2 2 1.470275e-13 0.000000e+00
107 148 4.134622e-03 5.205181e-03 1 2 2 2 1.283815e-13 0.000000e+00
107 149 4.134622e-03 6.552935e-03 1 2 2 2 1.119210e-13 0.000000e+00
107 150 4.134622e-03 8.249656e-03 1 2 2 2 1.000069e-13 0.000000e+00
107 151 4.134622e-03 1.038570e-02 1 2 2 2 8.975084e-14 0.000000e+00
107 152 4.134622e-03 1.307482e-02 1 2 2 2 8.008823e-14 0.000000e+00
107 153 4.134622e-03 1.646023e-02 1 2 2 2 7.058791e-14 0.000000e+00
107 154 4.134622e-03 2.072220e-02 1 2 2 2 6.110499e-14 0.000000e+00
107 155 4.134622e-03 2.608770e-02 1 2 2 2 5.166360e-14 0.000000e+00
107 156 4.134622e-03 3.284247e-02 1 2 2 2 4.240982e-14 0.000000e+00
107 157 4.134622e-03 4.134622e-02 1 2 2 2 3.358229e-14 0.000000e+00
107 158 4.134622e-03 5.205181e-02 1 2 2 2 2.547222e-14 0.000000e+00
107 159 4.134622e-03 6.552935e-02 1 2 2 2 1.834807e-14 0.000000e+00
108 140 5.205181e-03 8.249656e-04 1 2 2 2 1.204122e-13 0.000000e+00
108 141 5.205181e-03 1.038570e-03 1 2 2 2 1.205131e-13 0.000000e+00
108 142 5.205181e-03 1.307482e-03 1 2 2 2 1.206777e-13 0.000000e+00
108 143 5.205181e-03 1.646023e-03 1 2 2 2 1.209537e-13 0.000000e+00
108 144 5.205181e-03 2.072220e-03 1 2 2 2 1.214309e-13 0.000000e+00
108 145 5.205181e-03 2.608770e-03 1 2 2 2 1.223044e-13 0.000000e+00
108 146 5.205181e-03 3.284247e-03 1 2 2 2 1.240702e-13 0.000000e+00
108 147 5.205181e-03 4.134622e-03 1 2 2 2 1.283815e-13 0.000000e+00
108 148 5.205181e-03 5.205181e-03 1 2 2 2 1.320695e-13 0.000000e+00
108 149 5.205181e-03 6.552935e-03 1 2 2 2 1.153142e-13 0.000000e+00
108 150 5.205181e-03 8.249656e-03 1 2 2 2 1.008309e-13 0.000000e+00
108 151 5.205181e-03 1.038570e-02 1 2 2 2 8.994014e-14 0.000000e+00
108 152 5.205181e-03 1.307482e-02 1 2 2 2 8.011676e-14 0.000000e+00
108 153 5.205181e-03 1.646023e-02 1 2 2 2 7.058657e-14 0.000000e+00
108 154 5.205181e-03 2.072220e-02 1 2 2 2 6.110803e-14 0.000000e+00
108 155 5.205181e-03 2.608770e-02 1 2 2 2 5.167596e-14 0.000000e+00
108 156 5.205181e-03 3.284247e-02 1 2 2 2 4.242827e-14 0.000000e+00
108 157 5.205181e-03 4.134622e-02 1 2 2 2 3.360223e-14 0.000000e+00
108 158 5.205181e-03 5.205181e-02 1 2 2 2 2.548977e-14 0.000000e+00
108 159 5.205181e-03 6.552935e-02 1 2 2 2 1.836086e-14 0.000000e+00
109 140 6.552935e-03 8.249656e-04 1 2 2 2 1.093872e-13 0.000000e+00
109 141 6.552935e-03 1.038570e-03 1 2 2 2 1.094261e-13 0.000000e+00
109 142 6.552935e-03 1.307482e-03 1 2 2 2 1.094888e-13 0.000000e+00
109 143 6.552935e-03 1.646023e-03 1 2 2 2 1.095927e-13 0.000000e+00
109 144 6.552935e-03 2.072220e-03 1 2 2 2 1.097687e-13 0.000000e+00
109 145 6.552935e-03 2.608770e-03 1 2 2 2 1.100794e-13 0.000000e+00
109 146 6.552935e-03 3.284247e-03 1 2 2 2 1.106672e-13 0.000000e+00
109 147 6.552935e-03 4.134622e-03 1 2 2 2 1.119210e-13 0.000000e+00
109 148 6.552935e-03 5.205181e-03 1 2 2 2 1.153142e-13 0.000000e+00
109 149 6.552935e-03 6.552935e-03 1 2 2 2 1.184353e-13 0.000000e+00
109 150 6.552935e-03 8.249656e-03 1 2 2 2 1.033696e-13 0.000000e+00
109 151 6.552935e-03 1.038570e-02 1 2 2 2 9.043050e-14 0.000000e+00
109 152 6.552935e-03 1.307482e-02 1 2 2 2 8.019562e-14 0.000000e+00
109 153 6.552935e-03 1.646023e-02 1 2 2 2 7.058999e-14 0.000000e+00
109 154 6.552935e-03 2.072220e-02 1 2 2 2 6.111326e-14 0.000000e+00
109 155 6.552935e-03 2.608770e-02 1 2 2 2 5.169522e-14 0.000000e+00
109 156 6.552935e-03 3.284247e-02 1 2 2 2 4.245725e-14 0.000000e+00
109 157 6.552935e-03 4.134622e-02 1 2 2 2 3.363371e-14 0.000000e+00
109 158 6.552935e-03 5.205181e-02 1 2 2 2 2.551755e-14 0.000000e+00
109 159 6.552935e-03 6.552935e-02 1 2 2 2 1.838112e-14 0.000000e+00
110 140 8.249656e-03 8.249656e-04 1 2 2 2 9.924397e-14 0.000000e+00
110 141 8.249656e-03 1.038570e-03 1 2 2 2 9.925703e-14 0.000000e+00
110 142 8.249656e-03 1.307482e-03 1 2 2 2 9.927763e-14 0.000000e+00
110 143 8.249656e-03 1.646023e-03 1 2 2 2 9.931183e-14 0.000000e+00
110 144 8.249656e-03 2.072220e-03 1 2 2 2 9.936895e-14 0.000000e+00
110 145 8.249656e-03 2.608770e-03 1 2 2 2 9.946786e-14 0.000000e+00
110 146 8.249656e-03 3.284247e-03 1 2 2 2 9.964837e-14 0.000000e+00
110 147 8.249656e-03 4.134622e-03 1 2 2 2 1.000069e-13 0.000000e+00
110 148 8.249656e-03 5.205181e-03 1 2 2 2 1.008309e-13 0.000000e+00
110 149 8.249656e-03 6.552935e-03 1 2 2 2 1.033696e-13 0.000000e+00
110 150 8.249656e-03 8.249656e-03 1 2 2 2 1.058158e-13 0.000000e+00
110 151 8.249656e-03 1.038570e-02 1 2 2 2 9.222986e-14 0.000000e+00
110 152 8.249656e-03 1.307482e-02 1 2 2 2 8.045229e-14 0.000000e+00
110 153 8.249656e-03 1.646023e-02 1 2 2 2 7.061455e-14 0.000000e+00
110 154 8.249656e-03 2.072220e-02 1 2 2 2 6.112323e-14 0.000000e+00
110 155 8.249656e-03 2.608770e-02 1 2 2 2 5.172519e-14 0.000000e+00
110 156 8.249656e-03 3.284247e-02 1 2 2 2 4.250266e-14 0.000000e+00
110 157 8.249656e-03 4.134622e-02 1 2 2 2 3.368332e-14 0.000000e+00
110 158 8.249656e-03 5.205181e-02 1 2 2 2 2.556145e-14 0.000000e+00
110 159 8.249656e-03 6.552935e-02 1 2 2 2 1.841323e-14 0.000000e+00
111 140 1.038570e-02 8.249656e-04 1 2 2 2 8.956391e-14 0.000000e+00
111 141 1.038570e-02 1.038570e-03 1 2 2 2 8.956738e-14 0.000000e+00
111 142 1.038570e-02 1.307482e-03 1 2 2 2 8.957232e-14 0.000000e+00
111 143 1.038570e-02 1.646023e-03 1 2 2 2 8.958085e-14 0.000000e+00
111 144 1.038570e-02 2.072220e-03 1 2 2 2 8.959494e-14 0.000000e+00
111 145 1.038570e-02 2.608770e-03 1 2 2 2 8.961939e-14 0.000000e+00
111 146 1.038570e-02 3.284247e-03 1 2 2 2 8.966389e-14 0.000000e+00
111 147 1.038570e-02 4.134622e-03 1 2 2 2 8.975084e-14 0.000000e+00
111 148 1.038570e-02 5.205181e-03 1 2 2 2 8.994014e-14 0.000000e+00
111 149 1.038570e-02 6.552935e-03 1 2 2 2 9.043050e-14 0.000000e+00
111 150 1.038570e-02 8.249656e-03 1 2 2 2 9.222986e-14 0.000000e+00
111 151 1.038570e-02 1.038570e-02 1 2 2 2 9.397075e-14 0.000000e+00
111 152 1.038570e-02 1.307482e-02 1 2 2 2 8.166075e-14 0.000000e+00
111 153 1.038570e-02 1.646023e-02 1 2 2 2 7.073579e-14 0.000000e+00
111 154 1.038570e-02 2.072220e-02 1 2 2 2 6.114671e-14 0.000000e+00
111 155 1.038570e-02 2.608770e-02 1 2 2 2 5.177147e-14 0.000000e+00
111 156 1.038570e-02 3.284247e-02 1 2 2 2 4.257324e-14 0.000000e+00
111 157 1.038570e-02 4.134622e-02 1 2 2 2 3.376120e-14 0.000000e+00
111 158 1.038570e-02 5.205181e-02 1 2 2 2 2.563073e-14 0.000000e+00
111 159 1.038570e-02 6.552935e-02 1 2 2 2 1.846415e-14 0.000000e+00
112 140 1.307482e-02 8.249656e-04 1 2 2 2 8.006686e-14 0.000000e+00
112 141 1.307482e-02 1.038570e-03 1 2 2 2 8.006735e-14 0.000000e+00
112 142 1.307482e-02 1.307482e-03 1 2 2 2 8.006750e-14 0.000000e+00
112 143 1.307482e-02 1.646023e-03 1 2 2 2 8.006830e-14 0.000000e+00
112 144 1.307482e-02 2.072220e-03 1 2 2 2 8.006945e-14 0.000000e+00
112 145 1.307482e-02 2.608770e-03 1 2 2 2 8.007181e-14 0.000000e+00
112 146 1.307482e-02 3.284247e-03 1 2 2 2 8.007678e-14 0.000000e+00
112 147 1.307482e-02 4.134622e-03 1 2 2 2 8.008823e-14 0.000000e+00
112 148 1.307482e-02 5.205181e-03 1 2 2 2 8.011676e-14 0.000000e+00
112 149 1.307482e-02 6.552935e-03 1 2 2 2 8.019562e-14 0.000000e+00
112 150 1.307482e-02 8.249656e-03 1 2 2 2 8.045229e-14 0.000000e+00
112 151 1.307482e-02 1.038570e-02 1 2 2 2 8.166075e-14 0.000000e+00
112 152 1.307482e-02 1.307482e-02 1 2 2 2 8.273615e-14 0.000000e+00
112 153 1.307482e-02 1.646023e-02 1 2 2 2 7.151913e-14 0.000000e+00
112 154 1.307482e-02 2.072220e-02 1 2 2 2 6.122638e-14 0.000000e+00
112 155 1.307482e-02 2.608770e-02 1 2 2 2 5.184365e-14 0.000000e+00
112 156 1.307482e-02 3.284247e-02 1 2 2 2 4.268176e-14 0.000000e+00
112 157 1.307482e-02 4.134622e-02 1 2 2 2 3.388274e-14 0.000000e+00
112 158 1.307482e-02 5.205181e-02 1 2 2 2 2.573974e-14 0.000000e+00
112 159 1.307482e-02 6.552935e-02 1 2 2 2 1.854486e-14 0.000000e+00
113 140 1.646023e-02 8.249656e-04 1 2 2 2 7.059436e-14 0.000000e+00
113 141 1.646023e-02 1.038570e-03 1 2 2 2 7.059443e-14 0.000000e+00
113 142 1.646023e-02 1.307482e-03 1 2 2 2 7.059395e-14 0.000000e+00
113 143 1.646023e-02 1.646023e-03 1 2 2 2 7.059356e-14 0.000000e+00
113 144 1.646023e-02 2.072220e-03 1 2 2 2 7.059271e-14 0.000000e+00
113 145 1.646023e-02 2.608770e-03 1 2 2 2 7.059154e-14 0.000000e+00
113 146 1.646023e-02 3.284247e-03 1 2 2 2 7.058987e-14 0.000000e+00
113 147 1.646023e-02 4.134622e-03 1 2 2 2 7.058791e-14 0.000000e+00
113 148 1.646023e-02 5.205181e-03 1 2 2 2 7.058657e-14 0.000000e+00
113 149 1.646023e-02 6.552935e-03 1 2 2 2 7.058999e-14 0.000000e+00
113 150 1.646023e-02 8.249656e-03 1 2 2 2 7.061455e-14 0.000000e+00
113 151 1.646023e-02 1.038570e-02 1 2 2 2 7.073579e-14 0.000000e+00
113 152 1.646023e-02 1.307482e-02 1 2 2 2 7.151913e-14 0.000000e+00
113 153 1.646023e-02 1.646023e-02 1 2 2 2 7.202791e-14 0.000000e+00
113 154 1.646023e-02 2.072220e-02 1 2 2 2 6.175601e-14 0.000000e+00
113 155 1.646023e-02 2.608770e-02 1 2 2 2 5.196930e-14 0.000000e+00
113 156 1.646023e-02 3.284247e-02 1 2 2 2 4.284601e-14 0.000000e+00
113 157 1.646023e-02 4.134622e-02 1 2 2 2 3.407053e-14 0.000000e+00
113 158 1.646023e-02 5.205181e-02 1 2 2 2 2.591055e-14 0.000000e+00
113 159 1.646023e-02 6.552935e-02 1 2 2 2 1.867280e-14 0.000000e+00
114 140 2.072220e-02 8.249656e-04 1 2 2 2 6.110008e-14 0.000000e+00
114 141 2.072220e-02 1.038570e-03 1 2 2 2 6.110047e-14 0.000000e+00
114 142 2.072220e-02 1.307482e-03 1 2 2 2 6.110043e-14 0.000000e+00
114 143 2.072220e-02 1.646023e-03 1 2 2 2 6.110083e-14 0.000000e+00
114 144 2.072220e-02 2.072220e-03 1 2 2 2 6.110130e-14 0.000000e+00
114 145 2.072220e-02 2.608770e-03 1 2 2 2 6.110202e-14 0.000000e+00
114 146 2.072220e-02 3.284247e-03 1 2 2 2 6.110315e-14 0.000000e+00
114 147 2.072220e-02 4.134622e-03 1 2 2 2 6.110499e-14 0.000000e+00
114 148 2.072220e-02 5.205181e-03 1 2 2 2 6.110803e-14 0.000000e+00
114 149 2.072220e-02 6.552935e-03 1 2 2 2 6.111326e-14 0.000000e+00
114 150 2.072220e-02 8.249656e-03 1 2 2 2 6.112323e-14 0.000000e+00
114 151 2.072220e-02 1.038570e-02 1 2 2 2 6.114671e-14 0.000000e+00
114 152 2.072220e-02 1.307482e-02 1 2 2 2 6.122638e-14 0.000000e+00
114 153 2.072220e-02 1.646023e-02 1 2 2 2 6.175601e-14 0.000000e+00
114 154 2.072220e-02 2.072220e-02 1 2 2 2 6.184286e-14 0.000000e+00
114 155 2.072220e-02 2.608770e-02 1 2 2 2 5.241223e-14 0.000000e+00
114 156 2.072220e-02 3.284247e-02 1 2 2 2 4.309381e-14 0.000000e+00
114 157 2.072220e-02 4.134622e-02 1 2 2 2 3.435581e-14 0.000000e+00
114 158 2.072220e-02 5.205181e-02 1 2 2 2 2.617622e-14 0.000000e+00
114 159 2.072220e-02 6.552935e-02 1 2 2 2 1.887543e-14 0.000000e+00
115 140 2.608770e-02 8.249656e-04 1 2 2 2 5.164278e-14 0.000000e+00
115 141 2.608770e-02 1.038570e-03 1 2 2 2 5.164355e-14 0.000000e+00
115 142 2.608770e-02 1.307482e-03 1 2 2 2 5.164419e-14 0.000000e+00
115 143 2.608770e-02 1.646023e-03 1 2 2 2 5.164564e-14 0.000000e+00
115 144 2.608770e-02 2.072220e-03 1 2 2 2 5.164763e-14 0.000000e+00
115 145 2.608770e-02 2.608770e-03 1 2 2 2 5.165076e-14 0.000000e+00
115 146 2.608770e-02 3.284247e-03 1 2 2 2 5.165576e-14 0.000000e+00
115 147 2.608770e-02 4.134622e-03 1 2 2 2 5.166360e-14 0.000000e+00
115 148 2.608770e-02 5.205181e-03 1 2 2 2 5.167596e-14 0.000000e+00
115 149 2.608770e-02 6.552935e-03 1 2 2 2 5.169522e-14 0.000000e+00
115 150 2.608770e-02 8.249656e-03 1 2 2 2 5.172519e-14 0.000000e+00
115 151 2.608770e-02 1.038570e-02 1 2 2 2 5.177147e-14 0.000000e+00
115 152 2.608770e-02 1.307482e-02 1 2 2 2 5.184365e-14 0.000000e+00
115 153 2.608770e-02 1.646023e-02 1 2 2 2 5.196930e-14 0.000000e+00
115 154 2.608770e-02 2.072220e-02 1 2 2 2 5.241223e-14 0.000000e+00
115 155 2.608770e-02 2.608770e-02 1 2 2 2 5.225080e-14 0.000000e+00
115 156 2.608770e-02 3.284247e-02 1 2 2 2 4.360002e-14 0.000000e+00
115 157 2.608770e-02 4.134622e-02 1 2 2 2 3.477847e-14 0.000000e+00
115 158 2.608770e-02 5.205181e-02 1 2 2 2 2.658396e-14 0.000000e+00
115 159 2.608770e-02 6.552935e-02 1 2 2 2 1.919570e-14 0.000000e+00
116 140 3.284247e-02 8.249656e-04 1 2 2 2 4.237910e-14 0.000000e+00
116 141 3.284247e-02 1.038570e-03 1 2 2 2 4.238012e-14 0.000000e+00
116 142 3.284247e-02 1.307482e-03 1 2 2 2 4.238113e-14 0.000000e+00
116 143 3.284247e-02 1.646023e-03 1 2 2 2 4.238313e-14 0.000000e+00
116 144 3.284247e-02 2.072220e-03 1 2 2 2 4.238608e-14 0.000000e+00
116 145 3.284247e-02 2.608770e-03 1 2 2 2 4.239077e-14 0.000000e+00
116 146 3.284247e-02 3.284247e-03 1 2 2 2 4.239815e-14 0.000000e+00
116 147 3.284247e-02 4.134622e-03 1 2 2 2 4.240982e-14 0.000000e+00
116 148 3.284247e-02 5.205181e-03 1 2 2 2 4.242827e-14 0.000000e+00
116 149 3.284247e-02 6.552935e-03 1 2 2 2 4.245725e-14 0.000000e+00
116 150 3.284247e-02 8.249656e-03 1 2 2 2 4.250266e-14 0.000000e+00
116 151 3.284247e-02 1.038570e-02 1 2 2 2 4.257324e-14 0.000000e+00
116 152 3.284247e-02 1.307482e-02 1 2 2 2 4.268176e-14 0.000000e+00
116 153 3.284247e-02 1.646023e-02 1 2 2 2 4.284601e-14 0.000000e+00
116 154 3.284247e-02 2.072220e-02 1 2 2 2 4.309381e-14 0.000000e+00
116 155 3.284247e-02 2.608770e-02 1 2 2 2 4.360002e-14 0.000000e+00
116 156 3.284247e-02 3.284247e-02 1 2 2 2 4.336857e-14 0.000000e+00
116 157 3.284247e-02 4.134622e-02 1 2 2 2 3.546088e-14 0.000000e+00
116 158 3.284247e-02 5.205181e-02 1 2 2 2 2.719464e-14 0.000000e+00
116 159 3.284247e-02 6.552935e-02 1 2 2 2 1.969881e-14 0.000000e+00
117 140 4.134622e-02 8.249656e-04 1 2 2 2 3.354916e-14 0.000000e+00
117 141 4.134622e-02 1.038570e-03 1 2 2 2 3.355025e-14 0.000000e+00
117 142 4.134622e-02 1.307482e-03 1 2 2 2 3.355139e-14 0.000000e+00
117 143 4.134622e-02 1.646023e-03 1 2 2 2 3.355356e-14 0.000000e+00
117 144 4.134622e-02 2.072220e-03 1 2 2 2 3.355671e-14 0.000000e+00
117 145 4.134622e-02 2.608770e-03 1 2 2 2 3.356171e-14 0.000000e+00
117 146 4.134622e-02 3.284247e-03 1 2 2 2 3.356966e-14 0.000000e+00
117 147 4.134622e-02 4.134622e-03 1 2 2 2 3.358229e-14 0.000000e+00
117 148 4.134622e-02 5.205181e-03 1 2 2 2 3.360223e-14 0.000000e+00
117 149 4.134622e-02 6.552935e-03 1 2 2 2 3.363371e-14 0.000000e+00
117 150 4.134622e-02 8.249656e-03 1 2 2 2 3.368332e-14 0.000000e+00
117 151 4.134622e-02 1.038570e-02 1 2 2 2 3.376120e-14 0.000000e+00
117 152 4.134622e-02 1.307482e-02 1 2 2 2 3.388274e-14 0.000000e+00
117 153 4.134622e-02 1.646023e-02 1 2 2 2 3.407053e-14 0.000000e+00
117 154 4.134622e-02 2.072220e-02 1 2 2 2 3.435581e-14 0.000000e+00
117 155 4.134622e-02 2.608770e-02 1 2 2 2 3.477847e-14 0.000000e+00
117 156 4.134622e-02 3.284247e-02 1 2 2 2 3.546088e-14 0.000000e+00
117 157 4.134622e-02 4.134622e-02 1 2 2 2 3.531060e-14 0.000000e+00
117 158 4.134622e-02 5.205181e-02 1 2 2 2 2.811329e-14 0.000000e+00
117 159 4.134622e-02 6.552935e-02 1 2 2 2 2.047618e-14 0.000000e+00
118 140 5.205181e-02 8.249656e-04 1 2 2 2 2.544313e-14 0.000000e+00
118 141 5.205181e-02 1.038570e-03 1 2 2 2 2.544408e-14 0.000000e+00
118 142 5.205181e-02 1.307482e-03 1 2 2 2 2.544504e-14 0.000000e+00
118 143 5.205181e-02 1.646023e-03 1 2 2 2 2.544692e-14 0.000000e+00
118 144 5.205181e-02 2.072220e-03 1 2 2 2 2.544969e-14 0.000000e+00
118 145 5.205181e-02 2.608770e-03 1 2 2 2 2.545411e-14 0.000000e+00
118 146 5.205181e-02 3.284247e-03 1 2 2 2 2.546113e-14 0.000000e+00
118 147 5.205181e-02 4.134622e-03 1 2 2 2 2.547222e-14 0.000000e+00
118 148 5.205181e-02 5.205181e-03 1 2 2 2 2.548977e-14 0.000000e+00
118 149 5.205181e-02 6.552935e-03 1 2 2 2 2.551755e-14 0.000000e+00
118 150 5.205181e-02 8.249656e-03 1 2 2 2 2.556145e-14 0.000000e+00
118 151 5.205181e-02 1.038570e-02 1 2 2 2 2.563073e-14 0.000000e+00
118 152 5.205181e-02 1.307482e-02 1 2 2 2 2.573974e-14 0.000000e+00
118 153 5.205181e-02 1.646023e-02 1 2 2 2 2.591055e-14 0.000000e+00
118 154 5.205181e-02 2.072220e-02 1 2 2 2 2.617622e-14 0.000000e+00
118 155 5.205181e-02 2.608770e-02 1 2 2 2 2.658396e-14 0.000000e+00
118 156 5.205181e-02 3.284247e-02 1 2 2 2 2.719464e-14 0.000000e+00
118 157 5.205181e-02 4.134622e-02 1 2 2 2 2.811329e-14 0.000000e+00
118 158 5.205181e-02 5.205181e-02 1 2 2 2 2.815662e-14 0.000000e+00
118 159 5.205181e-02 6.552935e-02 1 2 2 2 2.165095e-14 0.000000e+00
119 140 6.552935e-02 8.249656e-04 1 2 2 2 1.832685e-14 0.000000e+00
119 141 6.552935e-02 1.038570e-03 1 2 2 2 1.832762e-14 0.000000e+00
119 142 6.552935e-02 1.307482e-03 1 2 2 2 1.832830e-14 0.000000e+00
119 143 6.552935e-02 1.646023e-03 1 2 2 2 1.832971e-14 0.000000e+00
119 144 6.552935e-02 2.072220e-03 1 2 2 2 1.833172e-14 0.000000e+00
119 145 6.552935e-02 2.608770e-03 1 2 2 2 1.833492e-14 0.000000e+00
119 146 6.552935e-02 3.284247e-03 1 2 2 2 1.834001e-14 0.000000e+00
119 147 6.552935e-02 4.134622e-03 1 2 2 2 1.834807e-14 0.000000e+00
119 148 6.552935e-02 5.205181e-03 1 2 2 2 1.836086e-14 0.000000e+00
119 149 6.552935e-02 6.552935e-03 1 2 2 2 1.838112e-14 0.000000e+00
119 150 6.552935e-02 8.249656e-03 1 2 2 2 1.841323e-14 0.000000e+00
119 151 6.552935e-02 1.038570e-02 1 2 2 2 1.846415e-14 0.000000e+00
119 152 6.552935e-02 1.307482e-02 1 2 2 2 1.854486e-14 0.000000e+00
119 153 6.552935e-02 1.646023e-02 1 2 2 2 1.867280e-14 0.000000e+00
119 154 6.552935e-02 2.072220e-02 1 2 2 2 1.887543e-14 0.000000e+00
119 155 6.552935e-02 2.608770e-02 1 2 2 2 1.919570e-14 0.000000e+00
119 156 6.552935e-02 3.284247e-02 1 2 2 2 1.969881e-14 0.000000e+00
119 157 6.552935e-02 4.134622e-02 1 2 2 2 2.047618e-14 0.000000e+00
119 158 6.552935e-02 5.205181e-02 1 2 2 2 2.165095e-14 0.000000e+00
119 159 6.552935e-02 6.552935e-02 1 2 2 2 2.197396e-14 0.000000e+00
