# Please cite the following papers in research using this covariance:
# arXiv: 1601.05779, https://arxiv.org/abs/1601.05779
# arXiv: 1911.11947, https://arxiv.org/abs/1911.11947
# arXiv: 2004.04833, https://arxiv.org/abs/2004.04833
########################################################
0 60 8.249656e-04 8.249656e-04 0 0 0 3 1.953945e-13 3.699324e-13
0 61 8.249656e-04 1.038570e-03 0 0 0 3 1.701645e-13 3.244769e-13
0 62 8.249656e-04 1.307482e-03 0 0 0 3 1.412175e-13 2.804518e-13
0 63 8.249656e-04 1.646023e-03 0 0 0 3 1.167169e-13 2.386288e-13
0 64 8.249656e-04 2.072220e-03 0 0 0 3 9.674944e-14 1.999066e-13
0 65 8.249656e-04 2.608770e-03 0 0 0 3 8.078361e-14 1.649454e-13
0 66 8.249656e-04 3.284247e-03 0 0 0 3 6.812219e-14 1.341944e-13
0 67 8.249656e-04 4.134622e-03 0 0 0 3 5.805795e-14 1.080977e-13
0 68 8.249656e-04 5.205181e-03 0 0 0 3 4.995363e-14 8.628384e-14
0 69 8.249656e-04 6.552935e-03 0 0 0 3 4.328080e-14 6.875580e-14
0 70 8.249656e-04 8.249656e-03 0 0 0 3 3.763045e-14 5.487743e-14
0 71 8.249656e-04 1.038570e-02 0 0 0 3 3.270590e-14 4.377686e-14
0 72 8.249656e-04 1.307482e-02 0 0 0 3 2.830599e-14 3.537856e-14
0 73 8.249656e-04 1.646023e-02 0 0 0 3 2.430392e-14 2.843507e-14
0 74 8.249656e-04 2.072220e-02 0 0 0 3 2.062792e-14 2.295320e-14
0 75 8.249656e-04 2.608770e-02 0 0 0 3 1.724220e-14 1.849337e-14
0 76 8.249656e-04 3.284247e-02 0 0 0 3 1.413551e-14 1.457206e-14
0 77 8.249656e-04 4.134622e-02 0 0 0 3 1.131313e-14 1.144550e-14
0 78 8.249656e-04 5.205181e-02 0 0 0 3 8.789331e-15 8.729016e-15
0 79 8.249656e-04 6.552935e-02 0 0 0 3 6.584618e-15 6.481600e-15
1 60 1.038570e-03 8.249656e-04 0 0 0 3 1.701645e-13 3.244769e-13
1 61 1.038570e-03 1.038570e-03 0 0 0 3 1.695724e-13 2.852304e-13
1 62 1.038570e-03 1.307482e-03 0 0 0 3 1.459807e-13 2.471031e-13
1 63 1.038570e-03 1.646023e-03 0 0 0 3 1.196992e-13 2.107516e-13
1 64 1.038570e-03 2.072220e-03 0 0 0 3 9.842417e-14 1.769566e-13
1 65 1.038570e-03 2.608770e-03 0 0 0 3 8.166747e-14 1.463127e-13
1 66 1.038570e-03 3.284247e-03 0 0 0 3 6.856597e-14 1.192396e-13
1 67 1.038570e-03 4.134622e-03 0 0 0 3 5.827149e-14 9.615244e-14
1 68 1.038570e-03 5.205181e-03 0 0 0 3 5.005290e-14 7.678598e-14
1 69 1.038570e-03 6.552935e-03 0 0 0 3 4.332583e-14 6.116533e-14
1 70 1.038570e-03 8.249656e-03 0 0 0 3 3.765074e-14 4.876340e-14
1 71 1.038570e-03 1.038570e-02 0 0 0 3 3.271527e-14 3.884857e-14
1 72 1.038570e-03 1.307482e-02 0 0 0 3 2.831053e-14 3.134128e-14
1 73 1.038570e-03 1.646023e-02 0 0 0 3 2.430634e-14 2.515799e-14
1 74 1.038570e-03 2.072220e-02 0 0 0 3 2.062932e-14 2.029316e-14
1 75 1.038570e-03 2.608770e-02 0 0 0 3 1.724309e-14 1.634726e-14
1 76 1.038570e-03 3.284247e-02 0 0 0 3 1.413613e-14 1.288779e-14
1 77 1.038570e-03 4.134622e-02 0 0 0 3 1.131360e-14 1.013867e-14
1 78 1.038570e-03 5.205181e-02 0 0 0 3 8.789656e-15 7.746338e-15
1 79 1.038570e-03 6.552935e-02 0 0 0 3 6.584878e-15 5.768042e-15
2 60 1.307482e-03 8.249656e-04 0 0 0 3 1.412175e-13 2.804518e-13
2 61 1.307482e-03 1.038570e-03 0 0 0 3 1.459807e-13 2.471031e-13
2 62 1.307482e-03 1.307482e-03 0 0 0 3 1.466325e-13 2.146142e-13
2 63 1.307482e-03 1.646023e-03 0 0 0 3 1.248077e-13 1.835319e-13
2 64 1.307482e-03 2.072220e-03 0 0 0 3 1.013172e-13 1.545126e-13
2 65 1.307482e-03 2.608770e-03 0 0 0 3 8.316921e-14 1.280699e-13
2 66 1.307482e-03 3.284247e-03 0 0 0 3 6.930714e-14 1.045859e-13
2 67 1.307482e-03 4.134622e-03 0 0 0 3 5.862294e-14 8.445105e-14
2 68 1.307482e-03 5.205181e-03 0 0 0 3 5.021428e-14 6.749280e-14
2 69 1.307482e-03 6.552935e-03 0 0 0 3 4.339833e-14 5.375321e-14
2 70 1.307482e-03 8.249656e-03 0 0 0 3 3.768310e-14 4.280803e-14
2 71 1.307482e-03 1.038570e-02 0 0 0 3 3.272995e-14 3.406007e-14
2 72 1.307482e-03 1.307482e-02 0 0 0 3 2.831748e-14 2.742632e-14
2 73 1.307482e-03 1.646023e-02 0 0 0 3 2.430993e-14 2.198385e-14
2 74 1.307482e-03 2.072220e-02 0 0 0 3 2.063126e-14 1.771669e-14
2 75 1.307482e-03 2.608770e-02 0 0 0 3 1.724427e-14 1.426683e-14
2 76 1.307482e-03 3.284247e-02 0 0 0 3 1.413686e-14 1.125276e-14
2 77 1.307482e-03 4.134622e-02 0 0 0 3 1.131408e-14 8.866110e-15
2 78 1.307482e-03 5.205181e-02 0 0 0 3 8.789943e-15 6.786221e-15
2 79 1.307482e-03 6.552935e-02 0 0 0 3 6.585067e-15 5.067694e-15
3 60 1.646023e-03 8.249656e-04 0 0 0 3 1.167169e-13 2.386288e-13
3 61 1.646023e-03 1.038570e-03 0 0 0 3 1.196992e-13 2.107516e-13
3 62 1.646023e-03 1.307482e-03 0 0 0 3 1.248077e-13 1.835319e-13
3 63 1.646023e-03 1.646023e-03 0 0 0 3 1.265161e-13 1.574176e-13
3 64 1.646023e-03 2.072220e-03 0 0 0 3 1.065199e-13 1.329378e-13
3 65 1.646023e-03 2.608770e-03 0 0 0 3 8.583560e-14 1.105088e-13
3 66 1.646023e-03 3.284247e-03 0 0 0 3 7.058758e-14 9.046724e-14
3 67 1.646023e-03 4.134622e-03 0 0 0 3 5.921602e-14 7.318015e-14
3 68 1.646023e-03 5.205181e-03 0 0 0 3 5.048171e-14 5.854992e-14
3 69 1.646023e-03 6.552935e-03 0 0 0 3 4.351684e-14 4.663278e-14
3 70 1.646023e-03 8.249656e-03 0 0 0 3 3.773552e-14 3.710192e-14
3 71 1.646023e-03 1.038570e-02 0 0 0 3 3.275365e-14 2.948469e-14
3 72 1.646023e-03 1.307482e-02 0 0 0 3 2.832879e-14 2.369428e-14
3 73 1.646023e-03 1.646023e-02 0 0 0 3 2.431576e-14 1.896238e-14
3 74 1.646023e-03 2.072220e-02 0 0 0 3 2.063454e-14 1.526467e-14
3 75 1.646023e-03 2.608770e-02 0 0 0 3 1.724633e-14 1.228529e-14
3 76 1.646023e-03 3.284247e-02 0 0 0 3 1.413818e-14 9.692950e-15
3 77 1.646023e-03 4.134622e-02 0 0 0 3 1.131499e-14 7.647979e-15
3 78 1.646023e-03 5.205181e-02 0 0 0 3 8.790559e-15 5.863867e-15
3 79 1.646023e-03 6.552935e-02 0 0 0 3 6.585509e-15 4.391569e-15
4 60 2.072220e-03 8.249656e-04 0 0 0 3 9.674944e-14 1.999066e-13
4 61 2.072220e-03 1.038570e-03 0 0 0 3 9.842417e-14 1.769566e-13
4 62 2.072220e-03 1.307482e-03 0 0 0 3 1.013172e-13 1.545126e-13
4 63 2.072220e-03 1.646023e-03 0 0 0 3 1.065199e-13 1.329378e-13
4 64 2.072220e-03 2.072220e-03 0 0 0 3 1.090468e-13 1.126453e-13
4 65 2.072220e-03 2.608770e-03 0 0 0 3 9.089105e-14 9.395541e-14
4 66 2.072220e-03 3.284247e-03 0 0 0 3 7.292811e-14 7.715007e-14
4 67 2.072220e-03 4.134622e-03 0 0 0 3 6.025746e-14 6.255727e-14
4 68 2.072220e-03 5.205181e-03 0 0 0 3 5.093681e-14 5.012879e-14
4 69 2.072220e-03 6.552935e-03 0 0 0 3 4.371390e-14 3.993815e-14
4 70 2.072220e-03 8.249656e-03 0 0 0 3 3.782118e-14 3.175334e-14
4 71 2.072220e-03 1.038570e-02 0 0 0 3 3.279182e-14 2.520895e-14
4 72 2.072220e-03 1.307482e-02 0 0 0 3 2.834675e-14 2.021604e-14
4 73 2.072220e-03 1.646023e-02 0 0 0 3 2.432495e-14 1.615161e-14
4 74 2.072220e-03 2.072220e-02 0 0 0 3 2.063971e-14 1.298475e-14
4 75 2.072220e-03 2.608770e-02 0 0 0 3 1.724943e-14 1.044132e-14
4 76 2.072220e-03 3.284247e-02 0 0 0 3 1.414018e-14 8.238828e-15
4 77 2.072220e-03 4.134622e-02 0 0 0 3 1.131631e-14 6.508037e-15
4 78 2.072220e-03 5.205181e-02 0 0 0 3 8.791436e-15 4.997222e-15
4 79 2.072220e-03 6.552935e-02 0 0 0 3 6.586103e-15 3.752760e-15
5 60 2.608770e-03 8.249656e-04 0 0 0 3 8.078361e-14 1.649454e-13
5 61 2.608770e-03 1.038570e-03 0 0 0 3 8.166747e-14 1.463127e-13
5 62 2.608770e-03 1.307482e-03 0 0 0 3 8.316921e-14 1.280699e-13
5 63 2.608770e-03 1.646023e-03 0 0 0 3 8.583560e-14 1.105088e-13
5 64 2.608770e-03 2.072220e-03 0 0 0 3 9.089105e-14 9.395541e-14
5 65 2.608770e-03 2.608770e-03 0 0 0 3 9.397517e-14 7.865840e-14
5 66 2.608770e-03 3.284247e-03 0 0 0 3 7.763063e-14 6.483643e-14
5 67 2.608770e-03 4.134622e-03 0 0 0 3 6.221993e-14 5.274622e-14
5 68 2.608770e-03 5.205181e-03 0 0 0 3 5.174905e-14 4.235873e-14
5 69 2.608770e-03 6.552935e-03 0 0 0 3 4.405200e-14 3.377115e-14
5 70 2.608770e-03 8.249656e-03 0 0 0 3 3.796403e-14 2.684366e-14
5 71 2.608770e-03 1.038570e-02 0 0 0 3 3.285427e-14 2.129516e-14
5 72 2.608770e-03 1.307482e-02 0 0 0 3 2.837579e-14 1.704129e-14
5 73 2.608770e-03 1.646023e-02 0 0 0 3 2.433969e-14 1.359199e-14
5 74 2.608770e-03 2.072220e-02 0 0 0 3 2.064791e-14 1.091046e-14
5 75 2.608770e-03 2.608770e-02 0 0 0 3 1.725435e-14 8.762380e-15
5 76 2.608770e-03 3.284247e-02 0 0 0 3 1.414337e-14 6.912570e-15
5 77 2.608770e-03 4.134622e-02 0 0 0 3 1.131838e-14 5.464197e-15
5 78 2.608770e-03 5.205181e-02 0 0 0 3 8.792860e-15 4.200321e-15
5 79 2.608770e-03 6.552935e-02 0 0 0 3 6.587058e-15 3.161982e-15
6 60 3.284247e-03 8.249656e-04 0 0 0 3 6.812219e-14 1.341944e-13
6 61 3.284247e-03 1.038570e-03 0 0 0 3 6.856597e-14 1.192396e-13
6 62 3.284247e-03 1.307482e-03 0 0 0 3 6.930714e-14 1.045859e-13
6 63 3.284247e-03 1.646023e-03 0 0 0 3 7.058758e-14 9.046724e-14
6 64 3.284247e-03 2.072220e-03 0 0 0 3 7.292811e-14 7.715007e-14
6 65 3.284247e-03 2.608770e-03 0 0 0 3 7.763063e-14 6.483643e-14
6 66 3.284247e-03 3.284247e-03 0 0 0 3 8.101292e-14 5.368321e-14
6 67 3.284247e-03 4.134622e-03 0 0 0 3 6.641894e-14 4.385825e-14
6 68 3.284247e-03 5.205181e-03 0 0 0 3 5.332684e-14 3.532808e-14
6 69 3.284247e-03 6.552935e-03 0 0 0 3 4.466400e-14 2.820759e-14
6 70 3.284247e-03 8.249656e-03 0 0 0 3 3.821040e-14 2.243228e-14
6 71 3.284247e-03 1.038570e-02 0 0 0 3 3.295845e-14 1.778601e-14
6 72 3.284247e-03 1.307482e-02 0 0 0 3 2.842311e-14 1.420298e-14
6 73 3.284247e-03 1.646023e-02 0 0 0 3 2.436336e-14 1.131010e-14
6 74 3.284247e-03 2.072220e-02 0 0 0 3 2.066098e-14 9.064049e-15
6 75 3.284247e-03 2.608770e-02 0 0 0 3 1.726222e-14 7.266967e-15
6 76 3.284247e-03 3.284247e-02 0 0 0 3 1.414840e-14 5.729779e-15
6 77 3.284247e-03 4.134622e-02 0 0 0 3 1.132170e-14 4.529757e-15
6 78 3.284247e-03 5.205181e-02 0 0 0 3 8.795124e-15 3.484135e-15
6 79 3.284247e-03 6.552935e-02 0 0 0 3 6.588571e-15 2.628038e-15
7 60 4.134622e-03 8.249656e-04 0 0 0 3 5.805795e-14 1.080977e-13
7 61 4.134622e-03 1.038570e-03 0 0 0 3 5.827149e-14 9.615244e-14
7 62 4.134622e-03 1.307482e-03 0 0 0 3 5.862294e-14 8.445105e-14
7 63 4.134622e-03 1.646023e-03 0 0 0 3 5.921602e-14 7.318015e-14
7 64 4.134622e-03 2.072220e-03 0 0 0 3 6.025746e-14 6.255727e-14
7 65 4.134622e-03 2.608770e-03 0 0 0 3 6.221993e-14 5.274622e-14
7 66 4.134622e-03 3.284247e-03 0 0 0 3 6.641894e-14 4.385825e-14
7 67 4.134622e-03 4.134622e-03 0 0 0 3 6.986483e-14 3.599777e-14
7 68 4.134622e-03 5.205181e-03 0 0 0 3 5.693644e-14 2.912030e-14
7 69 4.134622e-03 6.552935e-03 0 0 0 3 4.588705e-14 2.332633e-14
7 70 4.134622e-03 8.249656e-03 0 0 0 3 3.866103e-14 1.858247e-14
7 71 4.134622e-03 1.038570e-02 0 0 0 3 3.313822e-14 1.472874e-14
7 72 4.134622e-03 1.307482e-02 0 0 0 3 2.850178e-14 1.173904e-14
7 73 4.134622e-03 1.646023e-02 0 0 0 3 2.440182e-14 9.336261e-15
7 74 4.134622e-03 2.072220e-02 0 0 0 3 2.068196e-14 7.470161e-15
7 75 4.134622e-03 2.608770e-02 0 0 0 3 1.727472e-14 5.975370e-15
7 76 4.134622e-03 3.284247e-02 0 0 0 3 1.415640e-14 4.707582e-15
7 77 4.134622e-03 4.134622e-02 0 0 0 3 1.132700e-14 3.719006e-15
7 78 4.134622e-03 5.205181e-02 0 0 0 3 8.798688e-15 2.860207e-15
7 79 4.134622e-03 6.552935e-02 0 0 0 3 6.590979e-15 2.159908e-15
8 60 5.205181e-03 8.249656e-04 0 0 0 3 4.995363e-14 8.628384e-14
8 61 5.205181e-03 1.038570e-03 0 0 0 3 5.005290e-14 7.678598e-14
8 62 5.205181e-03 1.307482e-03 0 0 0 3 5.021428e-14 6.749280e-14
8 63 5.205181e-03 1.646023e-03 0 0 0 3 5.048171e-14 5.854992e-14
8 64 5.205181e-03 2.072220e-03 0 0 0 3 5.093681e-14 5.012879e-14
8 65 5.205181e-03 2.608770e-03 0 0 0 3 5.174905e-14 4.235873e-14
8 66 5.205181e-03 3.284247e-03 0 0 0 3 5.332684e-14 3.532808e-14
8 67 5.205181e-03 4.134622e-03 0 0 0 3 5.693644e-14 2.912030e-14
8 68 5.205181e-03 5.205181e-03 0 0 0 3 6.025216e-14 2.368799e-14
8 69 5.205181e-03 6.552935e-03 0 0 0 3 4.888440e-14 1.908207e-14
8 70 5.205181e-03 8.249656e-03 0 0 0 3 3.958290e-14 1.525230e-14
8 71 5.205181e-03 1.038570e-02 0 0 0 3 3.346822e-14 1.208989e-14
8 72 5.205181e-03 1.307482e-02 0 0 0 3 2.863683e-14 9.622403e-15
8 73 5.205181e-03 1.646023e-02 0 0 0 3 2.446522e-14 7.646274e-15
8 74 5.205181e-03 2.072220e-02 0 0 0 3 2.071583e-14 6.107700e-15
8 75 5.205181e-03 2.608770e-02 0 0 0 3 1.729476e-14 4.871799e-15
8 76 5.205181e-03 3.284247e-02 0 0 0 3 1.416915e-14 3.835023e-15
8 77 5.205181e-03 4.134622e-02 0 0 0 3 1.133539e-14 3.025201e-15
8 78 5.205181e-03 5.205181e-02 0 0 0 3 8.804336e-15 2.324912e-15
8 79 5.205181e-03 6.552935e-02 0 0 0 3 6.594804e-15 1.756282e-15
9 60 6.552935e-03 8.249656e-04 0 0 0 3 4.328080e-14 6.875580e-14
9 61 6.552935e-03 1.038570e-03 0 0 0 3 4.332583e-14 6.116533e-14
9 62 6.552935e-03 1.307482e-03 0 0 0 3 4.339833e-14 5.375321e-14
9 63 6.552935e-03 1.646023e-03 0 0 0 3 4.351684e-14 4.663278e-14
9 64 6.552935e-03 2.072220e-03 0 0 0 3 4.371390e-14 3.993815e-14
9 65 6.552935e-03 2.608770e-03 0 0 0 3 4.405200e-14 3.377115e-14
9 66 6.552935e-03 3.284247e-03 0 0 0 3 4.466400e-14 2.820759e-14
9 67 6.552935e-03 4.134622e-03 0 0 0 3 4.588705e-14 2.332633e-14
9 68 6.552935e-03 5.205181e-03 0 0 0 3 4.888440e-14 1.908207e-14
9 69 6.552935e-03 6.552935e-03 0 0 0 3 5.192652e-14 1.547756e-14
9 70 6.552935e-03 8.249656e-03 0 0 0 3 4.199810e-14 1.243449e-14
9 71 6.552935e-03 1.038570e-02 0 0 0 3 3.415263e-14 9.876100e-15
9 72 6.552935e-03 1.307482e-02 0 0 0 3 2.888322e-14 7.864315e-15
9 73 6.552935e-03 1.646023e-02 0 0 0 3 2.457283e-14 6.246469e-15
9 74 6.552935e-03 2.072220e-02 0 0 0 3 2.077121e-14 4.978726e-15
9 75 6.552935e-03 2.608770e-02 0 0 0 3 1.732693e-14 3.959707e-15
9 76 6.552935e-03 3.284247e-02 0 0 0 3 1.418946e-14 3.114847e-15
9 77 6.552935e-03 4.134622e-02 0 0 0 3 1.134875e-14 2.451263e-15
9 78 6.552935e-03 5.205181e-02 0 0 0 3 8.813323e-15 1.881173e-15
9 79 6.552935e-03 6.552935e-02 0 0 0 3 6.600850e-15 1.420027e-15
10 60 8.249656e-03 8.249656e-04 0 0 0 3 3.763045e-14 5.487743e-14
10 61 8.249656e-03 1.038570e-03 0 0 0 3 3.765074e-14 4.876340e-14
10 62 8.249656e-03 1.307482e-03 0 0 0 3 3.768310e-14 4.280803e-14
10 63 8.249656e-03 1.646023e-03 0 0 0 3 3.773552e-14 3.710192e-14
10 64 8.249656e-03 2.072220e-03 0 0 0 3 3.782118e-14 3.175334e-14
10 65 8.249656e-03 2.608770e-03 0 0 0 3 3.796403e-14 2.684366e-14
10 66 8.249656e-03 3.284247e-03 0 0 0 3 3.821040e-14 2.243228e-14
10 67 8.249656e-03 4.134622e-03 0 0 0 3 3.866103e-14 1.858247e-14
10 68 8.249656e-03 5.205181e-03 0 0 0 3 3.958290e-14 1.525230e-14
10 69 8.249656e-03 6.552935e-03 0 0 0 3 4.199810e-14 1.243449e-14
10 70 8.249656e-03 8.249656e-03 0 0 0 3 4.467612e-14 1.005242e-14
10 71 8.249656e-03 1.038570e-02 0 0 0 3 3.605314e-14 8.033580e-15
10 72 8.249656e-03 1.307482e-02 0 0 0 3 2.939337e-14 6.423620e-15
10 73 8.249656e-03 1.646023e-02 0 0 0 3 2.476584e-14 5.101589e-15
10 74 8.249656e-03 2.072220e-02 0 0 0 3 2.086387e-14 4.053151e-15
10 75 8.249656e-03 2.608770e-02 0 0 0 3 1.737920e-14 3.216341e-15
10 76 8.249656e-03 3.284247e-02 0 0 0 3 1.422201e-14 2.528398e-15
10 77 8.249656e-03 4.134622e-02 0 0 0 3 1.137003e-14 1.983350e-15
10 78 8.249656e-03 5.205181e-02 0 0 0 3 8.827594e-15 1.519252e-15
10 79 8.249656e-03 6.552935e-02 0 0 0 3 6.610443e-15 1.144884e-15
11 60 1.038570e-02 8.249656e-04 0 0 0 3 3.270590e-14 4.377686e-14
11 61 1.038570e-02 1.038570e-03 0 0 0 3 3.271527e-14 3.884857e-14
11 62 1.038570e-02 1.307482e-03 0 0 0 3 3.272995e-14 3.406007e-14
11 63 1.038570e-02 1.646023e-03 0 0 0 3 3.275365e-14 2.948469e-14
11 64 1.038570e-02 2.072220e-03 0 0 0 3 3.279182e-14 2.520895e-14
11 65 1.038570e-02 2.608770e-03 0 0 0 3 3.285427e-14 2.129516e-14
11 66 1.038570e-02 3.284247e-03 0 0 0 3 3.295845e-14 1.778601e-14
11 67 1.038570e-02 4.134622e-03 0 0 0 3 3.313822e-14 1.472874e-14
11 68 1.038570e-02 5.205181e-03 0 0 0 3 3.346822e-14 1.208989e-14
11 69 1.038570e-02 6.552935e-03 0 0 0 3 3.415263e-14 9.876100e-15
11 70 1.038570e-02 8.249656e-03 0 0 0 3 3.605314e-14 8.033580e-15
11 71 1.038570e-02 1.038570e-02 0 0 0 3 3.832616e-14 6.483052e-15
11 72 1.038570e-02 1.307482e-02 0 0 0 3 3.086726e-14 5.223876e-15
11 73 1.038570e-02 1.646023e-02 0 0 0 3 2.515712e-14 4.152920e-15
11 74 1.038570e-02 2.072220e-02 0 0 0 3 2.102620e-14 3.289568e-15
11 75 1.038570e-02 2.608770e-02 0 0 0 3 1.746557e-14 2.607912e-15
11 76 1.038570e-02 3.284247e-02 0 0 0 3 1.427451e-14 2.047863e-15
11 77 1.038570e-02 4.134622e-02 0 0 0 3 1.140409e-14 1.600436e-15
11 78 1.038570e-02 5.205181e-02 0 0 0 3 8.850339e-15 1.223943e-15
11 79 1.038570e-02 6.552935e-02 0 0 0 3 6.625685e-15 9.206127e-16
12 60 1.307482e-02 8.249656e-04 0 0 0 3 2.830599e-14 3.537856e-14
12 61 1.307482e-02 1.038570e-03 0 0 0 3 2.831053e-14 3.134128e-14
12 62 1.307482e-02 1.307482e-03 0 0 0 3 2.831748e-14 2.742632e-14
12 63 1.307482e-02 1.646023e-03 0 0 0 3 2.832879e-14 2.369428e-14
12 64 1.307482e-02 2.072220e-03 0 0 0 3 2.834675e-14 2.021604e-14
12 65 1.307482e-02 2.608770e-03 0 0 0 3 2.837579e-14 1.704129e-14
12 66 1.307482e-02 3.284247e-03 0 0 0 3 2.842311e-14 1.420298e-14
12 67 1.307482e-02 4.134622e-03 0 0 0 3 2.850178e-14 1.173904e-14
12 68 1.307482e-02 5.205181e-03 0 0 0 3 2.863683e-14 9.622403e-15
12 69 1.307482e-02 6.552935e-03 0 0 0 3 2.888322e-14 7.864315e-15
12 70 1.307482e-02 8.249656e-03 0 0 0 3 2.939337e-14 6.423620e-15
12 71 1.307482e-02 1.038570e-02 0 0 0 3 3.086726e-14 5.223876e-15
12 72 1.307482e-02 1.307482e-02 0 0 0 3 3.273586e-14 4.243407e-15
12 73 1.307482e-02 1.646023e-02 0 0 0 3 2.629797e-14 3.389622e-15
12 74 1.307482e-02 2.072220e-02 0 0 0 3 2.134311e-14 2.690356e-15
12 75 1.307482e-02 2.608770e-02 0 0 0 3 1.761339e-14 2.134273e-15
12 76 1.307482e-02 3.284247e-02 0 0 0 3 1.436034e-14 1.671246e-15
12 77 1.307482e-02 4.134622e-02 0 0 0 3 1.145886e-14 1.300727e-15
12 78 1.307482e-02 5.205181e-02 0 0 0 3 8.886653e-15 9.935877e-16
12 79 1.307482e-02 6.552935e-02 0 0 0 3 6.649897e-15 7.460033e-16
13 60 1.646023e-02 8.249656e-04 0 0 0 3 2.430392e-14 2.843507e-14
13 61 1.646023e-02 1.038570e-03 0 0 0 3 2.430634e-14 2.515799e-14
13 62 1.646023e-02 1.307482e-03 0 0 0 3 2.430993e-14 2.198385e-14
13 63 1.646023e-02 1.646023e-03 0 0 0 3 2.431576e-14 1.896238e-14
13 64 1.646023e-02 2.072220e-03 0 0 0 3 2.432495e-14 1.615161e-14
13 65 1.646023e-02 2.608770e-03 0 0 0 3 2.433969e-14 1.359199e-14
13 66 1.646023e-02 3.284247e-03 0 0 0 3 2.436336e-14 1.131010e-14
13 67 1.646023e-02 4.134622e-03 0 0 0 3 2.440182e-14 9.336261e-15
13 68 1.646023e-02 5.205181e-03 0 0 0 3 2.446522e-14 7.646274e-15
13 69 1.646023e-02 6.552935e-03 0 0 0 3 2.457283e-14 6.246469e-15
13 70 1.646023e-02 8.249656e-03 0 0 0 3 2.476584e-14 5.101589e-15
13 71 1.646023e-02 1.038570e-02 0 0 0 3 2.515712e-14 4.152920e-15
13 72 1.646023e-02 1.307482e-02 0 0 0 3 2.629797e-14 3.389622e-15
13 73 1.646023e-02 1.646023e-02 0 0 0 3 2.779407e-14 2.732703e-15
13 74 1.646023e-02 2.072220e-02 0 0 0 3 2.223939e-14 2.189682e-15
13 75 1.646023e-02 2.608770e-02 0 0 0 3 1.788936e-14 1.741226e-15
13 76 1.646023e-02 3.284247e-02 0 0 0 3 1.450447e-14 1.356962e-15
13 77 1.646023e-02 4.134622e-02 0 0 0 3 1.154785e-14 1.052304e-15
13 78 1.646023e-02 5.205181e-02 0 0 0 3 8.944959e-15 8.035495e-16
13 79 1.646023e-02 6.552935e-02 0 0 0 3 6.688472e-15 6.027511e-16
14 60 2.072220e-02 8.249656e-04 0 0 0 3 2.062792e-14 2.295320e-14
14 61 2.072220e-02 1.038570e-03 0 0 0 3 2.062932e-14 2.029316e-14
14 62 2.072220e-02 1.307482e-03 0 0 0 3 2.063126e-14 1.771669e-14
14 63 2.072220e-02 1.646023e-03 0 0 0 3 2.063454e-14 1.526467e-14
14 64 2.072220e-02 2.072220e-03 0 0 0 3 2.063971e-14 1.298475e-14
14 65 2.072220e-02 2.608770e-03 0 0 0 3 2.064791e-14 1.091046e-14
14 66 2.072220e-02 3.284247e-03 0 0 0 3 2.066098e-14 9.064049e-15
14 67 2.072220e-02 4.134622e-03 0 0 0 3 2.068196e-14 7.470161e-15
14 68 2.072220e-02 5.205181e-03 0 0 0 3 2.071583e-14 6.107700e-15
14 69 2.072220e-02 6.552935e-03 0 0 0 3 2.077121e-14 4.978726e-15
14 70 2.072220e-02 8.249656e-03 0 0 0 3 2.086387e-14 4.053151e-15
14 71 2.072220e-02 1.038570e-02 0 0 0 3 2.102620e-14 3.289568e-15
14 72 2.072220e-02 1.307482e-02 0 0 0 3 2.134311e-14 2.690356e-15
14 73 2.072220e-02 1.646023e-02 0 0 0 3 2.223939e-14 2.189682e-15
14 74 2.072220e-02 2.072220e-02 0 0 0 3 2.341571e-14 1.775864e-15
14 75 2.072220e-02 2.608770e-02 0 0 0 3 1.861773e-14 1.419267e-15
14 76 2.072220e-02 3.284247e-02 0 0 0 3 1.476297e-14 1.103811e-15
14 77 2.072220e-02 4.134622e-02 0 0 0 3 1.169541e-14 8.554732e-16
14 78 2.072220e-02 5.205181e-02 0 0 0 3 9.039347e-15 6.531344e-16
14 79 2.072220e-02 6.552935e-02 0 0 0 3 6.750146e-15 4.891609e-16
15 60 2.608770e-02 8.249656e-04 0 0 0 3 1.724220e-14 1.849337e-14
15 61 2.608770e-02 1.038570e-03 0 0 0 3 1.724309e-14 1.634726e-14
15 62 2.608770e-02 1.307482e-03 0 0 0 3 1.724427e-14 1.426683e-14
15 63 2.608770e-02 1.646023e-03 0 0 0 3 1.724633e-14 1.228529e-14
15 64 2.608770e-02 2.072220e-03 0 0 0 3 1.724943e-14 1.044132e-14
15 65 2.608770e-02 2.608770e-03 0 0 0 3 1.725435e-14 8.762380e-15
15 66 2.608770e-02 3.284247e-03 0 0 0 3 1.726222e-14 7.266967e-15
15 67 2.608770e-02 4.134622e-03 0 0 0 3 1.727472e-14 5.975370e-15
15 68 2.608770e-02 5.205181e-03 0 0 0 3 1.729476e-14 4.871799e-15
15 69 2.608770e-02 6.552935e-03 0 0 0 3 1.732693e-14 3.959707e-15
15 70 2.608770e-02 8.249656e-03 0 0 0 3 1.737920e-14 3.216341e-15
15 71 2.608770e-02 1.038570e-02 0 0 0 3 1.746557e-14 2.607912e-15
15 72 2.608770e-02 1.307482e-02 0 0 0 3 1.761339e-14 2.134273e-15
15 73 2.608770e-02 1.646023e-02 0 0 0 3 1.788936e-14 1.741226e-15
15 74 2.608770e-02 2.072220e-02 0 0 0 3 1.861773e-14 1.419267e-15
15 75 2.608770e-02 2.608770e-02 0 0 0 3 1.953753e-14 1.142540e-15
15 76 2.608770e-02 3.284247e-02 0 0 0 3 1.538546e-14 8.951539e-16
15 77 2.608770e-02 4.134622e-02 0 0 0 3 1.195238e-14 6.972866e-16
15 78 2.608770e-02 5.205181e-02 0 0 0 3 9.194572e-15 5.316814e-16
15 79 2.608770e-02 6.552935e-02 0 0 0 3 6.849507e-15 3.964993e-16
16 60 3.284247e-02 8.249656e-04 0 0 0 3 1.413551e-14 1.457206e-14
16 61 3.284247e-02 1.038570e-03 0 0 0 3 1.413613e-14 1.288779e-14
16 62 3.284247e-02 1.307482e-03 0 0 0 3 1.413686e-14 1.125276e-14
16 63 3.284247e-02 1.646023e-03 0 0 0 3 1.413818e-14 9.692950e-15
16 64 3.284247e-02 2.072220e-03 0 0 0 3 1.414018e-14 8.238828e-15
16 65 3.284247e-02 2.608770e-03 0 0 0 3 1.414337e-14 6.912570e-15
16 66 3.284247e-02 3.284247e-03 0 0 0 3 1.414840e-14 5.729779e-15
16 67 3.284247e-02 4.134622e-03 0 0 0 3 1.415640e-14 4.707582e-15
16 68 3.284247e-02 5.205181e-03 0 0 0 3 1.416915e-14 3.835023e-15
16 69 3.284247e-02 6.552935e-03 0 0 0 3 1.418946e-14 3.114847e-15
16 70 3.284247e-02 8.249656e-03 0 0 0 3 1.422201e-14 2.528398e-15
16 71 3.284247e-02 1.038570e-02 0 0 0 3 1.427451e-14 2.047863e-15
16 72 3.284247e-02 1.307482e-02 0 0 0 3 1.436034e-14 1.671246e-15
16 73 3.284247e-02 1.646023e-02 0 0 0 3 1.450447e-14 1.356962e-15
16 74 3.284247e-02 2.072220e-02 0 0 0 3 1.476297e-14 1.103811e-15
16 75 3.284247e-02 2.608770e-02 0 0 0 3 1.538546e-14 8.951539e-16
16 76 3.284247e-02 3.284247e-02 0 0 0 3 1.611482e-14 7.119282e-16
16 77 3.284247e-02 4.134622e-02 0 0 0 3 1.251651e-14 5.601565e-16
16 78 3.284247e-02 5.205181e-02 0 0 0 3 9.459394e-15 4.265894e-16
16 79 3.284247e-02 6.552935e-02 0 0 0 3 7.011922e-15 3.165681e-16
17 60 4.134622e-02 8.249656e-04 0 0 0 3 1.131313e-14 1.144550e-14
17 61 4.134622e-02 1.038570e-03 0 0 0 3 1.131360e-14 1.013867e-14
17 62 4.134622e-02 1.307482e-03 0 0 0 3 1.131408e-14 8.866110e-15
17 63 4.134622e-02 1.646023e-03 0 0 0 3 1.131499e-14 7.647979e-15
17 64 4.134622e-02 2.072220e-03 0 0 0 3 1.131631e-14 6.508037e-15
17 65 4.134622e-02 2.608770e-03 0 0 0 3 1.131838e-14 5.464197e-15
17 66 4.134622e-02 3.284247e-03 0 0 0 3 1.132170e-14 4.529757e-15
17 67 4.134622e-02 4.134622e-03 0 0 0 3 1.132700e-14 3.719006e-15
17 68 4.134622e-02 5.205181e-03 0 0 0 3 1.133539e-14 3.025201e-15
17 69 4.134622e-02 6.552935e-03 0 0 0 3 1.134875e-14 2.451263e-15
17 70 4.134622e-02 8.249656e-03 0 0 0 3 1.137003e-14 1.983350e-15
17 71 4.134622e-02 1.038570e-02 0 0 0 3 1.140409e-14 1.600436e-15
17 72 4.134622e-02 1.307482e-02 0 0 0 3 1.145886e-14 1.300727e-15
17 73 4.134622e-02 1.646023e-02 0 0 0 3 1.154785e-14 1.052304e-15
17 74 4.134622e-02 2.072220e-02 0 0 0 3 1.169541e-14 8.554732e-16
17 75 4.134622e-02 2.608770e-02 0 0 0 3 1.195238e-14 6.972866e-16
17 76 4.134622e-02 3.284247e-02 0 0 0 3 1.251651e-14 5.601565e-16
17 77 4.134622e-02 4.134622e-02 0 0 0 3 1.311768e-14 4.451139e-16
17 78 4.134622e-02 5.205181e-02 0 0 0 3 9.997238e-15 3.404738e-16
17 79 4.134622e-02 6.552935e-02 0 0 0 3 7.286016e-15 2.533631e-16
18 60 5.205181e-02 8.249656e-04 0 0 0 3 8.789331e-15 8.729016e-15
18 61 5.205181e-02 1.038570e-03 0 0 0 3 8.789656e-15 7.746338e-15
18 62 5.205181e-02 1.307482e-03 0 0 0 3 8.789943e-15 6.786221e-15
18 63 5.205181e-02 1.646023e-03 0 0 0 3 8.790559e-15 5.863867e-15
18 64 5.205181e-02 2.072220e-03 0 0 0 3 8.791436e-15 4.997222e-15
18 65 5.205181e-02 2.608770e-03 0 0 0 3 8.792860e-15 4.200321e-15
18 66 5.205181e-02 3.284247e-03 0 0 0 3 8.795124e-15 3.484135e-15
18 67 5.205181e-02 4.134622e-03 0 0 0 3 8.798688e-15 2.860207e-15
18 68 5.205181e-02 5.205181e-03 0 0 0 3 8.804336e-15 2.324912e-15
18 69 5.205181e-02 6.552935e-03 0 0 0 3 8.813323e-15 1.881173e-15
18 70 5.205181e-02 8.249656e-03 0 0 0 3 8.827594e-15 1.519252e-15
18 71 5.205181e-02 1.038570e-02 0 0 0 3 8.850339e-15 1.223943e-15
18 72 5.205181e-02 1.307482e-02 0 0 0 3 8.886653e-15 9.935877e-16
18 73 5.205181e-02 1.646023e-02 0 0 0 3 8.944959e-15 8.035495e-16
18 74 5.205181e-02 2.072220e-02 0 0 0 3 9.039347e-15 6.531344e-16
18 75 5.205181e-02 2.608770e-02 0 0 0 3 9.194572e-15 5.316814e-16
18 76 5.205181e-02 3.284247e-02 0 0 0 3 9.459394e-15 4.265894e-16
18 77 5.205181e-02 4.134622e-02 0 0 0 3 9.997238e-15 3.404738e-16
18 78 5.205181e-02 5.205181e-02 0 0 0 3 1.052084e-14 2.633881e-16
18 79 5.205181e-02 6.552935e-02 0 0 0 3 7.814720e-15 1.986088e-16
19 60 6.552935e-02 8.249656e-04 0 0 0 3 6.584618e-15 6.481600e-15
19 61 6.552935e-02 1.038570e-03 0 0 0 3 6.584878e-15 5.768042e-15
19 62 6.552935e-02 1.307482e-03 0 0 0 3 6.585067e-15 5.067694e-15
19 63 6.552935e-02 1.646023e-03 0 0 0 3 6.585509e-15 4.391569e-15
19 64 6.552935e-02 2.072220e-03 0 0 0 3 6.586103e-15 3.752760e-15
19 65 6.552935e-02 2.608770e-03 0 0 0 3 6.587058e-15 3.161982e-15
19 66 6.552935e-02 3.284247e-03 0 0 0 3 6.588571e-15 2.628038e-15
19 67 6.552935e-02 4.134622e-03 0 0 0 3 6.590979e-15 2.159908e-15
19 68 6.552935e-02 5.205181e-03 0 0 0 3 6.594804e-15 1.756282e-15
19 69 6.552935e-02 6.552935e-03 0 0 0 3 6.600850e-15 1.420027e-15
19 70 6.552935e-02 8.249656e-03 0 0 0 3 6.610443e-15 1.144884e-15
19 71 6.552935e-02 1.038570e-02 0 0 0 3 6.625685e-15 9.206127e-16
19 72 6.552935e-02 1.307482e-02 0 0 0 3 6.649897e-15 7.460033e-16
19 73 6.552935e-02 1.646023e-02 0 0 0 3 6.688472e-15 6.027511e-16
19 74 6.552935e-02 2.072220e-02 0 0 0 3 6.750146e-15 4.891609e-16
19 75 6.552935e-02 2.608770e-02 0 0 0 3 6.849507e-15 3.964993e-16
19 76 6.552935e-02 3.284247e-02 0 0 0 3 7.011922e-15 3.165681e-16
19 77 6.552935e-02 4.134622e-02 0 0 0 3 7.286016e-15 2.533631e-16
19 78 6.552935e-02 5.205181e-02 0 0 0 3 7.814720e-15 1.986088e-16
19 79 6.552935e-02 6.552935e-02 0 0 0 3 8.299125e-15 1.523500e-16
