# Please cite the following papers in research using this covariance:
# arXiv: 1601.05779, https://arxiv.org/abs/1601.05779
# arXiv: 1911.11947, https://arxiv.org/abs/1911.11947
# arXiv: 2004.04833, https://arxiv.org/abs/2004.04833
########################################################
40 100 8.249656e-04 8.249656e-04 0 2 1 2 1.030110e-13 0.000000e+00
40 101 8.249656e-04 1.038570e-03 0 2 1 2 9.503565e-14 0.000000e+00
40 102 8.249656e-04 1.307482e-03 0 2 1 2 8.557818e-14 0.000000e+00
40 103 8.249656e-04 1.646023e-03 0 2 1 2 7.705936e-14 0.000000e+00
40 104 8.249656e-04 2.072220e-03 0 2 1 2 6.966388e-14 0.000000e+00
40 105 8.249656e-04 2.608770e-03 0 2 1 2 6.335321e-14 0.000000e+00
40 106 8.249656e-04 3.284247e-03 0 2 1 2 5.799560e-14 0.000000e+00
40 107 8.249656e-04 4.134622e-03 0 2 1 2 5.341418e-14 0.000000e+00
40 108 8.249656e-04 5.205181e-03 0 2 1 2 4.941634e-14 0.000000e+00
40 109 8.249656e-04 6.552935e-03 0 2 1 2 4.581377e-14 0.000000e+00
40 110 8.249656e-04 8.249656e-03 0 2 1 2 4.243625e-14 0.000000e+00
40 111 8.249656e-04 1.038570e-02 0 2 1 2 3.914016e-14 0.000000e+00
40 112 8.249656e-04 1.307482e-02 0 2 1 2 3.581358e-14 0.000000e+00
40 113 8.249656e-04 1.646023e-02 0 2 1 2 3.237998e-14 0.000000e+00
40 114 8.249656e-04 2.072220e-02 0 2 1 2 2.880094e-14 0.000000e+00
40 115 8.249656e-04 2.608770e-02 0 2 1 2 2.507944e-14 0.000000e+00
40 116 8.249656e-04 3.284247e-02 0 2 1 2 2.126405e-14 0.000000e+00
40 117 8.249656e-04 4.134622e-02 0 2 1 2 1.744792e-14 0.000000e+00
40 118 8.249656e-04 5.205181e-02 0 2 1 2 1.376247e-14 0.000000e+00
40 119 8.249656e-04 6.552935e-02 0 2 1 2 1.035346e-14 0.000000e+00
41 100 1.038570e-03 8.249656e-04 0 2 1 2 9.503565e-14 0.000000e+00
41 101 1.038570e-03 1.038570e-03 0 2 1 2 9.426843e-14 0.000000e+00
41 102 1.038570e-03 1.307482e-03 0 2 1 2 8.665625e-14 0.000000e+00
41 103 1.038570e-03 1.646023e-03 0 2 1 2 7.782097e-14 0.000000e+00
41 104 1.038570e-03 2.072220e-03 0 2 1 2 7.012617e-14 0.000000e+00
41 105 1.038570e-03 2.608770e-03 0 2 1 2 6.361127e-14 0.000000e+00
41 106 1.038570e-03 3.284247e-03 0 2 1 2 5.812943e-14 0.000000e+00
41 107 1.038570e-03 4.134622e-03 0 2 1 2 5.347828e-14 0.000000e+00
41 108 1.038570e-03 5.205181e-03 0 2 1 2 4.944402e-14 0.000000e+00
41 109 1.038570e-03 6.552935e-03 0 2 1 2 4.582387e-14 0.000000e+00
41 110 1.038570e-03 8.249656e-03 0 2 1 2 4.243869e-14 0.000000e+00
41 111 1.038570e-03 1.038570e-02 0 2 1 2 3.913978e-14 0.000000e+00
41 112 1.038570e-03 1.307482e-02 0 2 1 2 3.581254e-14 0.000000e+00
41 113 1.038570e-03 1.646023e-02 0 2 1 2 3.237911e-14 0.000000e+00
41 114 1.038570e-03 2.072220e-02 0 2 1 2 2.880046e-14 0.000000e+00
41 115 1.038570e-03 2.608770e-02 0 2 1 2 2.507933e-14 0.000000e+00
41 116 1.038570e-03 3.284247e-02 0 2 1 2 2.126420e-14 0.000000e+00
41 117 1.038570e-03 4.134622e-02 0 2 1 2 1.744823e-14 0.000000e+00
41 118 1.038570e-03 5.205181e-02 0 2 1 2 1.376282e-14 0.000000e+00
41 119 1.038570e-03 6.552935e-02 0 2 1 2 1.035380e-14 0.000000e+00
42 100 1.307482e-03 8.249656e-04 0 2 1 2 8.557818e-14 0.000000e+00
42 101 1.307482e-03 1.038570e-03 0 2 1 2 8.665625e-14 0.000000e+00
42 102 1.307482e-03 1.307482e-03 0 2 1 2 8.625295e-14 0.000000e+00
42 103 1.307482e-03 1.646023e-03 0 2 1 2 7.905525e-14 0.000000e+00
42 104 1.307482e-03 2.072220e-03 0 2 1 2 7.090395e-14 0.000000e+00
42 105 1.307482e-03 2.608770e-03 0 2 1 2 6.404332e-14 0.000000e+00
42 106 1.307482e-03 3.284247e-03 0 2 1 2 5.835118e-14 0.000000e+00
42 107 1.307482e-03 4.134622e-03 0 2 1 2 5.358334e-14 0.000000e+00
42 108 1.307482e-03 5.205181e-03 0 2 1 2 4.948889e-14 0.000000e+00
42 109 1.307482e-03 6.552935e-03 0 2 1 2 4.583997e-14 0.000000e+00
42 110 1.307482e-03 8.249656e-03 0 2 1 2 4.244234e-14 0.000000e+00
42 111 1.307482e-03 1.038570e-02 0 2 1 2 3.913886e-14 0.000000e+00
42 112 1.307482e-03 1.307482e-02 0 2 1 2 3.581053e-14 0.000000e+00
42 113 1.307482e-03 1.646023e-02 0 2 1 2 3.237737e-14 0.000000e+00
42 114 1.307482e-03 2.072220e-02 0 2 1 2 2.879932e-14 0.000000e+00
42 115 1.307482e-03 2.608770e-02 0 2 1 2 2.507879e-14 0.000000e+00
42 116 1.307482e-03 3.284247e-02 0 2 1 2 2.126409e-14 0.000000e+00
42 117 1.307482e-03 4.134622e-02 0 2 1 2 1.744837e-14 0.000000e+00
42 118 1.307482e-03 5.205181e-02 0 2 1 2 1.376304e-14 0.000000e+00
42 119 1.307482e-03 6.552935e-02 0 2 1 2 1.035401e-14 0.000000e+00
43 100 1.646023e-03 8.249656e-04 0 2 1 2 7.705936e-14 0.000000e+00
43 101 1.646023e-03 1.038570e-03 0 2 1 2 7.782097e-14 0.000000e+00
43 102 1.646023e-03 1.307482e-03 0 2 1 2 7.905525e-14 0.000000e+00
43 103 1.646023e-03 1.646023e-03 0 2 1 2 7.898249e-14 0.000000e+00
43 104 1.646023e-03 2.072220e-03 0 2 1 2 7.222901e-14 0.000000e+00
43 105 1.646023e-03 2.608770e-03 0 2 1 2 6.479124e-14 0.000000e+00
43 106 1.646023e-03 3.284247e-03 0 2 1 2 5.872991e-14 0.000000e+00
43 107 1.646023e-03 4.134622e-03 0 2 1 2 5.376037e-14 0.000000e+00
43 108 1.646023e-03 5.205181e-03 0 2 1 2 4.956384e-14 0.000000e+00
43 109 1.646023e-03 6.552935e-03 0 2 1 2 4.586691e-14 0.000000e+00
43 110 1.646023e-03 8.249656e-03 0 2 1 2 4.244873e-14 0.000000e+00
43 111 1.646023e-03 1.038570e-02 0 2 1 2 3.913773e-14 0.000000e+00
43 112 1.646023e-03 1.307482e-02 0 2 1 2 3.580763e-14 0.000000e+00
43 113 1.646023e-03 1.646023e-02 0 2 1 2 3.237484e-14 0.000000e+00
43 114 1.646023e-03 2.072220e-02 0 2 1 2 2.879776e-14 0.000000e+00
43 115 1.646023e-03 2.608770e-02 0 2 1 2 2.507819e-14 0.000000e+00
43 116 1.646023e-03 3.284247e-02 0 2 1 2 2.126414e-14 0.000000e+00
43 117 1.646023e-03 4.134622e-02 0 2 1 2 1.744881e-14 0.000000e+00
43 118 1.646023e-03 5.205181e-02 0 2 1 2 1.376361e-14 0.000000e+00
43 119 1.646023e-03 6.552935e-02 0 2 1 2 1.035454e-14 0.000000e+00
44 100 2.072220e-03 8.249656e-04 0 2 1 2 6.966388e-14 0.000000e+00
44 101 2.072220e-03 1.038570e-03 0 2 1 2 7.012617e-14 0.000000e+00
44 102 2.072220e-03 1.307482e-03 0 2 1 2 7.090395e-14 0.000000e+00
44 103 2.072220e-03 1.646023e-03 0 2 1 2 7.222901e-14 0.000000e+00
44 104 2.072220e-03 2.072220e-03 0 2 1 2 7.243162e-14 0.000000e+00
44 105 2.072220e-03 2.608770e-03 0 2 1 2 6.613410e-14 0.000000e+00
44 106 2.072220e-03 3.284247e-03 0 2 1 2 5.940617e-14 0.000000e+00
44 107 2.072220e-03 4.134622e-03 0 2 1 2 5.406917e-14 0.000000e+00
44 108 2.072220e-03 5.205181e-03 0 2 1 2 4.969219e-14 0.000000e+00
44 109 2.072220e-03 6.552935e-03 0 2 1 2 4.591256e-14 0.000000e+00
44 110 2.072220e-03 8.249656e-03 0 2 1 2 4.245962e-14 0.000000e+00
44 111 2.072220e-03 1.038570e-02 0 2 1 2 3.913605e-14 0.000000e+00
44 112 2.072220e-03 1.307482e-02 0 2 1 2 3.580292e-14 0.000000e+00
44 113 2.072220e-03 1.646023e-02 0 2 1 2 3.237069e-14 0.000000e+00
44 114 2.072220e-03 2.072220e-02 0 2 1 2 2.879515e-14 0.000000e+00
44 115 2.072220e-03 2.608770e-02 0 2 1 2 2.507706e-14 0.000000e+00
44 116 2.072220e-03 3.284247e-02 0 2 1 2 2.126407e-14 0.000000e+00
44 117 2.072220e-03 4.134622e-02 0 2 1 2 1.744935e-14 0.000000e+00
44 118 2.072220e-03 5.205181e-02 0 2 1 2 1.376436e-14 0.000000e+00
44 119 2.072220e-03 6.552935e-02 0 2 1 2 1.035524e-14 0.000000e+00
45 100 2.608770e-03 8.249656e-04 0 2 1 2 6.335321e-14 0.000000e+00
45 101 2.608770e-03 1.038570e-03 0 2 1 2 6.361127e-14 0.000000e+00
45 102 2.608770e-03 1.307482e-03 0 2 1 2 6.404332e-14 0.000000e+00
45 103 2.608770e-03 1.646023e-03 0 2 1 2 6.479124e-14 0.000000e+00
45 104 2.608770e-03 2.072220e-03 0 2 1 2 6.613410e-14 0.000000e+00
45 105 2.608770e-03 2.608770e-03 0 2 1 2 6.654171e-14 0.000000e+00
45 106 2.608770e-03 3.284247e-03 0 2 1 2 6.069502e-14 0.000000e+00
45 107 2.608770e-03 4.134622e-03 0 2 1 2 5.464205e-14 0.000000e+00
45 108 2.608770e-03 5.205181e-03 0 2 1 2 4.992311e-14 0.000000e+00
45 109 2.608770e-03 6.552935e-03 0 2 1 2 4.599347e-14 0.000000e+00
45 110 2.608770e-03 8.249656e-03 0 2 1 2 4.247939e-14 0.000000e+00
45 111 2.608770e-03 1.038570e-02 0 2 1 2 3.913408e-14 0.000000e+00
45 112 2.608770e-03 1.307482e-02 0 2 1 2 3.579564e-14 0.000000e+00
45 113 2.608770e-03 1.646023e-02 0 2 1 2 3.236416e-14 0.000000e+00
45 114 2.608770e-03 2.072220e-02 0 2 1 2 2.879101e-14 0.000000e+00
45 115 2.608770e-03 2.608770e-02 0 2 1 2 2.507527e-14 0.000000e+00
45 116 2.608770e-03 3.284247e-02 0 2 1 2 2.126397e-14 0.000000e+00
45 117 2.608770e-03 4.134622e-02 0 2 1 2 1.745021e-14 0.000000e+00
45 118 2.608770e-03 5.205181e-02 0 2 1 2 1.376558e-14 0.000000e+00
45 119 2.608770e-03 6.552935e-02 0 2 1 2 1.035636e-14 0.000000e+00
46 100 3.284247e-03 8.249656e-04 0 2 1 2 5.799560e-14 0.000000e+00
46 101 3.284247e-03 1.038570e-03 0 2 1 2 5.812943e-14 0.000000e+00
46 102 3.284247e-03 1.307482e-03 0 2 1 2 5.835118e-14 0.000000e+00
46 103 3.284247e-03 1.646023e-03 0 2 1 2 5.872991e-14 0.000000e+00
46 104 3.284247e-03 2.072220e-03 0 2 1 2 5.940617e-14 0.000000e+00
46 105 3.284247e-03 2.608770e-03 0 2 1 2 6.069502e-14 0.000000e+00
46 106 3.284247e-03 3.284247e-03 0 2 1 2 6.122826e-14 0.000000e+00
46 107 3.284247e-03 4.134622e-03 0 2 1 2 5.581325e-14 0.000000e+00
46 108 3.284247e-03 5.205181e-03 0 2 1 2 5.037324e-14 0.000000e+00
46 109 3.284247e-03 6.552935e-03 0 2 1 2 4.614635e-14 0.000000e+00
46 110 3.284247e-03 8.249656e-03 0 2 1 2 4.251765e-14 0.000000e+00
46 111 3.284247e-03 1.038570e-02 0 2 1 2 3.913278e-14 0.000000e+00
46 112 3.284247e-03 1.307482e-02 0 2 1 2 3.578451e-14 0.000000e+00
46 113 3.284247e-03 1.646023e-02 0 2 1 2 3.235387e-14 0.000000e+00
46 114 3.284247e-03 2.072220e-02 0 2 1 2 2.878446e-14 0.000000e+00
46 115 3.284247e-03 2.608770e-02 0 2 1 2 2.507243e-14 0.000000e+00
46 116 3.284247e-03 3.284247e-02 0 2 1 2 2.126380e-14 0.000000e+00
46 117 3.284247e-03 4.134622e-02 0 2 1 2 1.745158e-14 0.000000e+00
46 118 3.284247e-03 5.205181e-02 0 2 1 2 1.376751e-14 0.000000e+00
46 119 3.284247e-03 6.552935e-02 0 2 1 2 1.035814e-14 0.000000e+00
47 100 4.134622e-03 8.249656e-04 0 2 1 2 5.341418e-14 0.000000e+00
47 101 4.134622e-03 1.038570e-03 0 2 1 2 5.347828e-14 0.000000e+00
47 102 4.134622e-03 1.307482e-03 0 2 1 2 5.358334e-14 0.000000e+00
47 103 4.134622e-03 1.646023e-03 0 2 1 2 5.376037e-14 0.000000e+00
47 104 4.134622e-03 2.072220e-03 0 2 1 2 5.406917e-14 0.000000e+00
47 105 4.134622e-03 2.608770e-03 0 2 1 2 5.464205e-14 0.000000e+00
47 106 4.134622e-03 3.284247e-03 0 2 1 2 5.581325e-14 0.000000e+00
47 107 4.134622e-03 4.134622e-03 0 2 1 2 5.639121e-14 0.000000e+00
47 108 4.134622e-03 5.205181e-03 0 2 1 2 5.137763e-14 0.000000e+00
47 109 4.134622e-03 6.552935e-03 0 2 1 2 4.646722e-14 0.000000e+00
47 110 4.134622e-03 8.249656e-03 0 2 1 2 4.259878e-14 0.000000e+00
47 111 4.134622e-03 1.038570e-02 0 2 1 2 3.913589e-14 0.000000e+00
47 112 4.134622e-03 1.307482e-02 0 2 1 2 3.576804e-14 0.000000e+00
47 113 4.134622e-03 1.646023e-02 0 2 1 2 3.233777e-14 0.000000e+00
47 114 4.134622e-03 2.072220e-02 0 2 1 2 2.877407e-14 0.000000e+00
47 115 4.134622e-03 2.608770e-02 0 2 1 2 2.506789e-14 0.000000e+00
47 116 4.134622e-03 3.284247e-02 0 2 1 2 2.126352e-14 0.000000e+00
47 117 4.134622e-03 4.134622e-02 0 2 1 2 1.745375e-14 0.000000e+00
47 118 4.134622e-03 5.205181e-02 0 2 1 2 1.377056e-14 0.000000e+00
47 119 4.134622e-03 6.552935e-02 0 2 1 2 1.036096e-14 0.000000e+00
48 100 5.205181e-03 8.249656e-04 0 2 1 2 4.941634e-14 0.000000e+00
48 101 5.205181e-03 1.038570e-03 0 2 1 2 4.944402e-14 0.000000e+00
48 102 5.205181e-03 1.307482e-03 0 2 1 2 4.948889e-14 0.000000e+00
48 103 5.205181e-03 1.646023e-03 0 2 1 2 4.956384e-14 0.000000e+00
48 104 5.205181e-03 2.072220e-03 0 2 1 2 4.969219e-14 0.000000e+00
48 105 5.205181e-03 2.608770e-03 0 2 1 2 4.992311e-14 0.000000e+00
48 106 5.205181e-03 3.284247e-03 0 2 1 2 5.037324e-14 0.000000e+00
48 107 5.205181e-03 4.134622e-03 0 2 1 2 5.137763e-14 0.000000e+00
48 108 5.205181e-03 5.205181e-03 0 2 1 2 5.192461e-14 0.000000e+00
48 109 5.205181e-03 6.552935e-03 0 2 1 2 4.727365e-14 0.000000e+00
48 110 5.205181e-03 8.249656e-03 0 2 1 2 4.279561e-14 0.000000e+00
48 111 5.205181e-03 1.038570e-02 0 2 1 2 3.915649e-14 0.000000e+00
48 112 5.205181e-03 1.307482e-02 0 2 1 2 3.574532e-14 0.000000e+00
48 113 5.205181e-03 1.646023e-02 0 2 1 2 3.231280e-14 0.000000e+00
48 114 5.205181e-03 2.072220e-02 0 2 1 2 2.875761e-14 0.000000e+00
48 115 5.205181e-03 2.608770e-02 0 2 1 2 2.506063e-14 0.000000e+00
48 116 5.205181e-03 3.284247e-02 0 2 1 2 2.126302e-14 0.000000e+00
48 117 5.205181e-03 4.134622e-02 0 2 1 2 1.745716e-14 0.000000e+00
48 118 5.205181e-03 5.205181e-02 0 2 1 2 1.377537e-14 0.000000e+00
48 119 5.205181e-03 6.552935e-02 0 2 1 2 1.036544e-14 0.000000e+00
49 100 6.552935e-03 8.249656e-04 0 2 1 2 4.581377e-14 0.000000e+00
49 101 6.552935e-03 1.038570e-03 0 2 1 2 4.582387e-14 0.000000e+00
49 102 6.552935e-03 1.307482e-03 0 2 1 2 4.583997e-14 0.000000e+00
49 103 6.552935e-03 1.646023e-03 0 2 1 2 4.586691e-14 0.000000e+00
49 104 6.552935e-03 2.072220e-03 0 2 1 2 4.591256e-14 0.000000e+00
49 105 6.552935e-03 2.608770e-03 0 2 1 2 4.599347e-14 0.000000e+00
49 106 6.552935e-03 3.284247e-03 0 2 1 2 4.614635e-14 0.000000e+00
49 107 6.552935e-03 4.134622e-03 0 2 1 2 4.646722e-14 0.000000e+00
49 108 6.552935e-03 5.205181e-03 0 2 1 2 4.727365e-14 0.000000e+00
49 109 6.552935e-03 6.552935e-03 0 2 1 2 4.772509e-14 0.000000e+00
49 110 6.552935e-03 8.249656e-03 0 2 1 2 4.339222e-14 0.000000e+00
49 111 6.552935e-03 1.038570e-02 0 2 1 2 3.924402e-14 0.000000e+00
49 112 6.552935e-03 1.307482e-02 0 2 1 2 3.572006e-14 0.000000e+00
49 113 6.552935e-03 1.646023e-02 0 2 1 2 3.227495e-14 0.000000e+00
49 114 6.552935e-03 2.072220e-02 0 2 1 2 2.873156e-14 0.000000e+00
49 115 6.552935e-03 2.608770e-02 0 2 1 2 2.504892e-14 0.000000e+00
49 116 6.552935e-03 3.284247e-02 0 2 1 2 2.126209e-14 0.000000e+00
49 117 6.552935e-03 4.134622e-02 0 2 1 2 1.746248e-14 0.000000e+00
49 118 6.552935e-03 5.205181e-02 0 2 1 2 1.378297e-14 0.000000e+00
49 119 6.552935e-03 6.552935e-02 0 2 1 2 1.037251e-14 0.000000e+00
50 100 8.249656e-03 8.249656e-04 0 2 1 2 4.243625e-14 0.000000e+00
50 101 8.249656e-03 1.038570e-03 0 2 1 2 4.243869e-14 0.000000e+00
50 102 8.249656e-03 1.307482e-03 0 2 1 2 4.244234e-14 0.000000e+00
50 103 8.249656e-03 1.646023e-03 0 2 1 2 4.244873e-14 0.000000e+00
50 104 8.249656e-03 2.072220e-03 0 2 1 2 4.245962e-14 0.000000e+00
50 105 8.249656e-03 2.608770e-03 0 2 1 2 4.247939e-14 0.000000e+00
50 106 8.249656e-03 3.284247e-03 0 2 1 2 4.251765e-14 0.000000e+00
50 107 8.249656e-03 4.134622e-03 0 2 1 2 4.259878e-14 0.000000e+00
50 108 8.249656e-03 5.205181e-03 0 2 1 2 4.279561e-14 0.000000e+00
50 109 8.249656e-03 6.552935e-03 0 2 1 2 4.339222e-14 0.000000e+00
50 110 8.249656e-03 8.249656e-03 0 2 1 2 4.369934e-14 0.000000e+00
50 111 8.249656e-03 1.038570e-02 0 2 1 2 3.963740e-14 0.000000e+00
50 112 8.249656e-03 1.307482e-02 0 2 1 2 3.572028e-14 0.000000e+00
50 113 8.249656e-03 1.646023e-02 0 2 1 2 3.222105e-14 0.000000e+00
50 114 8.249656e-03 2.072220e-02 0 2 1 2 2.869055e-14 0.000000e+00
50 115 8.249656e-03 2.608770e-02 0 2 1 2 2.502990e-14 0.000000e+00
50 116 8.249656e-03 3.284247e-02 0 2 1 2 2.126029e-14 0.000000e+00
50 117 8.249656e-03 4.134622e-02 0 2 1 2 1.747073e-14 0.000000e+00
50 118 8.249656e-03 5.205181e-02 0 2 1 2 1.379492e-14 0.000000e+00
50 119 8.249656e-03 6.552935e-02 0 2 1 2 1.038370e-14 0.000000e+00
51 100 1.038570e-02 8.249656e-04 0 2 1 2 3.914016e-14 0.000000e+00
51 101 1.038570e-02 1.038570e-03 0 2 1 2 3.913978e-14 0.000000e+00
51 102 1.038570e-02 1.307482e-03 0 2 1 2 3.913886e-14 0.000000e+00
51 103 1.038570e-02 1.646023e-03 0 2 1 2 3.913773e-14 0.000000e+00
51 104 1.038570e-02 2.072220e-03 0 2 1 2 3.913605e-14 0.000000e+00
51 105 1.038570e-02 2.608770e-03 0 2 1 2 3.913408e-14 0.000000e+00
51 106 1.038570e-02 3.284247e-03 0 2 1 2 3.913278e-14 0.000000e+00
51 107 1.038570e-02 4.134622e-03 0 2 1 2 3.913589e-14 0.000000e+00
51 108 1.038570e-02 5.205181e-03 0 2 1 2 3.915649e-14 0.000000e+00
51 109 1.038570e-02 6.552935e-03 0 2 1 2 3.924402e-14 0.000000e+00
51 110 1.038570e-02 8.249656e-03 0 2 1 2 3.963740e-14 0.000000e+00
51 111 1.038570e-02 1.038570e-02 0 2 1 2 3.977029e-14 0.000000e+00
51 112 1.038570e-02 1.307482e-02 0 2 1 2 3.593337e-14 0.000000e+00
51 113 1.038570e-02 1.646023e-02 0 2 1 2 3.216139e-14 0.000000e+00
51 114 1.038570e-02 2.072220e-02 0 2 1 2 2.862743e-14 0.000000e+00
51 115 1.038570e-02 2.608770e-02 0 2 1 2 2.499873e-14 0.000000e+00
51 116 1.038570e-02 3.284247e-02 0 2 1 2 2.125657e-14 0.000000e+00
51 117 1.038570e-02 4.134622e-02 0 2 1 2 1.748334e-14 0.000000e+00
51 118 1.038570e-02 5.205181e-02 0 2 1 2 1.381365e-14 0.000000e+00
51 119 1.038570e-02 6.552935e-02 0 2 1 2 1.040139e-14 0.000000e+00
52 100 1.307482e-02 8.249656e-04 0 2 1 2 3.581358e-14 0.000000e+00
52 101 1.307482e-02 1.038570e-03 0 2 1 2 3.581254e-14 0.000000e+00
52 102 1.307482e-02 1.307482e-03 0 2 1 2 3.581053e-14 0.000000e+00
52 103 1.307482e-02 1.646023e-03 0 2 1 2 3.580763e-14 0.000000e+00
52 104 1.307482e-02 2.072220e-03 0 2 1 2 3.580292e-14 0.000000e+00
52 105 1.307482e-02 2.608770e-03 0 2 1 2 3.579564e-14 0.000000e+00
52 106 1.307482e-02 3.284247e-03 0 2 1 2 3.578451e-14 0.000000e+00
52 107 1.307482e-02 4.134622e-03 0 2 1 2 3.576804e-14 0.000000e+00
52 108 1.307482e-02 5.205181e-03 0 2 1 2 3.574532e-14 0.000000e+00
52 109 1.307482e-02 6.552935e-03 0 2 1 2 3.572006e-14 0.000000e+00
52 110 1.307482e-02 8.249656e-03 0 2 1 2 3.572028e-14 0.000000e+00
52 111 1.307482e-02 1.038570e-02 0 2 1 2 3.593337e-14 0.000000e+00
52 112 1.307482e-02 1.307482e-02 0 2 1 2 3.588287e-14 0.000000e+00
52 113 1.307482e-02 1.646023e-02 0 2 1 2 3.223105e-14 0.000000e+00
52 114 1.307482e-02 2.072220e-02 0 2 1 2 2.853966e-14 0.000000e+00
52 115 1.307482e-02 2.608770e-02 0 2 1 2 2.494745e-14 0.000000e+00
52 116 1.307482e-02 3.284247e-02 0 2 1 2 2.124854e-14 0.000000e+00
52 117 1.307482e-02 4.134622e-02 0 2 1 2 1.750211e-14 0.000000e+00
52 118 1.307482e-02 5.205181e-02 0 2 1 2 1.384279e-14 0.000000e+00
52 119 1.307482e-02 6.552935e-02 0 2 1 2 1.042929e-14 0.000000e+00
53 100 1.646023e-02 8.249656e-04 0 2 1 2 3.237998e-14 0.000000e+00
53 101 1.646023e-02 1.038570e-03 0 2 1 2 3.237911e-14 0.000000e+00
53 102 1.646023e-02 1.307482e-03 0 2 1 2 3.237737e-14 0.000000e+00
53 103 1.646023e-02 1.646023e-03 0 2 1 2 3.237484e-14 0.000000e+00
53 104 1.646023e-02 2.072220e-03 0 2 1 2 3.237069e-14 0.000000e+00
53 105 1.646023e-02 2.608770e-03 0 2 1 2 3.236416e-14 0.000000e+00
53 106 1.646023e-02 3.284247e-03 0 2 1 2 3.235387e-14 0.000000e+00
53 107 1.646023e-02 4.134622e-03 0 2 1 2 3.233777e-14 0.000000e+00
53 108 1.646023e-02 5.205181e-03 0 2 1 2 3.231280e-14 0.000000e+00
53 109 1.646023e-02 6.552935e-03 0 2 1 2 3.227495e-14 0.000000e+00
53 110 1.646023e-02 8.249656e-03 0 2 1 2 3.222105e-14 0.000000e+00
53 111 1.646023e-02 1.038570e-02 0 2 1 2 3.216139e-14 0.000000e+00
53 112 1.646023e-02 1.307482e-02 0 2 1 2 3.223105e-14 0.000000e+00
53 113 1.646023e-02 1.646023e-02 0 2 1 2 3.200970e-14 0.000000e+00
53 114 1.646023e-02 2.072220e-02 0 2 1 2 2.851398e-14 0.000000e+00
53 115 1.646023e-02 2.608770e-02 0 2 1 2 2.486629e-14 0.000000e+00
53 116 1.646023e-02 3.284247e-02 0 2 1 2 2.123065e-14 0.000000e+00
53 117 1.646023e-02 4.134622e-02 0 2 1 2 1.752877e-14 0.000000e+00
53 118 1.646023e-02 5.205181e-02 0 2 1 2 1.388758e-14 0.000000e+00
53 119 1.646023e-02 6.552935e-02 0 2 1 2 1.047313e-14 0.000000e+00
54 100 2.072220e-02 8.249656e-04 0 2 1 2 2.880094e-14 0.000000e+00
54 101 2.072220e-02 1.038570e-03 0 2 1 2 2.880046e-14 0.000000e+00
54 102 2.072220e-02 1.307482e-03 0 2 1 2 2.879932e-14 0.000000e+00
54 103 2.072220e-02 1.646023e-03 0 2 1 2 2.879776e-14 0.000000e+00
54 104 2.072220e-02 2.072220e-03 0 2 1 2 2.879515e-14 0.000000e+00
54 105 2.072220e-02 2.608770e-03 0 2 1 2 2.879101e-14 0.000000e+00
54 106 2.072220e-02 3.284247e-03 0 2 1 2 2.878446e-14 0.000000e+00
54 107 2.072220e-02 4.134622e-03 0 2 1 2 2.877407e-14 0.000000e+00
54 108 2.072220e-02 5.205181e-03 0 2 1 2 2.875761e-14 0.000000e+00
54 109 2.072220e-02 6.552935e-03 0 2 1 2 2.873156e-14 0.000000e+00
54 110 2.072220e-02 8.249656e-03 0 2 1 2 2.869055e-14 0.000000e+00
54 111 2.072220e-02 1.038570e-02 0 2 1 2 2.862743e-14 0.000000e+00
54 112 2.072220e-02 1.307482e-02 0 2 1 2 2.853966e-14 0.000000e+00
54 113 2.072220e-02 1.646023e-02 0 2 1 2 2.851398e-14 0.000000e+00
54 114 2.072220e-02 2.072220e-02 0 2 1 2 2.815516e-14 0.000000e+00
54 115 2.072220e-02 2.608770e-02 0 2 1 2 2.480152e-14 0.000000e+00
54 116 2.072220e-02 3.284247e-02 0 2 1 2 2.119168e-14 0.000000e+00
54 117 2.072220e-02 4.134622e-02 0 2 1 2 1.756311e-14 0.000000e+00
54 118 2.072220e-02 5.205181e-02 0 2 1 2 1.395495e-14 0.000000e+00
54 119 2.072220e-02 6.552935e-02 0 2 1 2 1.054162e-14 0.000000e+00
55 100 2.608770e-02 8.249656e-04 0 2 1 2 2.507944e-14 0.000000e+00
55 101 2.608770e-02 1.038570e-03 0 2 1 2 2.507933e-14 0.000000e+00
55 102 2.608770e-02 1.307482e-03 0 2 1 2 2.507879e-14 0.000000e+00
55 103 2.608770e-02 1.646023e-03 0 2 1 2 2.507819e-14 0.000000e+00
55 104 2.608770e-02 2.072220e-03 0 2 1 2 2.507706e-14 0.000000e+00
55 105 2.608770e-02 2.608770e-03 0 2 1 2 2.507527e-14 0.000000e+00
55 106 2.608770e-02 3.284247e-03 0 2 1 2 2.507243e-14 0.000000e+00
55 107 2.608770e-02 4.134622e-03 0 2 1 2 2.506789e-14 0.000000e+00
55 108 2.608770e-02 5.205181e-03 0 2 1 2 2.506063e-14 0.000000e+00
55 109 2.608770e-02 6.552935e-03 0 2 1 2 2.504892e-14 0.000000e+00
55 110 2.608770e-02 8.249656e-03 0 2 1 2 2.502990e-14 0.000000e+00
55 111 2.608770e-02 1.038570e-02 0 2 1 2 2.499873e-14 0.000000e+00
55 112 2.608770e-02 1.307482e-02 0 2 1 2 2.494745e-14 0.000000e+00
55 113 2.608770e-02 1.646023e-02 0 2 1 2 2.486629e-14 0.000000e+00
55 114 2.608770e-02 2.072220e-02 0 2 1 2 2.480152e-14 0.000000e+00
55 115 2.608770e-02 2.608770e-02 0 2 1 2 2.435687e-14 0.000000e+00
55 116 2.608770e-02 3.284247e-02 0 2 1 2 2.114746e-14 0.000000e+00
55 117 2.608770e-02 4.134622e-02 0 2 1 2 1.759779e-14 0.000000e+00
55 118 2.608770e-02 5.205181e-02 0 2 1 2 1.405224e-14 0.000000e+00
55 119 2.608770e-02 6.552935e-02 0 2 1 2 1.064736e-14 0.000000e+00
56 100 3.284247e-02 8.249656e-04 0 2 1 2 2.126405e-14 0.000000e+00
56 101 3.284247e-02 1.038570e-03 0 2 1 2 2.126420e-14 0.000000e+00
56 102 3.284247e-02 1.307482e-03 0 2 1 2 2.126409e-14 0.000000e+00
56 103 3.284247e-02 1.646023e-03 0 2 1 2 2.126414e-14 0.000000e+00
56 104 3.284247e-02 2.072220e-03 0 2 1 2 2.126407e-14 0.000000e+00
56 105 3.284247e-02 2.608770e-03 0 2 1 2 2.126397e-14 0.000000e+00
56 106 3.284247e-02 3.284247e-03 0 2 1 2 2.126380e-14 0.000000e+00
56 107 3.284247e-02 4.134622e-03 0 2 1 2 2.126352e-14 0.000000e+00
56 108 3.284247e-02 5.205181e-03 0 2 1 2 2.126302e-14 0.000000e+00
56 109 3.284247e-02 6.552935e-03 0 2 1 2 2.126209e-14 0.000000e+00
56 110 3.284247e-02 8.249656e-03 0 2 1 2 2.126029e-14 0.000000e+00
56 111 3.284247e-02 1.038570e-02 0 2 1 2 2.125657e-14 0.000000e+00
56 112 3.284247e-02 1.307482e-02 0 2 1 2 2.124854e-14 0.000000e+00
56 113 3.284247e-02 1.646023e-02 0 2 1 2 2.123065e-14 0.000000e+00
56 114 3.284247e-02 2.072220e-02 0 2 1 2 2.119168e-14 0.000000e+00
56 115 3.284247e-02 2.608770e-02 0 2 1 2 2.114746e-14 0.000000e+00
56 116 3.284247e-02 3.284247e-02 0 2 1 2 2.068032e-14 0.000000e+00
56 117 3.284247e-02 4.134622e-02 0 2 1 2 1.762906e-14 0.000000e+00
56 118 3.284247e-02 5.205181e-02 0 2 1 2 1.418087e-14 0.000000e+00
56 119 3.284247e-02 6.552935e-02 0 2 1 2 1.080679e-14 0.000000e+00
57 100 4.134622e-02 8.249656e-04 0 2 1 2 1.744792e-14 0.000000e+00
57 101 4.134622e-02 1.038570e-03 0 2 1 2 1.744823e-14 0.000000e+00
57 102 4.134622e-02 1.307482e-03 0 2 1 2 1.744837e-14 0.000000e+00
57 103 4.134622e-02 1.646023e-03 0 2 1 2 1.744881e-14 0.000000e+00
57 104 4.134622e-02 2.072220e-03 0 2 1 2 1.744935e-14 0.000000e+00
57 105 4.134622e-02 2.608770e-03 0 2 1 2 1.745021e-14 0.000000e+00
57 106 4.134622e-02 3.284247e-03 0 2 1 2 1.745158e-14 0.000000e+00
57 107 4.134622e-02 4.134622e-03 0 2 1 2 1.745375e-14 0.000000e+00
57 108 4.134622e-02 5.205181e-03 0 2 1 2 1.745716e-14 0.000000e+00
57 109 4.134622e-02 6.552935e-03 0 2 1 2 1.746248e-14 0.000000e+00
57 110 4.134622e-02 8.249656e-03 0 2 1 2 1.747073e-14 0.000000e+00
57 111 4.134622e-02 1.038570e-02 0 2 1 2 1.748334e-14 0.000000e+00
57 112 4.134622e-02 1.307482e-02 0 2 1 2 1.750211e-14 0.000000e+00
57 113 4.134622e-02 1.646023e-02 0 2 1 2 1.752877e-14 0.000000e+00
57 114 4.134622e-02 2.072220e-02 0 2 1 2 1.756311e-14 0.000000e+00
57 115 4.134622e-02 2.608770e-02 0 2 1 2 1.759779e-14 0.000000e+00
57 116 4.134622e-02 3.284247e-02 0 2 1 2 1.762906e-14 0.000000e+00
57 117 4.134622e-02 4.134622e-02 0 2 1 2 1.720383e-14 0.000000e+00
57 118 4.134622e-02 5.205181e-02 0 2 1 2 1.432929e-14 0.000000e+00
57 119 4.134622e-02 6.552935e-02 0 2 1 2 1.103465e-14 0.000000e+00
58 100 5.205181e-02 8.249656e-04 0 2 1 2 1.376247e-14 0.000000e+00
58 101 5.205181e-02 1.038570e-03 0 2 1 2 1.376282e-14 0.000000e+00
58 102 5.205181e-02 1.307482e-03 0 2 1 2 1.376304e-14 0.000000e+00
58 103 5.205181e-02 1.646023e-03 0 2 1 2 1.376361e-14 0.000000e+00
58 104 5.205181e-02 2.072220e-03 0 2 1 2 1.376436e-14 0.000000e+00
58 105 5.205181e-02 2.608770e-03 0 2 1 2 1.376558e-14 0.000000e+00
58 106 5.205181e-02 3.284247e-03 0 2 1 2 1.376751e-14 0.000000e+00
58 107 5.205181e-02 4.134622e-03 0 2 1 2 1.377056e-14 0.000000e+00
58 108 5.205181e-02 5.205181e-03 0 2 1 2 1.377537e-14 0.000000e+00
58 109 5.205181e-02 6.552935e-03 0 2 1 2 1.378297e-14 0.000000e+00
58 110 5.205181e-02 8.249656e-03 0 2 1 2 1.379492e-14 0.000000e+00
58 111 5.205181e-02 1.038570e-02 0 2 1 2 1.381365e-14 0.000000e+00
58 112 5.205181e-02 1.307482e-02 0 2 1 2 1.384279e-14 0.000000e+00
58 113 5.205181e-02 1.646023e-02 0 2 1 2 1.388758e-14 0.000000e+00
58 114 5.205181e-02 2.072220e-02 0 2 1 2 1.395495e-14 0.000000e+00
58 115 5.205181e-02 2.608770e-02 0 2 1 2 1.405224e-14 0.000000e+00
58 116 5.205181e-02 3.284247e-02 0 2 1 2 1.418087e-14 0.000000e+00
58 117 5.205181e-02 4.134622e-02 0 2 1 2 1.432929e-14 0.000000e+00
58 118 5.205181e-02 5.205181e-02 0 2 1 2 1.400267e-14 0.000000e+00
58 119 5.205181e-02 6.552935e-02 0 2 1 2 1.132436e-14 0.000000e+00
59 100 6.552935e-02 8.249656e-04 0 2 1 2 1.035346e-14 0.000000e+00
59 101 6.552935e-02 1.038570e-03 0 2 1 2 1.035380e-14 0.000000e+00
59 102 6.552935e-02 1.307482e-03 0 2 1 2 1.035401e-14 0.000000e+00
59 103 6.552935e-02 1.646023e-03 0 2 1 2 1.035454e-14 0.000000e+00
59 104 6.552935e-02 2.072220e-03 0 2 1 2 1.035524e-14 0.000000e+00
59 105 6.552935e-02 2.608770e-03 0 2 1 2 1.035636e-14 0.000000e+00
59 106 6.552935e-02 3.284247e-03 0 2 1 2 1.035814e-14 0.000000e+00
59 107 6.552935e-02 4.134622e-03 0 2 1 2 1.036096e-14 0.000000e+00
59 108 6.552935e-02 5.205181e-03 0 2 1 2 1.036544e-14 0.000000e+00
59 109 6.552935e-02 6.552935e-03 0 2 1 2 1.037251e-14 0.000000e+00
59 110 6.552935e-02 8.249656e-03 0 2 1 2 1.038370e-14 0.000000e+00
59 111 6.552935e-02 1.038570e-02 0 2 1 2 1.040139e-14 0.000000e+00
59 112 6.552935e-02 1.307482e-02 0 2 1 2 1.042929e-14 0.000000e+00
59 113 6.552935e-02 1.646023e-02 0 2 1 2 1.047313e-14 0.000000e+00
59 114 6.552935e-02 2.072220e-02 0 2 1 2 1.054162e-14 0.000000e+00
59 115 6.552935e-02 2.608770e-02 0 2 1 2 1.064736e-14 0.000000e+00
59 116 6.552935e-02 3.284247e-02 0 2 1 2 1.080679e-14 0.000000e+00
59 117 6.552935e-02 4.134622e-02 0 2 1 2 1.103465e-14 0.000000e+00
59 118 6.552935e-02 5.205181e-02 0 2 1 2 1.132436e-14 0.000000e+00
59 119 6.552935e-02 6.552935e-02 0 2 1 2 1.114109e-14 0.000000e+00
