# Please cite the following papers in research using this covariance:
# arXiv: 1601.05779, https://arxiv.org/abs/1601.05779
# arXiv: 1911.11947, https://arxiv.org/abs/1911.11947
# arXiv: 2004.04833, https://arxiv.org/abs/2004.04833
########################################################
60 120 8.249656e-04 8.249656e-04 0 3 1 3 1.769590e-13 0.000000e+00
60 121 8.249656e-04 1.038570e-03 0 3 1 3 1.612109e-13 0.000000e+00
60 122 8.249656e-04 1.307482e-03 0 3 1 3 1.426031e-13 0.000000e+00
60 123 8.249656e-04 1.646023e-03 0 3 1 3 1.259968e-13 0.000000e+00
60 124 8.249656e-04 2.072220e-03 0 3 1 3 1.117541e-13 0.000000e+00
60 125 8.249656e-04 2.608770e-03 0 3 1 3 9.977980e-14 0.000000e+00
60 126 8.249656e-04 3.284247e-03 0 3 1 3 8.978888e-14 0.000000e+00
60 127 8.249656e-04 4.134622e-03 0 3 1 3 8.140962e-14 0.000000e+00
60 128 8.249656e-04 5.205181e-03 0 3 1 3 7.424819e-14 0.000000e+00
60 129 8.249656e-04 6.552935e-03 0 3 1 3 6.793208e-14 0.000000e+00
60 130 8.249656e-04 8.249656e-03 0 3 1 3 6.213778e-14 0.000000e+00
60 131 8.249656e-04 1.038570e-02 0 3 1 3 5.660519e-14 0.000000e+00
60 132 8.249656e-04 1.307482e-02 0 3 1 3 5.114327e-14 0.000000e+00
60 133 8.249656e-04 1.646023e-02 0 3 1 3 4.563149e-14 0.000000e+00
60 134 8.249656e-04 2.072220e-02 0 3 1 3 4.001865e-14 0.000000e+00
60 135 8.249656e-04 2.608770e-02 0 3 1 3 3.432156e-14 0.000000e+00
60 136 8.249656e-04 3.284247e-02 0 3 1 3 2.862516e-14 0.000000e+00
60 137 8.249656e-04 4.134622e-02 0 3 1 3 2.307205e-14 0.000000e+00
60 138 8.249656e-04 5.205181e-02 0 3 1 3 1.784290e-14 0.000000e+00
60 139 8.249656e-04 6.552935e-02 0 3 1 3 1.311911e-14 0.000000e+00
61 120 1.038570e-03 8.249656e-04 0 3 1 3 1.612109e-13 0.000000e+00
61 121 1.038570e-03 1.038570e-03 0 3 1 3 1.598593e-13 0.000000e+00
61 122 1.038570e-03 1.307482e-03 0 3 1 3 1.448882e-13 0.000000e+00
61 123 1.038570e-03 1.646023e-03 0 3 1 3 1.275962e-13 0.000000e+00
61 124 1.038570e-03 2.072220e-03 0 3 1 3 1.127195e-13 0.000000e+00
61 125 1.038570e-03 2.608770e-03 0 3 1 3 1.003161e-13 0.000000e+00
61 126 1.038570e-03 3.284247e-03 0 3 1 3 9.006632e-14 0.000000e+00
61 127 1.038570e-03 4.134622e-03 0 3 1 3 8.154306e-14 0.000000e+00
61 128 1.038570e-03 5.205181e-03 0 3 1 3 7.430713e-14 0.000000e+00
61 129 1.038570e-03 6.552935e-03 0 3 1 3 6.795525e-14 0.000000e+00
61 130 1.038570e-03 8.249656e-03 0 3 1 3 6.214526e-14 0.000000e+00
61 131 1.038570e-03 1.038570e-02 0 3 1 3 5.660663e-14 0.000000e+00
61 132 1.038570e-03 1.307482e-02 0 3 1 3 5.114289e-14 0.000000e+00
61 133 1.038570e-03 1.646023e-02 0 3 1 3 4.563096e-14 0.000000e+00
61 134 1.038570e-03 2.072220e-02 0 3 1 3 4.001845e-14 0.000000e+00
61 135 1.038570e-03 2.608770e-02 0 3 1 3 3.432174e-14 0.000000e+00
61 136 1.038570e-03 3.284247e-02 0 3 1 3 2.862560e-14 0.000000e+00
61 137 1.038570e-03 4.134622e-02 0 3 1 3 2.307262e-14 0.000000e+00
61 138 1.038570e-03 5.205181e-02 0 3 1 3 1.784345e-14 0.000000e+00
61 139 1.038570e-03 6.552935e-02 0 3 1 3 1.311960e-14 0.000000e+00
62 120 1.307482e-03 8.249656e-04 0 3 1 3 1.426031e-13 0.000000e+00
62 121 1.307482e-03 1.038570e-03 0 3 1 3 1.448882e-13 0.000000e+00
62 122 1.307482e-03 1.307482e-03 0 3 1 3 1.442904e-13 0.000000e+00
62 123 1.307482e-03 1.646023e-03 0 3 1 3 1.301987e-13 0.000000e+00
62 124 1.307482e-03 2.072220e-03 0 3 1 3 1.143468e-13 0.000000e+00
62 125 1.307482e-03 2.608770e-03 0 3 1 3 1.012154e-13 0.000000e+00
62 126 1.307482e-03 3.284247e-03 0 3 1 3 9.052664e-14 0.000000e+00
62 127 1.307482e-03 4.134622e-03 0 3 1 3 8.176212e-14 0.000000e+00
62 128 1.307482e-03 5.205181e-03 0 3 1 3 7.440290e-14 0.000000e+00
62 129 1.307482e-03 6.552935e-03 0 3 1 3 6.799246e-14 0.000000e+00
62 130 1.307482e-03 8.249656e-03 0 3 1 3 6.215696e-14 0.000000e+00
62 131 1.307482e-03 1.038570e-02 0 3 1 3 5.660850e-14 0.000000e+00
62 132 1.307482e-03 1.307482e-02 0 3 1 3 5.114183e-14 0.000000e+00
62 133 1.307482e-03 1.646023e-02 0 3 1 3 4.562967e-14 0.000000e+00
62 134 1.307482e-03 2.072220e-02 0 3 1 3 4.001766e-14 0.000000e+00
62 135 1.307482e-03 2.608770e-02 0 3 1 3 3.432159e-14 0.000000e+00
62 136 1.307482e-03 3.284247e-02 0 3 1 3 2.862586e-14 0.000000e+00
62 137 1.307482e-03 4.134622e-02 0 3 1 3 2.307309e-14 0.000000e+00
62 138 1.307482e-03 5.205181e-02 0 3 1 3 1.784390e-14 0.000000e+00
62 139 1.307482e-03 6.552935e-02 0 3 1 3 1.311997e-14 0.000000e+00
63 120 1.646023e-03 8.249656e-04 0 3 1 3 1.259968e-13 0.000000e+00
63 121 1.646023e-03 1.038570e-03 0 3 1 3 1.275962e-13 0.000000e+00
63 122 1.646023e-03 1.307482e-03 0 3 1 3 1.301987e-13 0.000000e+00
63 123 1.646023e-03 1.646023e-03 0 3 1 3 1.302826e-13 0.000000e+00
63 124 1.646023e-03 2.072220e-03 0 3 1 3 1.171292e-13 0.000000e+00
63 125 1.646023e-03 2.608770e-03 0 3 1 3 1.027752e-13 0.000000e+00
63 126 1.646023e-03 3.284247e-03 0 3 1 3 9.131358e-14 0.000000e+00
63 127 1.646023e-03 4.134622e-03 0 3 1 3 8.213103e-14 0.000000e+00
63 128 1.646023e-03 5.205181e-03 0 3 1 3 7.456239e-14 0.000000e+00
63 129 1.646023e-03 6.552935e-03 0 3 1 3 6.805410e-14 0.000000e+00
63 130 1.646023e-03 8.249656e-03 0 3 1 3 6.217650e-14 0.000000e+00
63 131 1.646023e-03 1.038570e-02 0 3 1 3 5.661197e-14 0.000000e+00
63 132 1.646023e-03 1.307482e-02 0 3 1 3 5.114054e-14 0.000000e+00
63 133 1.646023e-03 1.646023e-02 0 3 1 3 4.562791e-14 0.000000e+00
63 134 1.646023e-03 2.072220e-02 0 3 1 3 4.001673e-14 0.000000e+00
63 135 1.646023e-03 2.608770e-02 0 3 1 3 3.432167e-14 0.000000e+00
63 136 1.646023e-03 3.284247e-02 0 3 1 3 2.862656e-14 0.000000e+00
63 137 1.646023e-03 4.134622e-02 0 3 1 3 2.307410e-14 0.000000e+00
63 138 1.646023e-03 5.205181e-02 0 3 1 3 1.784489e-14 0.000000e+00
63 139 1.646023e-03 6.552935e-02 0 3 1 3 1.312081e-14 0.000000e+00
64 120 2.072220e-03 8.249656e-04 0 3 1 3 1.117541e-13 0.000000e+00
64 121 2.072220e-03 1.038570e-03 0 3 1 3 1.127195e-13 0.000000e+00
64 122 2.072220e-03 1.307482e-03 0 3 1 3 1.143468e-13 0.000000e+00
64 123 2.072220e-03 1.646023e-03 0 3 1 3 1.171292e-13 0.000000e+00
64 124 2.072220e-03 2.072220e-03 0 3 1 3 1.177791e-13 0.000000e+00
64 125 2.072220e-03 2.608770e-03 0 3 1 3 1.055866e-13 0.000000e+00
64 126 2.072220e-03 3.284247e-03 0 3 1 3 9.272182e-14 0.000000e+00
64 127 2.072220e-03 4.134622e-03 0 3 1 3 8.277491e-14 0.000000e+00
64 128 2.072220e-03 5.205181e-03 0 3 1 3 7.483499e-14 0.000000e+00
64 129 2.072220e-03 6.552935e-03 0 3 1 3 6.815794e-14 0.000000e+00
64 130 2.072220e-03 8.249656e-03 0 3 1 3 6.220915e-14 0.000000e+00
64 131 2.072220e-03 1.038570e-02 0 3 1 3 5.661779e-14 0.000000e+00
64 132 2.072220e-03 1.307482e-02 0 3 1 3 5.113840e-14 0.000000e+00
64 133 2.072220e-03 1.646023e-02 0 3 1 3 4.562496e-14 0.000000e+00
64 134 2.072220e-03 2.072220e-02 0 3 1 3 4.001511e-14 0.000000e+00
64 135 2.072220e-03 2.608770e-02 0 3 1 3 3.432156e-14 0.000000e+00
64 136 2.072220e-03 3.284247e-02 0 3 1 3 2.862749e-14 0.000000e+00
64 137 2.072220e-03 4.134622e-02 0 3 1 3 2.307549e-14 0.000000e+00
64 138 2.072220e-03 5.205181e-02 0 3 1 3 1.784628e-14 0.000000e+00
64 139 2.072220e-03 6.552935e-02 0 3 1 3 1.312196e-14 0.000000e+00
65 120 2.608770e-03 8.249656e-04 0 3 1 3 9.977980e-14 0.000000e+00
65 121 2.608770e-03 1.038570e-03 0 3 1 3 1.003161e-13 0.000000e+00
65 122 2.608770e-03 1.307482e-03 0 3 1 3 1.012154e-13 0.000000e+00
65 123 2.608770e-03 1.646023e-03 0 3 1 3 1.027752e-13 0.000000e+00
65 124 2.608770e-03 2.072220e-03 0 3 1 3 1.055866e-13 0.000000e+00
65 125 2.608770e-03 2.608770e-03 0 3 1 3 1.066571e-13 0.000000e+00
65 126 2.608770e-03 3.284247e-03 0 3 1 3 9.541623e-14 0.000000e+00
65 127 2.608770e-03 4.134622e-03 0 3 1 3 8.397060e-14 0.000000e+00
65 128 2.608770e-03 5.205181e-03 0 3 1 3 7.532392e-14 0.000000e+00
65 129 2.608770e-03 6.552935e-03 0 3 1 3 6.833986e-14 0.000000e+00
65 130 2.608770e-03 8.249656e-03 0 3 1 3 6.226586e-14 0.000000e+00
65 131 2.608770e-03 1.038570e-02 0 3 1 3 5.662836e-14 0.000000e+00
65 132 2.608770e-03 1.307482e-02 0 3 1 3 5.113537e-14 0.000000e+00
65 133 2.608770e-03 1.646023e-02 0 3 1 3 4.562037e-14 0.000000e+00
65 134 2.608770e-03 2.072220e-02 0 3 1 3 4.001255e-14 0.000000e+00
65 135 2.608770e-03 2.608770e-02 0 3 1 3 3.432139e-14 0.000000e+00
65 136 2.608770e-03 3.284247e-02 0 3 1 3 2.862898e-14 0.000000e+00
65 137 2.608770e-03 4.134622e-02 0 3 1 3 2.307771e-14 0.000000e+00
65 138 2.608770e-03 5.205181e-02 0 3 1 3 1.784851e-14 0.000000e+00
65 139 2.608770e-03 6.552935e-02 0 3 1 3 1.312381e-14 0.000000e+00
66 120 3.284247e-03 8.249656e-04 0 3 1 3 8.978888e-14 0.000000e+00
66 121 3.284247e-03 1.038570e-03 0 3 1 3 9.006632e-14 0.000000e+00
66 122 3.284247e-03 1.307482e-03 0 3 1 3 9.052664e-14 0.000000e+00
66 123 3.284247e-03 1.646023e-03 0 3 1 3 9.131358e-14 0.000000e+00
66 124 3.284247e-03 2.072220e-03 0 3 1 3 9.272182e-14 0.000000e+00
66 125 3.284247e-03 2.608770e-03 0 3 1 3 9.541623e-14 0.000000e+00
66 126 3.284247e-03 3.284247e-03 0 3 1 3 9.674618e-14 0.000000e+00
66 127 3.284247e-03 4.134622e-03 0 3 1 3 8.642206e-14 0.000000e+00
66 128 3.284247e-03 5.205181e-03 0 3 1 3 7.627369e-14 0.000000e+00
66 129 3.284247e-03 6.552935e-03 0 3 1 3 6.867847e-14 0.000000e+00
66 130 3.284247e-03 8.249656e-03 0 3 1 3 6.236959e-14 0.000000e+00
66 131 3.284247e-03 1.038570e-02 0 3 1 3 5.664874e-14 0.000000e+00
66 132 3.284247e-03 1.307482e-02 0 3 1 3 5.113138e-14 0.000000e+00
66 133 3.284247e-03 1.646023e-02 0 3 1 3 4.561324e-14 0.000000e+00
66 134 3.284247e-03 2.072220e-02 0 3 1 3 4.000848e-14 0.000000e+00
66 135 3.284247e-03 2.608770e-02 0 3 1 3 3.432113e-14 0.000000e+00
66 136 3.284247e-03 3.284247e-02 0 3 1 3 2.863132e-14 0.000000e+00
66 137 3.284247e-03 4.134622e-02 0 3 1 3 2.308123e-14 0.000000e+00
66 138 3.284247e-03 5.205181e-02 0 3 1 3 1.785206e-14 0.000000e+00
66 139 3.284247e-03 6.552935e-02 0 3 1 3 1.312674e-14 0.000000e+00
67 120 4.134622e-03 8.249656e-04 0 3 1 3 8.140962e-14 0.000000e+00
67 121 4.134622e-03 1.038570e-03 0 3 1 3 8.154306e-14 0.000000e+00
67 122 4.134622e-03 1.307482e-03 0 3 1 3 8.176212e-14 0.000000e+00
67 123 4.134622e-03 1.646023e-03 0 3 1 3 8.213103e-14 0.000000e+00
67 124 4.134622e-03 2.072220e-03 0 3 1 3 8.277491e-14 0.000000e+00
67 125 4.134622e-03 2.608770e-03 0 3 1 3 8.397060e-14 0.000000e+00
67 126 4.134622e-03 3.284247e-03 0 3 1 3 8.642206e-14 0.000000e+00
67 127 4.134622e-03 4.134622e-03 0 3 1 3 8.785075e-14 0.000000e+00
67 128 4.134622e-03 5.205181e-03 0 3 1 3 7.838915e-14 0.000000e+00
67 129 4.134622e-03 6.552935e-03 0 3 1 3 6.937658e-14 0.000000e+00
67 130 4.134622e-03 8.249656e-03 0 3 1 3 6.257524e-14 0.000000e+00
67 131 4.134622e-03 1.038570e-02 0 3 1 3 5.669123e-14 0.000000e+00
67 132 4.134622e-03 1.307482e-02 0 3 1 3 5.112737e-14 0.000000e+00
67 133 4.134622e-03 1.646023e-02 0 3 1 3 4.560236e-14 0.000000e+00
67 134 4.134622e-03 2.072220e-02 0 3 1 3 4.000207e-14 0.000000e+00
67 135 4.134622e-03 2.608770e-02 0 3 1 3 3.432066e-14 0.000000e+00
67 136 4.134622e-03 3.284247e-02 0 3 1 3 2.863500e-14 0.000000e+00
67 137 4.134622e-03 4.134622e-02 0 3 1 3 2.308683e-14 0.000000e+00
67 138 4.134622e-03 5.205181e-02 0 3 1 3 1.785766e-14 0.000000e+00
67 139 4.134622e-03 6.552935e-02 0 3 1 3 1.313138e-14 0.000000e+00
68 120 5.205181e-03 8.249656e-04 0 3 1 3 7.424819e-14 0.000000e+00
68 121 5.205181e-03 1.038570e-03 0 3 1 3 7.430713e-14 0.000000e+00
68 122 5.205181e-03 1.307482e-03 0 3 1 3 7.440290e-14 0.000000e+00
68 123 5.205181e-03 1.646023e-03 0 3 1 3 7.456239e-14 0.000000e+00
68 124 5.205181e-03 2.072220e-03 0 3 1 3 7.483499e-14 0.000000e+00
68 125 5.205181e-03 2.608770e-03 0 3 1 3 7.532392e-14 0.000000e+00
68 126 5.205181e-03 3.284247e-03 0 3 1 3 7.627369e-14 0.000000e+00
68 127 5.205181e-03 4.134622e-03 0 3 1 3 7.838915e-14 0.000000e+00
68 128 5.205181e-03 5.205181e-03 0 3 1 3 7.976998e-14 0.000000e+00
68 129 5.205181e-03 6.552935e-03 0 3 1 3 7.110223e-14 0.000000e+00
68 130 5.205181e-03 8.249656e-03 0 3 1 3 6.303963e-14 0.000000e+00
68 131 5.205181e-03 1.038570e-02 0 3 1 3 5.678977e-14 0.000000e+00
68 132 5.205181e-03 1.307482e-02 0 3 1 3 5.112773e-14 0.000000e+00
68 133 5.205181e-03 1.646023e-02 0 3 1 3 4.558630e-14 0.000000e+00
68 134 5.205181e-03 2.072220e-02 0 3 1 3 3.999199e-14 0.000000e+00
68 135 5.205181e-03 2.608770e-02 0 3 1 3 3.431984e-14 0.000000e+00
68 136 5.205181e-03 3.284247e-02 0 3 1 3 2.864079e-14 0.000000e+00
68 137 5.205181e-03 4.134622e-02 0 3 1 3 2.309564e-14 0.000000e+00
68 138 5.205181e-03 5.205181e-02 0 3 1 3 1.786652e-14 0.000000e+00
68 139 5.205181e-03 6.552935e-02 0 3 1 3 1.313875e-14 0.000000e+00
69 120 6.552935e-03 8.249656e-04 0 3 1 3 6.793208e-14 0.000000e+00
69 121 6.552935e-03 1.038570e-03 0 3 1 3 6.795525e-14 0.000000e+00
69 122 6.552935e-03 1.307482e-03 0 3 1 3 6.799246e-14 0.000000e+00
69 123 6.552935e-03 1.646023e-03 0 3 1 3 6.805410e-14 0.000000e+00
69 124 6.552935e-03 2.072220e-03 0 3 1 3 6.815794e-14 0.000000e+00
69 125 6.552935e-03 2.608770e-03 0 3 1 3 6.833986e-14 0.000000e+00
69 126 6.552935e-03 3.284247e-03 0 3 1 3 6.867847e-14 0.000000e+00
69 127 6.552935e-03 4.134622e-03 0 3 1 3 6.937658e-14 0.000000e+00
69 128 6.552935e-03 5.205181e-03 0 3 1 3 7.110223e-14 0.000000e+00
69 129 6.552935e-03 6.552935e-03 0 3 1 3 7.231406e-14 0.000000e+00
69 130 6.552935e-03 8.249656e-03 0 3 1 3 6.436193e-14 0.000000e+00
69 131 6.552935e-03 1.038570e-02 0 3 1 3 5.705599e-14 0.000000e+00
69 132 6.552935e-03 1.307482e-02 0 3 1 3 5.114963e-14 0.000000e+00
69 133 6.552935e-03 1.646023e-02 0 3 1 3 4.556448e-14 0.000000e+00
69 134 6.552935e-03 2.072220e-02 0 3 1 3 3.997632e-14 0.000000e+00
69 135 6.552935e-03 2.608770e-02 0 3 1 3 3.431829e-14 0.000000e+00
69 136 6.552935e-03 3.284247e-02 0 3 1 3 2.864978e-14 0.000000e+00
69 137 6.552935e-03 4.134622e-02 0 3 1 3 2.310952e-14 0.000000e+00
69 138 6.552935e-03 5.205181e-02 0 3 1 3 1.788054e-14 0.000000e+00
69 139 6.552935e-03 6.552935e-02 0 3 1 3 1.315041e-14 0.000000e+00
70 120 8.249656e-03 8.249656e-04 0 3 1 3 6.213778e-14 0.000000e+00
70 121 8.249656e-03 1.038570e-03 0 3 1 3 6.214526e-14 0.000000e+00
70 122 8.249656e-03 1.307482e-03 0 3 1 3 6.215696e-14 0.000000e+00
70 123 8.249656e-03 1.646023e-03 0 3 1 3 6.217650e-14 0.000000e+00
70 124 8.249656e-03 2.072220e-03 0 3 1 3 6.220915e-14 0.000000e+00
70 125 8.249656e-03 2.608770e-03 0 3 1 3 6.226586e-14 0.000000e+00
70 126 8.249656e-03 3.284247e-03 0 3 1 3 6.236959e-14 0.000000e+00
70 127 8.249656e-03 4.134622e-03 0 3 1 3 6.257524e-14 0.000000e+00
70 128 8.249656e-03 5.205181e-03 0 3 1 3 6.303963e-14 0.000000e+00
70 129 8.249656e-03 6.552935e-03 0 3 1 3 6.436193e-14 0.000000e+00
70 130 8.249656e-03 8.249656e-03 0 3 1 3 6.531724e-14 0.000000e+00
70 131 8.249656e-03 1.038570e-02 0 3 1 3 5.799774e-14 0.000000e+00
70 132 8.249656e-03 1.307482e-02 0 3 1 3 5.126465e-14 0.000000e+00
70 133 8.249656e-03 1.646023e-02 0 3 1 3 4.554239e-14 0.000000e+00
70 134 8.249656e-03 2.072220e-02 0 3 1 3 3.995261e-14 0.000000e+00
70 135 8.249656e-03 2.608770e-02 0 3 1 3 3.431535e-14 0.000000e+00
70 136 8.249656e-03 3.284247e-02 0 3 1 3 2.866362e-14 0.000000e+00
70 137 8.249656e-03 4.134622e-02 0 3 1 3 2.313129e-14 0.000000e+00
70 138 8.249656e-03 5.205181e-02 0 3 1 3 1.790268e-14 0.000000e+00
70 139 8.249656e-03 6.552935e-02 0 3 1 3 1.316887e-14 0.000000e+00
71 120 1.038570e-02 8.249656e-04 0 3 1 3 5.660519e-14 0.000000e+00
71 121 1.038570e-02 1.038570e-03 0 3 1 3 5.660663e-14 0.000000e+00
71 122 1.038570e-02 1.307482e-03 0 3 1 3 5.660850e-14 0.000000e+00
71 123 1.038570e-02 1.646023e-03 0 3 1 3 5.661197e-14 0.000000e+00
71 124 1.038570e-02 2.072220e-03 0 3 1 3 5.661779e-14 0.000000e+00
71 125 1.038570e-02 2.608770e-03 0 3 1 3 5.662836e-14 0.000000e+00
71 126 1.038570e-02 3.284247e-03 0 3 1 3 5.664874e-14 0.000000e+00
71 127 1.038570e-02 4.134622e-03 0 3 1 3 5.669123e-14 0.000000e+00
71 128 1.038570e-02 5.205181e-03 0 3 1 3 5.678977e-14 0.000000e+00
71 129 1.038570e-02 6.552935e-03 0 3 1 3 5.705599e-14 0.000000e+00
71 130 1.038570e-02 8.249656e-03 0 3 1 3 5.799774e-14 0.000000e+00
71 131 1.038570e-02 1.038570e-02 0 3 1 3 5.864694e-14 0.000000e+00
71 132 1.038570e-02 1.307482e-02 0 3 1 3 5.187828e-14 0.000000e+00
71 133 1.038570e-02 1.646023e-02 0 3 1 3 4.555955e-14 0.000000e+00
71 134 1.038570e-02 2.072220e-02 0 3 1 3 3.992006e-14 0.000000e+00
71 135 1.038570e-02 2.608770e-02 0 3 1 3 3.430968e-14 0.000000e+00
71 136 1.038570e-02 3.284247e-02 0 3 1 3 2.868448e-14 0.000000e+00
71 137 1.038570e-02 4.134622e-02 0 3 1 3 2.316521e-14 0.000000e+00
71 138 1.038570e-02 5.205181e-02 0 3 1 3 1.793760e-14 0.000000e+00
71 139 1.038570e-02 6.552935e-02 0 3 1 3 1.319810e-14 0.000000e+00
72 120 1.307482e-02 8.249656e-04 0 3 1 3 5.114327e-14 0.000000e+00
72 121 1.307482e-02 1.038570e-03 0 3 1 3 5.114289e-14 0.000000e+00
72 122 1.307482e-02 1.307482e-03 0 3 1 3 5.114183e-14 0.000000e+00
72 123 1.307482e-02 1.646023e-03 0 3 1 3 5.114054e-14 0.000000e+00
72 124 1.307482e-02 2.072220e-03 0 3 1 3 5.113840e-14 0.000000e+00
72 125 1.307482e-02 2.608770e-03 0 3 1 3 5.113537e-14 0.000000e+00
72 126 1.307482e-02 3.284247e-03 0 3 1 3 5.113138e-14 0.000000e+00
72 127 1.307482e-02 4.134622e-03 0 3 1 3 5.112737e-14 0.000000e+00
72 128 1.307482e-02 5.205181e-03 0 3 1 3 5.112773e-14 0.000000e+00
72 129 1.307482e-02 6.552935e-03 0 3 1 3 5.114963e-14 0.000000e+00
72 130 1.307482e-02 8.249656e-03 0 3 1 3 5.126465e-14 0.000000e+00
72 131 1.307482e-02 1.038570e-02 0 3 1 3 5.187828e-14 0.000000e+00
72 132 1.307482e-02 1.307482e-02 0 3 1 3 5.221090e-14 0.000000e+00
72 133 1.307482e-02 1.646023e-02 0 3 1 3 4.591970e-14 0.000000e+00
72 134 1.307482e-02 2.072220e-02 0 3 1 3 3.989580e-14 0.000000e+00
72 135 1.307482e-02 2.608770e-02 0 3 1 3 3.429953e-14 0.000000e+00
72 136 1.307482e-02 3.284247e-02 0 3 1 3 2.871489e-14 0.000000e+00
72 137 1.307482e-02 4.134622e-02 0 3 1 3 2.321751e-14 0.000000e+00
72 138 1.307482e-02 5.205181e-02 0 3 1 3 1.799244e-14 0.000000e+00
72 139 1.307482e-02 6.552935e-02 0 3 1 3 1.324433e-14 0.000000e+00
73 120 1.646023e-02 8.249656e-04 0 3 1 3 4.563149e-14 0.000000e+00
73 121 1.646023e-02 1.038570e-03 0 3 1 3 4.563096e-14 0.000000e+00
73 122 1.646023e-02 1.307482e-03 0 3 1 3 4.562967e-14 0.000000e+00
73 123 1.646023e-02 1.646023e-03 0 3 1 3 4.562791e-14 0.000000e+00
73 124 1.646023e-02 2.072220e-03 0 3 1 3 4.562496e-14 0.000000e+00
73 125 1.646023e-02 2.608770e-03 0 3 1 3 4.562037e-14 0.000000e+00
73 126 1.646023e-02 3.284247e-03 0 3 1 3 4.561324e-14 0.000000e+00
73 127 1.646023e-02 4.134622e-03 0 3 1 3 4.560236e-14 0.000000e+00
73 128 1.646023e-02 5.205181e-03 0 3 1 3 4.558630e-14 0.000000e+00
73 129 1.646023e-02 6.552935e-03 0 3 1 3 4.556448e-14 0.000000e+00
73 130 1.646023e-02 8.249656e-03 0 3 1 3 4.554239e-14 0.000000e+00
73 131 1.646023e-02 1.038570e-02 0 3 1 3 4.555955e-14 0.000000e+00
73 132 1.646023e-02 1.307482e-02 0 3 1 3 4.591970e-14 0.000000e+00
73 133 1.646023e-02 1.646023e-02 0 3 1 3 4.596331e-14 0.000000e+00
73 134 1.646023e-02 2.072220e-02 0 3 1 3 4.009161e-14 0.000000e+00
73 135 1.646023e-02 2.608770e-02 0 3 1 3 3.428988e-14 0.000000e+00
73 136 1.646023e-02 3.284247e-02 0 3 1 3 2.875695e-14 0.000000e+00
73 137 1.646023e-02 4.134622e-02 0 3 1 3 2.329668e-14 0.000000e+00
73 138 1.646023e-02 5.205181e-02 0 3 1 3 1.807805e-14 0.000000e+00
73 139 1.646023e-02 6.552935e-02 0 3 1 3 1.331735e-14 0.000000e+00
74 120 2.072220e-02 8.249656e-04 0 3 1 3 4.001865e-14 0.000000e+00
74 121 2.072220e-02 1.038570e-03 0 3 1 3 4.001845e-14 0.000000e+00
74 122 2.072220e-02 1.307482e-03 0 3 1 3 4.001766e-14 0.000000e+00
74 123 2.072220e-02 1.646023e-03 0 3 1 3 4.001673e-14 0.000000e+00
74 124 2.072220e-02 2.072220e-03 0 3 1 3 4.001511e-14 0.000000e+00
74 125 2.072220e-02 2.608770e-03 0 3 1 3 4.001255e-14 0.000000e+00
74 126 2.072220e-02 3.284247e-03 0 3 1 3 4.000848e-14 0.000000e+00
74 127 2.072220e-02 4.134622e-03 0 3 1 3 4.000207e-14 0.000000e+00
74 128 2.072220e-02 5.205181e-03 0 3 1 3 3.999199e-14 0.000000e+00
74 129 2.072220e-02 6.552935e-03 0 3 1 3 3.997632e-14 0.000000e+00
74 130 2.072220e-02 8.249656e-03 0 3 1 3 3.995261e-14 0.000000e+00
74 131 2.072220e-02 1.038570e-02 0 3 1 3 3.992006e-14 0.000000e+00
74 132 2.072220e-02 1.307482e-02 0 3 1 3 3.989580e-14 0.000000e+00
74 133 2.072220e-02 1.646023e-02 0 3 1 3 4.009161e-14 0.000000e+00
74 134 2.072220e-02 2.072220e-02 0 3 1 3 3.990677e-14 0.000000e+00
74 135 2.072220e-02 2.608770e-02 0 3 1 3 3.441696e-14 0.000000e+00
74 136 2.072220e-02 3.284247e-02 0 3 1 3 2.881304e-14 0.000000e+00
74 137 2.072220e-02 4.134622e-02 0 3 1 3 2.341276e-14 0.000000e+00
74 138 2.072220e-02 5.205181e-02 0 3 1 3 1.821022e-14 0.000000e+00
74 139 2.072220e-02 6.552935e-02 0 3 1 3 1.343234e-14 0.000000e+00
75 120 2.608770e-02 8.249656e-04 0 3 1 3 3.432156e-14 0.000000e+00
75 121 2.608770e-02 1.038570e-03 0 3 1 3 3.432174e-14 0.000000e+00
75 122 2.608770e-02 1.307482e-03 0 3 1 3 3.432159e-14 0.000000e+00
75 123 2.608770e-02 1.646023e-03 0 3 1 3 3.432167e-14 0.000000e+00
75 124 2.608770e-02 2.072220e-03 0 3 1 3 3.432156e-14 0.000000e+00
75 125 2.608770e-02 2.608770e-03 0 3 1 3 3.432139e-14 0.000000e+00
75 126 2.608770e-02 3.284247e-03 0 3 1 3 3.432113e-14 0.000000e+00
75 127 2.608770e-02 4.134622e-03 0 3 1 3 3.432066e-14 0.000000e+00
75 128 2.608770e-02 5.205181e-03 0 3 1 3 3.431984e-14 0.000000e+00
75 129 2.608770e-02 6.552935e-03 0 3 1 3 3.431829e-14 0.000000e+00
75 130 2.608770e-02 8.249656e-03 0 3 1 3 3.431535e-14 0.000000e+00
75 131 2.608770e-02 1.038570e-02 0 3 1 3 3.430968e-14 0.000000e+00
75 132 2.608770e-02 1.307482e-02 0 3 1 3 3.429953e-14 0.000000e+00
75 133 2.608770e-02 1.646023e-02 0 3 1 3 3.428988e-14 0.000000e+00
75 134 2.608770e-02 2.072220e-02 0 3 1 3 3.441696e-14 0.000000e+00
75 135 2.608770e-02 2.608770e-02 0 3 1 3 3.408903e-14 0.000000e+00
75 136 2.608770e-02 3.284247e-02 0 3 1 3 2.896362e-14 0.000000e+00
75 137 2.608770e-02 4.134622e-02 0 3 1 3 2.357418e-14 0.000000e+00
75 138 2.608770e-02 5.205181e-02 0 3 1 3 1.840994e-14 0.000000e+00
75 139 2.608770e-02 6.552935e-02 0 3 1 3 1.361245e-14 0.000000e+00
76 120 3.284247e-02 8.249656e-04 0 3 1 3 2.862516e-14 0.000000e+00
76 121 3.284247e-02 1.038570e-03 0 3 1 3 2.862560e-14 0.000000e+00
76 122 3.284247e-02 1.307482e-03 0 3 1 3 2.862586e-14 0.000000e+00
76 123 3.284247e-02 1.646023e-03 0 3 1 3 2.862656e-14 0.000000e+00
76 124 3.284247e-02 2.072220e-03 0 3 1 3 2.862749e-14 0.000000e+00
76 125 3.284247e-02 2.608770e-03 0 3 1 3 2.862898e-14 0.000000e+00
76 126 3.284247e-02 3.284247e-03 0 3 1 3 2.863132e-14 0.000000e+00
76 127 3.284247e-02 4.134622e-03 0 3 1 3 2.863500e-14 0.000000e+00
76 128 3.284247e-02 5.205181e-03 0 3 1 3 2.864079e-14 0.000000e+00
76 129 3.284247e-02 6.552935e-03 0 3 1 3 2.864978e-14 0.000000e+00
76 130 3.284247e-02 8.249656e-03 0 3 1 3 2.866362e-14 0.000000e+00
76 131 3.284247e-02 1.038570e-02 0 3 1 3 2.868448e-14 0.000000e+00
76 132 3.284247e-02 1.307482e-02 0 3 1 3 2.871489e-14 0.000000e+00
76 133 3.284247e-02 1.646023e-02 0 3 1 3 2.875695e-14 0.000000e+00
76 134 3.284247e-02 2.072220e-02 0 3 1 3 2.881304e-14 0.000000e+00
76 135 3.284247e-02 2.608770e-02 0 3 1 3 2.896362e-14 0.000000e+00
76 136 3.284247e-02 3.284247e-02 0 3 1 3 2.858980e-14 0.000000e+00
76 137 3.284247e-02 4.134622e-02 0 3 1 3 2.382682e-14 0.000000e+00
76 138 3.284247e-02 5.205181e-02 0 3 1 3 1.869920e-14 0.000000e+00
76 139 3.284247e-02 6.552935e-02 0 3 1 3 1.389102e-14 0.000000e+00
77 120 4.134622e-02 8.249656e-04 0 3 1 3 2.307205e-14 0.000000e+00
77 121 4.134622e-02 1.038570e-03 0 3 1 3 2.307262e-14 0.000000e+00
77 122 4.134622e-02 1.307482e-03 0 3 1 3 2.307309e-14 0.000000e+00
77 123 4.134622e-02 1.646023e-03 0 3 1 3 2.307410e-14 0.000000e+00
77 124 4.134622e-02 2.072220e-03 0 3 1 3 2.307549e-14 0.000000e+00
77 125 4.134622e-02 2.608770e-03 0 3 1 3 2.307771e-14 0.000000e+00
77 126 4.134622e-02 3.284247e-03 0 3 1 3 2.308123e-14 0.000000e+00
77 127 4.134622e-02 4.134622e-03 0 3 1 3 2.308683e-14 0.000000e+00
77 128 4.134622e-02 5.205181e-03 0 3 1 3 2.309564e-14 0.000000e+00
77 129 4.134622e-02 6.552935e-03 0 3 1 3 2.310952e-14 0.000000e+00
77 130 4.134622e-02 8.249656e-03 0 3 1 3 2.313129e-14 0.000000e+00
77 131 4.134622e-02 1.038570e-02 0 3 1 3 2.316521e-14 0.000000e+00
77 132 4.134622e-02 1.307482e-02 0 3 1 3 2.321751e-14 0.000000e+00
77 133 4.134622e-02 1.646023e-02 0 3 1 3 2.329668e-14 0.000000e+00
77 134 4.134622e-02 2.072220e-02 0 3 1 3 2.341276e-14 0.000000e+00
77 135 4.134622e-02 2.608770e-02 0 3 1 3 2.357418e-14 0.000000e+00
77 136 4.134622e-02 3.284247e-02 0 3 1 3 2.382682e-14 0.000000e+00
77 137 4.134622e-02 4.134622e-02 0 3 1 3 2.350324e-14 0.000000e+00
77 138 4.134622e-02 5.205181e-02 0 3 1 3 1.911041e-14 0.000000e+00
77 139 4.134622e-02 6.552935e-02 0 3 1 3 1.430920e-14 0.000000e+00
78 120 5.205181e-02 8.249656e-04 0 3 1 3 1.784290e-14 0.000000e+00
78 121 5.205181e-02 1.038570e-03 0 3 1 3 1.784345e-14 0.000000e+00
78 122 5.205181e-02 1.307482e-03 0 3 1 3 1.784390e-14 0.000000e+00
78 123 5.205181e-02 1.646023e-03 0 3 1 3 1.784489e-14 0.000000e+00
78 124 5.205181e-02 2.072220e-03 0 3 1 3 1.784628e-14 0.000000e+00
78 125 5.205181e-02 2.608770e-03 0 3 1 3 1.784851e-14 0.000000e+00
78 126 5.205181e-02 3.284247e-03 0 3 1 3 1.785206e-14 0.000000e+00
78 127 5.205181e-02 4.134622e-03 0 3 1 3 1.785766e-14 0.000000e+00
78 128 5.205181e-02 5.205181e-03 0 3 1 3 1.786652e-14 0.000000e+00
78 129 5.205181e-02 6.552935e-03 0 3 1 3 1.788054e-14 0.000000e+00
78 130 5.205181e-02 8.249656e-03 0 3 1 3 1.790268e-14 0.000000e+00
78 131 5.205181e-02 1.038570e-02 0 3 1 3 1.793760e-14 0.000000e+00
78 132 5.205181e-02 1.307482e-02 0 3 1 3 1.799244e-14 0.000000e+00
78 133 5.205181e-02 1.646023e-02 0 3 1 3 1.807805e-14 0.000000e+00
78 134 5.205181e-02 2.072220e-02 0 3 1 3 1.821022e-14 0.000000e+00
78 135 5.205181e-02 2.608770e-02 0 3 1 3 1.840994e-14 0.000000e+00
78 136 5.205181e-02 3.284247e-02 0 3 1 3 1.869920e-14 0.000000e+00
78 137 5.205181e-02 4.134622e-02 0 3 1 3 1.911041e-14 0.000000e+00
78 138 5.205181e-02 5.205181e-02 0 3 1 3 1.891951e-14 0.000000e+00
78 139 5.205181e-02 6.552935e-02 0 3 1 3 1.490628e-14 0.000000e+00
79 120 6.552935e-02 8.249656e-04 0 3 1 3 1.311911e-14 0.000000e+00
79 121 6.552935e-02 1.038570e-03 0 3 1 3 1.311960e-14 0.000000e+00
79 122 6.552935e-02 1.307482e-03 0 3 1 3 1.311997e-14 0.000000e+00
79 123 6.552935e-02 1.646023e-03 0 3 1 3 1.312081e-14 0.000000e+00
79 124 6.552935e-02 2.072220e-03 0 3 1 3 1.312196e-14 0.000000e+00
79 125 6.552935e-02 2.608770e-03 0 3 1 3 1.312381e-14 0.000000e+00
79 126 6.552935e-02 3.284247e-03 0 3 1 3 1.312674e-14 0.000000e+00
79 127 6.552935e-02 4.134622e-03 0 3 1 3 1.313138e-14 0.000000e+00
79 128 6.552935e-02 5.205181e-03 0 3 1 3 1.313875e-14 0.000000e+00
79 129 6.552935e-02 6.552935e-03 0 3 1 3 1.315041e-14 0.000000e+00
79 130 6.552935e-02 8.249656e-03 0 3 1 3 1.316887e-14 0.000000e+00
79 131 6.552935e-02 1.038570e-02 0 3 1 3 1.319810e-14 0.000000e+00
79 132 6.552935e-02 1.307482e-02 0 3 1 3 1.324433e-14 0.000000e+00
79 133 6.552935e-02 1.646023e-02 0 3 1 3 1.331735e-14 0.000000e+00
79 134 6.552935e-02 2.072220e-02 0 3 1 3 1.343234e-14 0.000000e+00
79 135 6.552935e-02 2.608770e-02 0 3 1 3 1.361245e-14 0.000000e+00
79 136 6.552935e-02 3.284247e-02 0 3 1 3 1.389102e-14 0.000000e+00
79 137 6.552935e-02 4.134622e-02 0 3 1 3 1.430920e-14 0.000000e+00
79 138 6.552935e-02 5.205181e-02 0 3 1 3 1.490628e-14 0.000000e+00
79 139 6.552935e-02 6.552935e-02 0 3 1 3 1.490755e-14 0.000000e+00
