# Please cite the following papers in research using this covariance:
# arXiv: 1601.05779, https://arxiv.org/abs/1601.05779
# arXiv: 1911.11947, https://arxiv.org/abs/1911.11947
# arXiv: 2004.04833, https://arxiv.org/abs/2004.04833
########################################################
0 40 8.249656e-04 8.249656e-04 0 0 0 2 1.752681e-13 3.601211e-13
0 41 8.249656e-04 1.038570e-03 0 0 0 2 1.531512e-13 3.160839e-13
0 42 8.249656e-04 1.307482e-03 0 0 0 2 1.275361e-13 2.733898e-13
0 43 8.249656e-04 1.646023e-03 0 0 0 2 1.055827e-13 2.327862e-13
0 44 8.249656e-04 2.072220e-03 0 0 0 2 8.754388e-14 1.951469e-13
0 45 8.249656e-04 2.608770e-03 0 0 0 2 7.305307e-14 1.611211e-13
0 46 8.249656e-04 3.284247e-03 0 0 0 2 6.154574e-14 1.311556e-13
0 47 8.249656e-04 4.134622e-03 0 0 0 2 5.241468e-14 1.056876e-13
0 48 8.249656e-04 5.205181e-03 0 0 0 2 4.509325e-14 8.437445e-14
0 49 8.249656e-04 6.552935e-03 0 0 0 2 3.909973e-14 6.722917e-14
0 50 8.249656e-04 8.249656e-03 0 0 0 2 3.405376e-14 5.364479e-14
0 51 8.249656e-04 1.038570e-02 0 0 0 2 2.967450e-14 4.278223e-14
0 52 8.249656e-04 1.307482e-02 0 0 0 2 2.576862e-14 3.456367e-14
0 53 8.249656e-04 1.646023e-02 0 0 0 2 2.221244e-14 2.777723e-14
0 54 8.249656e-04 2.072220e-02 0 0 0 2 1.893464e-14 2.242539e-14
0 55 8.249656e-04 2.608770e-02 0 0 0 2 1.589958e-14 1.807470e-14
0 56 8.249656e-04 3.284247e-02 0 0 0 2 1.309662e-14 1.425104e-14
0 57 8.249656e-04 4.134622e-02 0 0 0 2 1.053186e-14 1.120401e-14
0 58 8.249656e-04 5.205181e-02 0 0 0 2 8.223925e-15 8.553418e-15
0 59 8.249656e-04 6.552935e-02 0 0 0 2 6.196652e-15 6.359340e-15
1 40 1.038570e-03 8.249656e-04 0 0 0 2 1.531512e-13 3.160839e-13
1 41 1.038570e-03 1.038570e-03 0 0 0 2 1.522855e-13 2.780331e-13
1 42 1.038570e-03 1.307482e-03 0 0 0 2 1.315403e-13 2.410318e-13
1 43 1.038570e-03 1.646023e-03 0 0 0 2 1.081815e-13 2.057166e-13
1 44 1.038570e-03 2.072220e-03 0 0 0 2 8.903617e-14 1.728464e-13
1 45 1.038570e-03 2.608770e-03 0 0 0 2 7.385350e-14 1.430057e-13
1 46 1.038570e-03 3.284247e-03 0 0 0 2 6.195254e-14 1.166109e-13
1 47 1.038570e-03 4.134622e-03 0 0 0 2 5.261209e-14 9.406934e-14
1 48 1.038570e-03 5.205181e-03 0 0 0 2 4.518541e-14 7.513810e-14
1 49 1.038570e-03 6.552935e-03 0 0 0 2 3.914148e-14 5.985071e-14
1 50 1.038570e-03 8.249656e-03 0 0 0 2 3.407241e-14 4.770484e-14
1 51 1.038570e-03 1.038570e-02 0 0 0 2 2.968296e-14 3.799612e-14
1 52 1.038570e-03 1.307482e-02 0 0 0 2 2.577262e-14 3.064394e-14
1 53 1.038570e-03 1.646023e-02 0 0 0 2 2.221451e-14 2.459532e-14
1 54 1.038570e-03 2.072220e-02 0 0 0 2 1.893583e-14 1.984127e-14
1 55 1.038570e-03 2.608770e-02 0 0 0 2 1.590033e-14 1.598803e-14
1 56 1.038570e-03 3.284247e-02 0 0 0 2 1.309714e-14 1.261160e-14
1 57 1.038570e-03 4.134622e-02 0 0 0 2 1.053227e-14 9.930235e-15
1 58 1.038570e-03 5.205181e-02 0 0 0 2 8.224218e-15 7.594577e-15
1 59 1.038570e-03 6.552935e-02 0 0 0 2 6.196889e-15 5.662146e-15
2 40 1.307482e-03 8.249656e-04 0 0 0 2 1.275361e-13 2.733898e-13
2 41 1.307482e-03 1.038570e-03 0 0 0 2 1.315403e-13 2.410318e-13
2 42 1.307482e-03 1.307482e-03 0 0 0 2 1.318033e-13 2.094786e-13
2 43 1.307482e-03 1.646023e-03 0 0 0 2 1.125571e-13 1.792603e-13
2 44 1.307482e-03 2.072220e-03 0 0 0 2 9.159468e-14 1.510161e-13
2 45 1.307482e-03 2.608770e-03 0 0 0 2 7.520825e-14 1.252512e-13
2 46 1.307482e-03 3.284247e-03 0 0 0 2 6.263058e-14 1.023435e-13
2 47 1.307482e-03 4.134622e-03 0 0 0 2 5.293666e-14 8.267485e-14
2 48 1.307482e-03 5.205181e-03 0 0 0 2 4.533518e-14 6.608923e-14
2 49 1.307482e-03 6.552935e-03 0 0 0 2 3.920871e-14 5.263574e-14
2 50 1.307482e-03 8.249656e-03 0 0 0 2 3.410215e-14 4.191068e-14
2 51 1.307482e-03 1.038570e-02 0 0 0 2 2.969621e-14 3.333887e-14
2 52 1.307482e-03 1.307482e-02 0 0 0 2 2.577872e-14 2.683735e-14
2 53 1.307482e-03 1.646023e-02 0 0 0 2 2.221757e-14 2.150892e-14
2 54 1.307482e-03 2.072220e-02 0 0 0 2 1.893743e-14 1.733501e-14
2 55 1.307482e-03 2.608770e-02 0 0 0 2 1.590131e-14 1.396286e-14
2 56 1.307482e-03 3.284247e-02 0 0 0 2 1.309774e-14 1.101850e-14
2 57 1.307482e-03 4.134622e-02 0 0 0 2 1.053268e-14 8.688776e-15
2 58 1.307482e-03 5.205181e-02 0 0 0 2 8.224468e-15 6.656902e-15
2 59 1.307482e-03 6.552935e-02 0 0 0 2 6.197052e-15 4.977234e-15
3 40 1.646023e-03 8.249656e-04 0 0 0 2 1.055827e-13 2.327862e-13
3 41 1.646023e-03 1.038570e-03 0 0 0 2 1.081815e-13 2.057166e-13
3 42 1.646023e-03 1.307482e-03 0 0 0 2 1.125571e-13 1.792603e-13
3 43 1.646023e-03 1.646023e-03 0 0 0 2 1.138004e-13 1.538524e-13
3 44 1.646023e-03 2.072220e-03 0 0 0 2 9.612010e-14 1.300088e-13
3 45 1.646023e-03 2.608770e-03 0 0 0 2 7.759636e-14 1.081406e-13
3 46 1.646023e-03 3.284247e-03 0 0 0 2 6.379775e-14 8.858022e-14
3 47 1.646023e-03 4.134622e-03 0 0 0 2 5.348343e-14 7.168504e-14
3 48 1.646023e-03 5.205181e-03 0 0 0 2 4.558320e-14 5.736891e-14
3 49 1.646023e-03 6.552935e-03 0 0 0 2 3.931860e-14 4.569391e-14
3 50 1.646023e-03 8.249656e-03 0 0 0 2 3.415035e-14 3.634985e-14
3 51 1.646023e-03 1.038570e-02 0 0 0 2 2.971762e-14 2.888120e-14
3 52 1.646023e-03 1.307482e-02 0 0 0 2 2.578867e-14 2.320233e-14
3 53 1.646023e-03 1.646023e-02 0 0 0 2 2.222255e-14 1.856602e-14
3 54 1.646023e-03 2.072220e-02 0 0 0 2 1.894018e-14 1.494609e-14
3 55 1.646023e-03 2.608770e-02 0 0 0 2 1.590303e-14 1.203138e-14
3 56 1.646023e-03 3.284247e-02 0 0 0 2 1.309886e-14 9.497038e-15
3 57 1.646023e-03 4.134622e-02 0 0 0 2 1.053347e-14 7.499303e-15
3 58 1.646023e-03 5.205181e-02 0 0 0 2 8.225014e-15 5.755193e-15
3 59 1.646023e-03 6.552935e-02 0 0 0 2 6.197446e-15 4.315312e-15
4 40 2.072220e-03 8.249656e-04 0 0 0 2 8.754388e-14 1.951469e-13
4 41 2.072220e-03 1.038570e-03 0 0 0 2 8.903617e-14 1.728464e-13
4 42 2.072220e-03 1.307482e-03 0 0 0 2 9.159468e-14 1.510161e-13
4 43 2.072220e-03 1.646023e-03 0 0 0 2 9.612010e-14 1.300088e-13
4 44 2.072220e-03 2.072220e-03 0 0 0 2 9.814381e-14 1.102288e-13
4 45 2.072220e-03 2.608770e-03 0 0 0 2 8.205096e-14 9.199404e-14
4 46 2.072220e-03 3.284247e-03 0 0 0 2 6.591664e-14 7.558290e-14
4 47 2.072220e-03 4.134622e-03 0 0 0 2 5.444058e-14 6.131360e-14
4 48 2.072220e-03 5.205181e-03 0 0 0 2 4.600476e-14 4.914595e-14
4 49 2.072220e-03 6.552935e-03 0 0 0 2 3.950128e-14 3.915771e-14
4 50 2.072220e-03 8.249656e-03 0 0 0 2 3.422914e-14 3.112947e-14
4 51 2.072220e-03 1.038570e-02 0 0 0 2 2.975212e-14 2.470892e-14
4 52 2.072220e-03 1.307482e-02 0 0 0 2 2.580449e-14 1.980923e-14
4 53 2.072220e-03 1.646023e-02 0 0 0 2 2.223040e-14 1.582417e-14
4 54 2.072220e-03 2.072220e-02 0 0 0 2 1.894450e-14 1.272167e-14
4 55 2.072220e-03 2.608770e-02 0 0 0 2 1.590560e-14 1.023166e-14
4 56 2.072220e-03 3.284247e-02 0 0 0 2 1.310052e-14 8.077003e-15
4 57 2.072220e-03 4.134622e-02 0 0 0 2 1.053460e-14 6.384994e-15
4 58 2.072220e-03 5.205181e-02 0 0 0 2 8.225787e-15 4.907065e-15
4 59 2.072220e-03 6.552935e-02 0 0 0 2 6.197969e-15 3.689300e-15
5 40 2.608770e-03 8.249656e-04 0 0 0 2 7.305307e-14 1.611211e-13
5 41 2.608770e-03 1.038570e-03 0 0 0 2 7.385350e-14 1.430057e-13
5 42 2.608770e-03 1.307482e-03 0 0 0 2 7.520825e-14 1.252512e-13
5 43 2.608770e-03 1.646023e-03 0 0 0 2 7.759636e-14 1.081406e-13
5 44 2.608770e-03 2.072220e-03 0 0 0 2 8.205096e-14 9.199404e-14
5 45 2.608770e-03 2.608770e-03 0 0 0 2 8.462782e-14 7.705944e-14
5 46 2.608770e-03 3.284247e-03 0 0 0 2 7.010614e-14 6.355331e-14
5 47 2.608770e-03 4.134622e-03 0 0 0 2 5.623297e-14 5.172459e-14
5 48 2.608770e-03 5.205181e-03 0 0 0 2 4.675536e-14 4.155044e-14
5 49 2.608770e-03 6.552935e-03 0 0 0 2 3.981461e-14 3.313014e-14
5 50 2.608770e-03 8.249656e-03 0 0 0 2 3.436065e-14 2.633222e-14
5 51 2.608770e-03 1.038570e-02 0 0 0 2 2.980863e-14 2.088577e-14
5 52 2.608770e-03 1.307482e-02 0 0 0 2 2.583008e-14 1.670904e-14
5 53 2.608770e-03 1.646023e-02 0 0 0 2 2.224300e-14 1.332484e-14
5 54 2.608770e-03 2.072220e-02 0 0 0 2 1.895136e-14 1.069584e-14
5 55 2.608770e-03 2.608770e-02 0 0 0 2 1.590969e-14 8.591287e-15
5 56 2.608770e-03 3.284247e-02 0 0 0 2 1.310319e-14 6.780367e-15
5 57 2.608770e-03 4.134622e-02 0 0 0 2 1.053638e-14 5.363496e-15
5 58 2.608770e-03 5.205181e-02 0 0 0 2 8.227042e-15 4.126474e-15
5 59 2.608770e-03 6.552935e-02 0 0 0 2 6.198811e-15 3.109934e-15
6 40 3.284247e-03 8.249656e-04 0 0 0 2 6.154574e-14 1.311556e-13
6 41 3.284247e-03 1.038570e-03 0 0 0 2 6.195254e-14 1.166109e-13
6 42 3.284247e-03 1.307482e-03 0 0 0 2 6.263058e-14 1.023435e-13
6 43 3.284247e-03 1.646023e-03 0 0 0 2 6.379775e-14 8.858022e-14
6 44 3.284247e-03 2.072220e-03 0 0 0 2 6.591664e-14 7.558290e-14
6 45 3.284247e-03 2.608770e-03 0 0 0 2 7.010614e-14 6.355331e-14
6 46 3.284247e-03 3.284247e-03 0 0 0 2 7.300442e-14 5.264770e-14
6 47 3.284247e-03 4.134622e-03 0 0 0 2 6.000880e-14 4.302952e-14
6 48 3.284247e-03 5.205181e-03 0 0 0 2 4.820593e-14 3.467096e-14
6 49 3.284247e-03 6.552935e-03 0 0 0 2 4.038116e-14 2.768688e-14
6 50 3.284247e-03 8.249656e-03 0 0 0 2 3.458769e-14 2.201742e-14
6 51 3.284247e-03 1.038570e-02 0 0 0 2 2.990308e-14 1.745453e-14
6 52 3.284247e-03 1.307482e-02 0 0 0 2 2.587186e-14 1.393482e-14
6 53 3.284247e-03 1.646023e-02 0 0 0 2 2.226326e-14 1.109469e-14
6 54 3.284247e-03 2.072220e-02 0 0 0 2 1.896229e-14 8.890939e-15
6 55 3.284247e-03 2.608770e-02 0 0 0 2 1.591623e-14 7.128829e-15
6 56 3.284247e-03 3.284247e-02 0 0 0 2 1.310740e-14 5.622787e-15
6 57 3.284247e-03 4.134622e-02 0 0 0 2 1.053923e-14 4.448122e-15
6 58 3.284247e-03 5.205181e-02 0 0 0 2 8.229038e-15 3.424353e-15
6 59 3.284247e-03 6.552935e-02 0 0 0 2 6.200145e-15 2.585941e-15
7 40 4.134622e-03 8.249656e-04 0 0 0 2 5.241468e-14 1.056876e-13
7 41 4.134622e-03 1.038570e-03 0 0 0 2 5.261209e-14 9.406934e-14
7 42 4.134622e-03 1.307482e-03 0 0 0 2 5.293666e-14 8.267485e-14
7 43 4.134622e-03 1.646023e-03 0 0 0 2 5.348343e-14 7.168504e-14
7 44 4.134622e-03 2.072220e-03 0 0 0 2 5.444058e-14 6.131360e-14
7 45 4.134622e-03 2.608770e-03 0 0 0 2 5.623297e-14 5.172459e-14
7 46 4.134622e-03 3.284247e-03 0 0 0 2 6.000880e-14 4.302952e-14
7 47 4.134622e-03 4.134622e-03 0 0 0 2 6.301347e-14 3.533055e-14
7 48 4.134622e-03 5.205181e-03 0 0 0 2 5.147646e-14 2.858860e-14
7 49 4.134622e-03 6.552935e-03 0 0 0 2 4.150968e-14 2.290377e-14
7 50 4.134622e-03 8.249656e-03 0 0 0 2 3.500340e-14 1.824556e-14
7 51 4.134622e-03 1.038570e-02 0 0 0 2 3.006653e-14 1.446016e-14
7 52 4.134622e-03 1.307482e-02 0 0 0 2 2.594151e-14 1.152255e-14
7 53 4.134622e-03 1.646023e-02 0 0 0 2 2.229626e-14 9.162488e-15
7 54 4.134622e-03 2.072220e-02 0 0 0 2 1.897985e-14 7.330512e-15
7 55 4.134622e-03 2.608770e-02 0 0 0 2 1.592663e-14 5.864000e-15
7 56 4.134622e-03 3.284247e-02 0 0 0 2 1.311408e-14 4.621188e-15
7 57 4.134622e-03 4.134622e-02 0 0 0 2 1.054378e-14 3.653068e-15
7 58 4.134622e-03 5.205181e-02 0 0 0 2 8.232179e-15 2.812018e-15
7 59 4.134622e-03 6.552935e-02 0 0 0 2 6.202267e-15 2.126031e-15
8 40 5.205181e-03 8.249656e-04 0 0 0 2 4.509325e-14 8.437445e-14
8 41 5.205181e-03 1.038570e-03 0 0 0 2 4.518541e-14 7.513810e-14
8 42 5.205181e-03 1.307482e-03 0 0 0 2 4.533518e-14 6.608923e-14
8 43 5.205181e-03 1.646023e-03 0 0 0 2 4.558320e-14 5.736891e-14
8 44 5.205181e-03 2.072220e-03 0 0 0 2 4.600476e-14 4.914595e-14
8 45 5.205181e-03 2.608770e-03 0 0 0 2 4.675536e-14 4.155044e-14
8 46 5.205181e-03 3.284247e-03 0 0 0 2 4.820593e-14 3.467096e-14
8 47 5.205181e-03 4.134622e-03 0 0 0 2 5.147646e-14 2.858860e-14
8 48 5.205181e-03 5.205181e-03 0 0 0 2 5.440531e-14 2.326080e-14
8 49 5.205181e-03 6.552935e-03 0 0 0 2 4.424093e-14 1.873957e-14
8 50 5.205181e-03 8.249656e-03 0 0 0 2 3.585368e-14 1.497818e-14
8 51 5.205181e-03 1.038570e-02 0 0 0 2 3.036776e-14 1.187189e-14
8 52 5.205181e-03 1.307482e-02 0 0 0 2 2.606164e-14 9.447289e-15
8 53 5.205181e-03 1.646023e-02 0 0 0 2 2.235083e-14 7.505819e-15
8 54 5.205181e-03 2.072220e-02 0 0 0 2 1.900827e-14 5.994946e-15
8 55 5.205181e-03 2.608770e-02 0 0 0 2 1.594329e-14 4.782174e-15
8 56 5.205181e-03 3.284247e-02 0 0 0 2 1.312475e-14 3.765503e-15
8 57 5.205181e-03 4.134622e-02 0 0 0 2 1.055099e-14 2.972215e-15
8 58 5.205181e-03 5.205181e-02 0 0 0 2 8.237153e-15 2.286233e-15
8 59 5.205181e-03 6.552935e-02 0 0 0 2 6.205640e-15 1.729103e-15
9 40 6.552935e-03 8.249656e-04 0 0 0 2 3.909973e-14 6.722917e-14
9 41 6.552935e-03 1.038570e-03 0 0 0 2 3.914148e-14 5.985071e-14
9 42 6.552935e-03 1.307482e-03 0 0 0 2 3.920871e-14 5.263574e-14
9 43 6.552935e-03 1.646023e-03 0 0 0 2 3.931860e-14 4.569391e-14
9 44 6.552935e-03 2.072220e-03 0 0 0 2 3.950128e-14 3.915771e-14
9 45 6.552935e-03 2.608770e-03 0 0 0 2 3.981461e-14 3.313014e-14
9 46 6.552935e-03 3.284247e-03 0 0 0 2 4.038116e-14 2.768688e-14
9 47 6.552935e-03 4.134622e-03 0 0 0 2 4.150968e-14 2.290377e-14
9 48 6.552935e-03 5.205181e-03 0 0 0 2 4.424093e-14 1.873957e-14
9 49 6.552935e-03 6.552935e-03 0 0 0 2 4.695494e-14 1.519975e-14
9 50 6.552935e-03 8.249656e-03 0 0 0 2 3.806187e-14 1.221060e-14
9 51 6.552935e-03 1.038570e-02 0 0 0 2 3.099529e-14 9.697993e-15
9 52 6.552935e-03 1.307482e-02 0 0 0 2 2.628237e-14 7.721381e-15
9 53 6.552935e-03 1.646023e-02 0 0 0 2 2.244399e-14 6.131936e-15
9 54 6.552935e-03 2.072220e-02 0 0 0 2 1.905487e-14 4.887046e-15
9 55 6.552935e-03 2.608770e-02 0 0 0 2 1.597007e-14 3.887161e-15
9 56 6.552935e-03 3.284247e-02 0 0 0 2 1.314173e-14 3.058613e-15
9 57 6.552935e-03 4.134622e-02 0 0 0 2 1.056245e-14 2.408524e-15
9 58 6.552935e-03 5.205181e-02 0 0 0 2 8.245067e-15 1.850003e-15
9 59 6.552935e-03 6.552935e-02 0 0 0 2 6.210972e-15 1.398135e-15
10 40 8.249656e-03 8.249656e-04 0 0 0 2 3.405376e-14 5.364479e-14
10 41 8.249656e-03 1.038570e-03 0 0 0 2 3.407241e-14 4.770484e-14
10 42 8.249656e-03 1.307482e-03 0 0 0 2 3.410215e-14 4.191068e-14
10 43 8.249656e-03 1.646023e-03 0 0 0 2 3.415035e-14 3.634985e-14
10 44 8.249656e-03 2.072220e-03 0 0 0 2 3.422914e-14 3.112947e-14
10 45 8.249656e-03 2.608770e-03 0 0 0 2 3.436065e-14 2.633222e-14
10 46 8.249656e-03 3.284247e-03 0 0 0 2 3.458769e-14 2.201742e-14
10 47 8.249656e-03 4.134622e-03 0 0 0 2 3.500340e-14 1.824556e-14
10 48 8.249656e-03 5.205181e-03 0 0 0 2 3.585368e-14 1.497818e-14
10 49 8.249656e-03 6.552935e-03 0 0 0 2 3.806187e-14 1.221060e-14
10 50 8.249656e-03 8.249656e-03 0 0 0 2 4.046907e-14 9.870493e-15
10 51 8.249656e-03 1.038570e-02 0 0 0 2 3.273360e-14 7.887760e-15
10 52 8.249656e-03 1.307482e-02 0 0 0 2 2.674413e-14 6.306065e-15
10 53 8.249656e-03 1.646023e-02 0 0 0 2 2.261266e-14 5.007544e-15
10 54 8.249656e-03 2.072220e-02 0 0 0 2 1.913321e-14 3.978247e-15
10 55 8.249656e-03 2.608770e-02 0 0 0 2 1.601363e-14 3.157204e-15
10 56 8.249656e-03 3.284247e-02 0 0 0 2 1.316897e-14 2.482521e-15
10 57 8.249656e-03 4.134622e-02 0 0 0 2 1.058070e-14 1.948589e-15
10 58 8.249656e-03 5.205181e-02 0 0 0 2 8.257622e-15 1.493960e-15
10 59 8.249656e-03 6.552935e-02 0 0 0 2 6.219435e-15 1.127170e-15
11 40 1.038570e-02 8.249656e-04 0 0 0 2 2.967450e-14 4.278223e-14
11 41 1.038570e-02 1.038570e-03 0 0 0 2 2.968296e-14 3.799612e-14
11 42 1.038570e-02 1.307482e-03 0 0 0 2 2.969621e-14 3.333887e-14
11 43 1.038570e-02 1.646023e-03 0 0 0 2 2.971762e-14 2.888120e-14
11 44 1.038570e-02 2.072220e-03 0 0 0 2 2.975212e-14 2.470892e-14
11 45 1.038570e-02 2.608770e-03 0 0 0 2 2.980863e-14 2.088577e-14
11 46 1.038570e-02 3.284247e-03 0 0 0 2 2.990308e-14 1.745453e-14
11 47 1.038570e-02 4.134622e-03 0 0 0 2 3.006653e-14 1.446016e-14
11 48 1.038570e-02 5.205181e-03 0 0 0 2 3.036776e-14 1.187189e-14
11 49 1.038570e-02 6.552935e-03 0 0 0 2 3.099529e-14 9.697993e-15
11 50 1.038570e-02 8.249656e-03 0 0 0 2 3.273360e-14 7.887760e-15
11 51 1.038570e-02 1.038570e-02 0 0 0 2 3.478735e-14 6.364528e-15
11 52 1.038570e-02 1.307482e-02 0 0 0 2 2.808768e-14 5.127375e-15
11 53 1.038570e-02 1.646023e-02 0 0 0 2 2.295992e-14 4.075800e-15
11 54 1.038570e-02 2.072220e-02 0 0 0 2 1.927167e-14 3.228488e-15
11 55 1.038570e-02 2.608770e-02 0 0 0 2 1.608578e-14 2.559676e-15
11 56 1.038570e-02 3.284247e-02 0 0 0 2 1.321294e-14 2.010410e-15
11 57 1.038570e-02 4.134622e-02 0 0 0 2 1.060986e-14 1.572143e-15
11 58 1.038570e-02 5.205181e-02 0 0 0 2 8.277605e-15 1.203399e-15
11 59 1.038570e-02 6.552935e-02 0 0 0 2 6.232889e-15 9.062719e-16
12 40 1.307482e-02 8.249656e-04 0 0 0 2 2.576862e-14 3.456367e-14
12 41 1.307482e-02 1.038570e-03 0 0 0 2 2.577262e-14 3.064394e-14
12 42 1.307482e-02 1.307482e-03 0 0 0 2 2.577872e-14 2.683735e-14
12 43 1.307482e-02 1.646023e-03 0 0 0 2 2.578867e-14 2.320233e-14
12 44 1.307482e-02 2.072220e-03 0 0 0 2 2.580449e-14 1.980923e-14
12 45 1.307482e-02 2.608770e-03 0 0 0 2 2.583008e-14 1.670904e-14
12 46 1.307482e-02 3.284247e-03 0 0 0 2 2.587186e-14 1.393482e-14
12 47 1.307482e-02 4.134622e-03 0 0 0 2 2.594151e-14 1.152255e-14
12 48 1.307482e-02 5.205181e-03 0 0 0 2 2.606164e-14 9.447289e-15
12 49 1.307482e-02 6.552935e-03 0 0 0 2 2.628237e-14 7.721381e-15
12 50 1.307482e-02 8.249656e-03 0 0 0 2 2.674413e-14 6.306065e-15
12 51 1.307482e-02 1.038570e-02 0 0 0 2 2.808768e-14 5.127375e-15
12 52 1.307482e-02 1.307482e-02 0 0 0 2 2.978037e-14 4.164090e-15
12 53 1.307482e-02 1.646023e-02 0 0 0 2 2.399181e-14 3.326003e-15
12 54 1.307482e-02 2.072220e-02 0 0 0 2 1.954659e-14 2.639946e-15
12 55 1.307482e-02 2.608770e-02 0 0 0 2 1.620995e-14 2.094431e-15
12 56 1.307482e-02 3.284247e-02 0 0 0 2 1.328491e-14 1.640396e-15
12 57 1.307482e-02 4.134622e-02 0 0 0 2 1.065671e-14 1.277511e-15
12 58 1.307482e-02 5.205181e-02 0 0 0 2 8.309441e-15 9.767380e-16
12 59 1.307482e-02 6.552935e-02 0 0 0 2 6.254273e-15 7.342541e-16
13 40 1.646023e-02 8.249656e-04 0 0 0 2 2.221244e-14 2.777723e-14
13 41 1.646023e-02 1.038570e-03 0 0 0 2 2.221451e-14 2.459532e-14
13 42 1.646023e-02 1.307482e-03 0 0 0 2 2.221757e-14 2.150892e-14
13 43 1.646023e-02 1.646023e-03 0 0 0 2 2.222255e-14 1.856602e-14
13 44 1.646023e-02 2.072220e-03 0 0 0 2 2.223040e-14 1.582417e-14
13 45 1.646023e-02 2.608770e-03 0 0 0 2 2.224300e-14 1.332484e-14
13 46 1.646023e-02 3.284247e-03 0 0 0 2 2.226326e-14 1.109469e-14
13 47 1.646023e-02 4.134622e-03 0 0 0 2 2.229626e-14 9.162488e-15
13 48 1.646023e-02 5.205181e-03 0 0 0 2 2.235083e-14 7.505819e-15
13 49 1.646023e-02 6.552935e-03 0 0 0 2 2.244399e-14 6.131936e-15
13 50 1.646023e-02 8.249656e-03 0 0 0 2 2.261266e-14 5.007544e-15
13 51 1.646023e-02 1.038570e-02 0 0 0 2 2.295992e-14 4.075800e-15
13 52 1.646023e-02 1.307482e-02 0 0 0 2 2.399181e-14 3.326003e-15
13 53 1.646023e-02 1.646023e-02 0 0 0 2 2.534635e-14 2.681183e-15
13 54 1.646023e-02 2.072220e-02 0 0 0 2 2.034749e-14 2.148458e-15
13 55 1.646023e-02 2.608770e-02 0 0 0 2 1.644489e-14 1.708633e-15
13 56 1.646023e-02 3.284247e-02 0 0 0 2 1.340602e-14 1.331925e-15
13 57 1.646023e-02 4.134622e-02 0 0 0 2 1.073271e-14 1.033539e-15
13 58 1.646023e-02 5.205181e-02 0 0 0 2 8.360406e-15 7.899028e-16
13 59 1.646023e-02 6.552935e-02 0 0 0 2 6.288364e-15 5.932047e-16
14 40 2.072220e-02 8.249656e-04 0 0 0 2 1.893464e-14 2.242539e-14
14 41 2.072220e-02 1.038570e-03 0 0 0 2 1.893583e-14 1.984127e-14
14 42 2.072220e-02 1.307482e-03 0 0 0 2 1.893743e-14 1.733501e-14
14 43 2.072220e-02 1.646023e-03 0 0 0 2 1.894018e-14 1.494609e-14
14 44 2.072220e-02 2.072220e-03 0 0 0 2 1.894450e-14 1.272167e-14
14 45 2.072220e-02 2.608770e-03 0 0 0 2 1.895136e-14 1.069584e-14
14 46 2.072220e-02 3.284247e-03 0 0 0 2 1.896229e-14 8.890939e-15
14 47 2.072220e-02 4.134622e-03 0 0 0 2 1.897985e-14 7.330512e-15
14 48 2.072220e-02 5.205181e-03 0 0 0 2 1.900827e-14 5.994946e-15
14 49 2.072220e-02 6.552935e-03 0 0 0 2 1.905487e-14 4.887046e-15
14 50 2.072220e-02 8.249656e-03 0 0 0 2 1.913321e-14 3.978247e-15
14 51 2.072220e-02 1.038570e-02 0 0 0 2 1.927167e-14 3.228488e-15
14 52 2.072220e-02 1.307482e-02 0 0 0 2 1.954659e-14 2.639946e-15
14 53 2.072220e-02 1.646023e-02 0 0 0 2 2.034749e-14 2.148458e-15
14 54 2.072220e-02 2.072220e-02 0 0 0 2 2.140778e-14 1.742489e-15
14 55 2.072220e-02 2.608770e-02 0 0 0 2 1.708639e-14 1.392849e-15
14 56 2.072220e-02 3.284247e-02 0 0 0 2 1.362470e-14 1.083673e-15
14 57 2.072220e-02 4.134622e-02 0 0 0 2 1.085846e-14 8.404086e-16
14 58 2.072220e-02 5.205181e-02 0 0 0 2 8.442581e-15 6.421296e-16
14 59 2.072220e-02 6.552935e-02 0 0 0 2 6.342882e-15 4.814151e-16
15 40 2.608770e-02 8.249656e-04 0 0 0 2 1.589958e-14 1.807470e-14
15 41 2.608770e-02 1.038570e-03 0 0 0 2 1.590033e-14 1.598803e-14
15 42 2.608770e-02 1.307482e-03 0 0 0 2 1.590131e-14 1.396286e-14
15 43 2.608770e-02 1.646023e-03 0 0 0 2 1.590303e-14 1.203138e-14
15 44 2.608770e-02 2.072220e-03 0 0 0 2 1.590560e-14 1.023166e-14
15 45 2.608770e-02 2.608770e-03 0 0 0 2 1.590969e-14 8.591287e-15
15 46 2.608770e-02 3.284247e-03 0 0 0 2 1.591623e-14 7.128829e-15
15 47 2.608770e-02 4.134622e-03 0 0 0 2 1.592663e-14 5.864000e-15
15 48 2.608770e-02 5.205181e-03 0 0 0 2 1.594329e-14 4.782174e-15
15 49 2.608770e-02 6.552935e-03 0 0 0 2 1.597007e-14 3.887161e-15
15 50 2.608770e-02 8.249656e-03 0 0 0 2 1.601363e-14 3.157204e-15
15 51 2.608770e-02 1.038570e-02 0 0 0 2 1.608578e-14 2.559676e-15
15 52 2.608770e-02 1.307482e-02 0 0 0 2 1.620995e-14 2.094431e-15
15 53 2.608770e-02 1.646023e-02 0 0 0 2 1.644489e-14 1.708633e-15
15 54 2.608770e-02 2.072220e-02 0 0 0 2 1.708639e-14 1.392849e-15
15 55 2.608770e-02 2.608770e-02 0 0 0 2 1.790852e-14 1.121582e-15
15 56 2.608770e-02 3.284247e-02 0 0 0 2 1.416630e-14 8.791581e-16
15 57 2.608770e-02 4.134622e-02 0 0 0 2 1.107719e-14 6.852785e-16
15 58 2.608770e-02 5.205181e-02 0 0 0 2 8.577053e-15 5.228625e-16
15 59 2.608770e-02 6.552935e-02 0 0 0 2 6.430632e-15 3.902550e-16
16 40 3.284247e-02 8.249656e-04 0 0 0 2 1.309662e-14 1.425104e-14
16 41 3.284247e-02 1.038570e-03 0 0 0 2 1.309714e-14 1.261160e-14
16 42 3.284247e-02 1.307482e-03 0 0 0 2 1.309774e-14 1.101850e-14
16 43 3.284247e-02 1.646023e-03 0 0 0 2 1.309886e-14 9.497038e-15
16 44 3.284247e-02 2.072220e-03 0 0 0 2 1.310052e-14 8.077003e-15
16 45 3.284247e-02 2.608770e-03 0 0 0 2 1.310319e-14 6.780367e-15
16 46 3.284247e-02 3.284247e-03 0 0 0 2 1.310740e-14 5.622787e-15
16 47 3.284247e-02 4.134622e-03 0 0 0 2 1.311408e-14 4.621188e-15
16 48 3.284247e-02 5.205181e-03 0 0 0 2 1.312475e-14 3.765503e-15
16 49 3.284247e-02 6.552935e-03 0 0 0 2 1.314173e-14 3.058613e-15
16 50 3.284247e-02 8.249656e-03 0 0 0 2 1.316897e-14 2.482521e-15
16 51 3.284247e-02 1.038570e-02 0 0 0 2 1.321294e-14 2.010410e-15
16 52 3.284247e-02 1.307482e-02 0 0 0 2 1.328491e-14 1.640396e-15
16 53 3.284247e-02 1.646023e-02 0 0 0 2 1.340602e-14 1.331925e-15
16 54 3.284247e-02 2.072220e-02 0 0 0 2 1.362470e-14 1.083673e-15
16 55 3.284247e-02 2.608770e-02 0 0 0 2 1.416630e-14 8.791581e-16
16 56 3.284247e-02 3.284247e-02 0 0 0 2 1.481056e-14 6.996068e-16
16 57 3.284247e-02 4.134622e-02 0 0 0 2 1.156464e-14 5.508271e-16
16 58 3.284247e-02 5.205181e-02 0 0 0 2 8.805184e-15 4.196971e-16
16 59 3.284247e-02 6.552935e-02 0 0 0 2 6.573605e-15 3.116581e-16
17 40 4.134622e-02 8.249656e-04 0 0 0 2 1.053186e-14 1.120401e-14
17 41 4.134622e-02 1.038570e-03 0 0 0 2 1.053227e-14 9.930235e-15
17 42 4.134622e-02 1.307482e-03 0 0 0 2 1.053268e-14 8.688776e-15
17 43 4.134622e-02 1.646023e-03 0 0 0 2 1.053347e-14 7.499303e-15
17 44 4.134622e-02 2.072220e-03 0 0 0 2 1.053460e-14 6.384994e-15
17 45 4.134622e-02 2.608770e-03 0 0 0 2 1.053638e-14 5.363496e-15
17 46 4.134622e-02 3.284247e-03 0 0 0 2 1.053923e-14 4.448122e-15
17 47 4.134622e-02 4.134622e-03 0 0 0 2 1.054378e-14 3.653068e-15
17 48 4.134622e-02 5.205181e-03 0 0 0 2 1.055099e-14 2.972215e-15
17 49 4.134622e-02 6.552935e-03 0 0 0 2 1.056245e-14 2.408524e-15
17 50 4.134622e-02 8.249656e-03 0 0 0 2 1.058070e-14 1.948589e-15
17 51 4.134622e-02 1.038570e-02 0 0 0 2 1.060986e-14 1.572143e-15
17 52 4.134622e-02 1.307482e-02 0 0 0 2 1.065671e-14 1.277511e-15
17 53 4.134622e-02 1.646023e-02 0 0 0 2 1.073271e-14 1.033539e-15
17 54 4.134622e-02 2.072220e-02 0 0 0 2 1.085846e-14 8.404086e-16
17 55 4.134622e-02 2.608770e-02 0 0 0 2 1.107719e-14 6.852785e-16
17 56 4.134622e-02 3.284247e-02 0 0 0 2 1.156464e-14 5.508271e-16
17 57 4.134622e-02 4.134622e-02 0 0 0 2 1.208815e-14 4.379794e-16
17 58 4.134622e-02 5.205181e-02 0 0 0 2 9.269934e-15 3.351692e-16
17 59 4.134622e-02 6.552935e-02 0 0 0 2 6.813285e-15 2.495589e-16
18 40 5.205181e-02 8.249656e-04 0 0 0 2 8.223925e-15 8.553418e-15
18 41 5.205181e-02 1.038570e-03 0 0 0 2 8.224218e-15 7.594577e-15
18 42 5.205181e-02 1.307482e-03 0 0 0 2 8.224468e-15 6.656902e-15
18 43 5.205181e-02 1.646023e-03 0 0 0 2 8.225014e-15 5.755193e-15
18 44 5.205181e-02 2.072220e-03 0 0 0 2 8.225787e-15 4.907065e-15
18 45 5.205181e-02 2.608770e-03 0 0 0 2 8.227042e-15 4.126474e-15
18 46 5.205181e-02 3.284247e-03 0 0 0 2 8.229038e-15 3.424353e-15
18 47 5.205181e-02 4.134622e-03 0 0 0 2 8.232179e-15 2.812018e-15
18 48 5.205181e-02 5.205181e-03 0 0 0 2 8.237153e-15 2.286233e-15
18 49 5.205181e-02 6.552935e-03 0 0 0 2 8.245067e-15 1.850003e-15
18 50 5.205181e-02 8.249656e-03 0 0 0 2 8.257622e-15 1.493960e-15
18 51 5.205181e-02 1.038570e-02 0 0 0 2 8.277605e-15 1.203399e-15
18 52 5.205181e-02 1.307482e-02 0 0 0 2 8.309441e-15 9.767380e-16
18 53 5.205181e-02 1.646023e-02 0 0 0 2 8.360406e-15 7.899028e-16
18 54 5.205181e-02 2.072220e-02 0 0 0 2 8.442581e-15 6.421296e-16
18 55 5.205181e-02 2.608770e-02 0 0 0 2 8.577053e-15 5.228625e-16
18 56 5.205181e-02 3.284247e-02 0 0 0 2 8.805184e-15 4.196971e-16
18 57 5.205181e-02 4.134622e-02 0 0 0 2 9.269934e-15 3.351692e-16
18 58 5.205181e-02 5.205181e-02 0 0 0 2 9.720551e-15 2.594287e-16
18 59 5.205181e-02 6.552935e-02 0 0 0 2 7.272951e-15 1.957581e-16
19 40 6.552935e-02 8.249656e-04 0 0 0 2 6.196652e-15 6.359340e-15
19 41 6.552935e-02 1.038570e-03 0 0 0 2 6.196889e-15 5.662146e-15
19 42 6.552935e-02 1.307482e-03 0 0 0 2 6.197052e-15 4.977234e-15
19 43 6.552935e-02 1.646023e-03 0 0 0 2 6.197446e-15 4.315312e-15
19 44 6.552935e-02 2.072220e-03 0 0 0 2 6.197969e-15 3.689300e-15
19 45 6.552935e-02 2.608770e-03 0 0 0 2 6.198811e-15 3.109934e-15
19 46 6.552935e-02 3.284247e-03 0 0 0 2 6.200145e-15 2.585941e-15
19 47 6.552935e-02 4.134622e-03 0 0 0 2 6.202267e-15 2.126031e-15
19 48 6.552935e-02 5.205181e-03 0 0 0 2 6.205640e-15 1.729103e-15
19 49 6.552935e-02 6.552935e-03 0 0 0 2 6.210972e-15 1.398135e-15
19 50 6.552935e-02 8.249656e-03 0 0 0 2 6.219435e-15 1.127170e-15
19 51 6.552935e-02 1.038570e-02 0 0 0 2 6.232889e-15 9.062719e-16
19 52 6.552935e-02 1.307482e-02 0 0 0 2 6.254273e-15 7.342541e-16
19 53 6.552935e-02 1.646023e-02 0 0 0 2 6.288364e-15 5.932047e-16
19 54 6.552935e-02 2.072220e-02 0 0 0 2 6.342882e-15 4.814151e-16
19 55 6.552935e-02 2.608770e-02 0 0 0 2 6.430632e-15 3.902550e-16
19 56 6.552935e-02 3.284247e-02 0 0 0 2 6.573605e-15 3.116581e-16
19 57 6.552935e-02 4.134622e-02 0 0 0 2 6.813285e-15 2.495589e-16
19 58 6.552935e-02 5.205181e-02 0 0 0 2 7.272951e-15 1.957581e-16
19 59 6.552935e-02 6.552935e-02 0 0 0 2 7.687374e-15 1.502895e-16
