# Please cite the following papers in research using this covariance:
# arXiv: 1601.05779, https://arxiv.org/abs/1601.05779
# arXiv: 1911.11947, https://arxiv.org/abs/1911.11947
# arXiv: 2004.04833, https://arxiv.org/abs/2004.04833
########################################################
0 20 8.249656e-04 8.249656e-04 0 0 0 1 1.341418e-13 3.280057e-13
0 21 8.249656e-04 1.038570e-03 0 0 0 1 1.179611e-13 2.884782e-13
0 22 8.249656e-04 1.307482e-03 0 0 0 1 9.898780e-14 2.500527e-13
0 23 8.249656e-04 1.646023e-03 0 0 0 1 8.237214e-14 2.133993e-13
0 24 8.249656e-04 2.072220e-03 0 0 0 1 6.846865e-14 1.792997e-13
0 25 8.249656e-04 2.608770e-03 0 0 0 1 5.714468e-14 1.483481e-13
0 26 8.249656e-04 3.284247e-03 0 0 0 1 4.807537e-14 1.209749e-13
0 27 8.249656e-04 4.134622e-03 0 0 0 1 4.086051e-14 9.760162e-14
0 28 8.249656e-04 5.205181e-03 0 0 0 1 3.509576e-14 7.797043e-14
0 29 8.249656e-04 6.552935e-03 0 0 0 1 3.041654e-14 6.211962e-14
0 30 8.249656e-04 8.249656e-03 0 0 0 1 2.652120e-14 4.953077e-14
0 31 8.249656e-04 1.038570e-02 0 0 0 1 2.317773e-14 3.947008e-14
0 32 8.249656e-04 1.307482e-02 0 0 0 1 2.021951e-14 3.185292e-14
0 33 8.249656e-04 1.646023e-02 0 0 0 1 1.753584e-14 2.558565e-14
0 34 8.249656e-04 2.072220e-02 0 0 0 1 1.505906e-14 2.066108e-14
0 35 8.249656e-04 2.608770e-02 0 0 0 1 1.275234e-14 1.667107e-14
0 36 8.249656e-04 3.284247e-02 0 0 0 1 1.060274e-14 1.317224e-14
0 37 8.249656e-04 4.134622e-02 0 0 0 1 8.612668e-15 1.038799e-14
0 38 8.249656e-04 5.205181e-02 0 0 0 1 6.798248e-15 7.955789e-15
0 39 8.249656e-04 6.552935e-02 0 0 0 1 5.182554e-15 5.939009e-15
1 20 1.038570e-03 8.249656e-04 0 0 0 1 1.179611e-13 2.884782e-13
1 21 1.038570e-03 1.038570e-03 0 0 0 1 1.169082e-13 2.542437e-13
1 22 1.038570e-03 1.307482e-03 0 0 0 1 1.016450e-13 2.208683e-13
1 23 1.038570e-03 1.646023e-03 0 0 0 1 8.419922e-14 1.889240e-13
1 24 1.038570e-03 2.072220e-03 0 0 0 1 6.956361e-14 1.590901e-13
1 25 1.038570e-03 2.608770e-03 0 0 0 1 5.775328e-14 1.318996e-13
1 26 1.038570e-03 3.284247e-03 0 0 0 1 4.839418e-14 1.077501e-13
1 27 1.038570e-03 4.134622e-03 0 0 0 1 4.101918e-14 8.703209e-14
1 28 1.038570e-03 5.205181e-03 0 0 0 1 3.517127e-14 6.956816e-14
1 29 1.038570e-03 6.552935e-03 0 0 0 1 3.045114e-14 5.541281e-14
1 30 1.038570e-03 8.249656e-03 0 0 0 1 2.653667e-14 4.413888e-14
1 31 1.038570e-03 1.038570e-02 0 0 0 1 2.318462e-14 3.513007e-14
1 32 1.038570e-03 1.307482e-02 0 0 0 1 2.022266e-14 2.830183e-14
1 33 1.038570e-03 1.646023e-02 0 0 0 1 1.753739e-14 2.270319e-14
1 34 1.038570e-03 2.072220e-02 0 0 0 1 1.505990e-14 1.831823e-14
1 35 1.038570e-03 2.608770e-02 0 0 0 1 1.275286e-14 1.477641e-14
1 36 1.038570e-03 3.284247e-02 0 0 0 1 1.060311e-14 1.168033e-14
1 37 1.038570e-03 4.134622e-02 0 0 0 1 8.612967e-15 9.224400e-15
1 38 1.038570e-03 5.205181e-02 0 0 0 1 6.798470e-15 7.075892e-15
1 39 1.038570e-03 6.552935e-02 0 0 0 1 5.182740e-15 5.295563e-15
2 20 1.307482e-03 8.249656e-04 0 0 0 1 9.898780e-14 2.500527e-13
2 21 1.307482e-03 1.038570e-03 0 0 0 1 1.016450e-13 2.208683e-13
2 22 1.307482e-03 1.307482e-03 0 0 0 1 1.014329e-13 1.923396e-13
2 23 1.307482e-03 1.646023e-03 0 0 0 1 8.719803e-14 1.649451e-13
2 24 1.307482e-03 2.072220e-03 0 0 0 1 7.141535e-14 1.392574e-13
2 25 1.307482e-03 2.608770e-03 0 0 0 1 5.877505e-14 1.157369e-13
2 26 1.307482e-03 3.284247e-03 0 0 0 1 4.892299e-14 9.474245e-14
2 27 1.307482e-03 4.134622e-03 0 0 0 1 4.127930e-14 7.663691e-14
2 28 1.307482e-03 5.205181e-03 0 0 0 1 3.529378e-14 6.131259e-14
2 29 1.307482e-03 6.552935e-03 0 0 0 1 3.050680e-14 4.883555e-14
2 30 1.307482e-03 8.249656e-03 0 0 0 1 2.656131e-14 3.886414e-14
2 31 1.307482e-03 1.038570e-02 0 0 0 1 2.319541e-14 3.089478e-14
2 32 1.307482e-03 1.307482e-02 0 0 0 1 2.022746e-14 2.484366e-14
2 33 1.307482e-03 1.646023e-02 0 0 0 1 1.753967e-14 1.989971e-14
2 34 1.307482e-03 2.072220e-02 0 0 0 1 1.506101e-14 1.603986e-14
2 35 1.307482e-03 2.608770e-02 0 0 0 1 1.275352e-14 1.293243e-14
2 36 1.307482e-03 3.284247e-02 0 0 0 1 1.060350e-14 1.022623e-14
2 37 1.307482e-03 4.134622e-02 0 0 0 1 8.613243e-15 8.086939e-15
2 38 1.307482e-03 5.205181e-02 0 0 0 1 6.798638e-15 6.213162e-15
2 39 1.307482e-03 6.552935e-02 0 0 0 1 5.182854e-15 4.662114e-15
3 20 1.646023e-03 8.249656e-04 0 0 0 1 8.237214e-14 2.133993e-13
3 21 1.646023e-03 1.038570e-03 0 0 0 1 8.419922e-14 1.889240e-13
3 22 1.646023e-03 1.307482e-03 0 0 0 1 8.719803e-14 1.649451e-13
3 23 1.646023e-03 1.646023e-03 0 0 0 1 8.774452e-14 1.418562e-13
3 24 1.646023e-03 2.072220e-03 0 0 0 1 7.460454e-14 1.201217e-13
3 25 1.646023e-03 2.608770e-03 0 0 0 1 6.055040e-14 1.001178e-13
3 26 1.646023e-03 3.284247e-03 0 0 0 1 4.982582e-14 8.215898e-14
3 27 1.646023e-03 4.134622e-03 0 0 0 1 4.171547e-14 6.658120e-14
3 28 1.646023e-03 5.205181e-03 0 0 0 1 3.549615e-14 5.333260e-14
3 29 1.646023e-03 6.552935e-03 0 0 0 1 3.059770e-14 4.248804e-14
3 30 1.646023e-03 8.249656e-03 0 0 0 1 2.660126e-14 3.378649e-14
3 31 1.646023e-03 1.038570e-02 0 0 0 1 2.321286e-14 2.682884e-14
3 32 1.646023e-03 1.307482e-02 0 0 0 1 2.023529e-14 2.153182e-14
3 33 1.646023e-03 1.646023e-02 0 0 0 1 1.754339e-14 1.721902e-14
3 34 1.646023e-03 2.072220e-02 0 0 0 1 1.506295e-14 1.386198e-14
3 35 1.646023e-03 2.608770e-02 0 0 0 1 1.275470e-14 1.116842e-14
3 36 1.646023e-03 3.284247e-02 0 0 0 1 1.060426e-14 8.832923e-15
3 37 1.646023e-03 4.134622e-02 0 0 0 1 8.613796e-15 6.993459e-15
3 38 1.646023e-03 5.205181e-02 0 0 0 1 6.799033e-15 5.381080e-15
3 39 1.646023e-03 6.552935e-02 0 0 0 1 5.183152e-15 4.048467e-15
4 20 2.072220e-03 8.249656e-04 0 0 0 1 6.846865e-14 1.792997e-13
4 21 2.072220e-03 1.038570e-03 0 0 0 1 6.956361e-14 1.590901e-13
4 22 2.072220e-03 1.307482e-03 0 0 0 1 7.141535e-14 1.392574e-13
4 23 2.072220e-03 1.646023e-03 0 0 0 1 7.460454e-14 1.201217e-13
4 24 2.072220e-03 2.072220e-03 0 0 0 1 7.578359e-14 1.020490e-13
4 25 2.072220e-03 2.608770e-03 0 0 0 1 6.376888e-14 8.533275e-14
4 26 2.072220e-03 3.284247e-03 0 0 0 1 5.144043e-14 7.023673e-14
4 27 2.072220e-03 4.134622e-03 0 0 0 1 4.247277e-14 5.705784e-14
4 28 2.072220e-03 5.205181e-03 0 0 0 1 3.583870e-14 4.578011e-14
4 29 2.072220e-03 6.552935e-03 0 0 0 1 3.074854e-14 3.648911e-14
4 30 2.072220e-03 8.249656e-03 0 0 0 1 2.666652e-14 2.900154e-14
4 31 2.072220e-03 1.038570e-02 0 0 0 1 2.324100e-14 2.300866e-14
4 32 2.072220e-03 1.307482e-02 0 0 0 1 2.024774e-14 1.842887e-14
4 33 2.072220e-03 1.646023e-02 0 0 0 1 1.754923e-14 1.471244e-14
4 34 2.072220e-03 2.072220e-02 0 0 0 1 1.506597e-14 1.182692e-14
4 35 2.072220e-03 2.608770e-02 0 0 0 1 1.275644e-14 9.519017e-15
4 36 2.072220e-03 3.284247e-02 0 0 0 1 1.060537e-14 7.527899e-15
4 37 2.072220e-03 4.134622e-02 0 0 0 1 8.614562e-15 5.965518e-15
4 38 2.072220e-03 5.205181e-02 0 0 0 1 6.799577e-15 4.595892e-15
4 39 2.072220e-03 6.552935e-02 0 0 0 1 5.183534e-15 3.466412e-15
5 20 2.608770e-03 8.249656e-04 0 0 0 1 5.714468e-14 1.483481e-13
5 21 2.608770e-03 1.038570e-03 0 0 0 1 5.775328e-14 1.318996e-13
5 22 2.608770e-03 1.307482e-03 0 0 0 1 5.877505e-14 1.157369e-13
5 23 2.608770e-03 1.646023e-03 0 0 0 1 6.055040e-14 1.001178e-13
5 24 2.608770e-03 2.072220e-03 0 0 0 1 6.376888e-14 8.533275e-14
5 25 2.608770e-03 2.608770e-03 0 0 0 1 6.542608e-14 7.161210e-14
5 26 2.608770e-03 3.284247e-03 0 0 0 1 5.453672e-14 5.916277e-14
5 27 2.608770e-03 4.134622e-03 0 0 0 1 4.386960e-14 4.821825e-14
5 28 2.608770e-03 5.205181e-03 0 0 0 1 3.644406e-14 3.877458e-14
5 29 2.608770e-03 6.552935e-03 0 0 0 1 3.100642e-14 3.093261e-14
5 30 2.608770e-03 8.249656e-03 0 0 0 1 2.677537e-14 2.458394e-14
5 31 2.608770e-03 1.038570e-02 0 0 0 1 2.328714e-14 1.949162e-14
5 32 2.608770e-03 1.307482e-02 0 0 0 1 2.026791e-14 1.558062e-14
5 33 2.608770e-03 1.646023e-02 0 0 0 1 1.755863e-14 1.241731e-14
5 34 2.608770e-03 2.072220e-02 0 0 0 1 1.507077e-14 9.965777e-15
5 35 2.608770e-03 2.608770e-02 0 0 0 1 1.275921e-14 8.009950e-15
5 36 2.608770e-03 3.284247e-02 0 0 0 1 1.060715e-14 6.332176e-15
5 37 2.608770e-03 4.134622e-02 0 0 0 1 8.615775e-15 5.020186e-15
5 38 2.608770e-03 5.205181e-02 0 0 0 1 6.800465e-15 3.870876e-15
5 39 2.608770e-03 6.552935e-02 0 0 0 1 5.184151e-15 2.925948e-15
6 20 3.284247e-03 8.249656e-04 0 0 0 1 4.807537e-14 1.209749e-13
6 21 3.284247e-03 1.038570e-03 0 0 0 1 4.839418e-14 1.077501e-13
6 22 3.284247e-03 1.307482e-03 0 0 0 1 4.892299e-14 9.474245e-14
6 23 3.284247e-03 1.646023e-03 0 0 0 1 4.982582e-14 8.215898e-14
6 24 3.284247e-03 2.072220e-03 0 0 0 1 5.144043e-14 7.023673e-14
6 25 3.284247e-03 2.608770e-03 0 0 0 1 5.453672e-14 5.916277e-14
6 26 3.284247e-03 3.284247e-03 0 0 0 1 5.650568e-14 4.908908e-14
6 27 3.284247e-03 4.134622e-03 0 0 0 1 4.671838e-14 4.017290e-14
6 28 3.284247e-03 5.205181e-03 0 0 0 1 3.759703e-14 3.240359e-14
6 29 3.284247e-03 6.552935e-03 0 0 0 1 3.146989e-14 2.589233e-14
6 30 3.284247e-03 8.249656e-03 0 0 0 1 2.696300e-14 2.059148e-14
6 31 3.284247e-03 1.038570e-02 0 0 0 1 2.336437e-14 1.631982e-14
6 32 3.284247e-03 1.307482e-02 0 0 0 1 2.030092e-14 1.301963e-14
6 33 3.284247e-03 1.646023e-02 0 0 0 1 1.757378e-14 1.035973e-14
6 34 3.284247e-03 2.072220e-02 0 0 0 1 1.507845e-14 8.300230e-15
6 35 3.284247e-03 2.608770e-02 0 0 0 1 1.276364e-14 6.659200e-15
6 36 3.284247e-03 3.284247e-02 0 0 0 1 1.060995e-14 5.260893e-15
6 37 3.284247e-03 4.134622e-02 0 0 0 1 8.617716e-15 4.170387e-15
6 38 3.284247e-03 5.205181e-02 0 0 0 1 6.801877e-15 3.216750e-15
6 39 3.284247e-03 6.552935e-02 0 0 0 1 5.185130e-15 2.435695e-15
7 20 4.134622e-03 8.249656e-04 0 0 0 1 4.086051e-14 9.760162e-14
7 21 4.134622e-03 1.038570e-03 0 0 0 1 4.101918e-14 8.703209e-14
7 22 4.134622e-03 1.307482e-03 0 0 0 1 4.127930e-14 7.663691e-14
7 23 4.134622e-03 1.646023e-03 0 0 0 1 4.171547e-14 6.658120e-14
7 24 4.134622e-03 2.072220e-03 0 0 0 1 4.247277e-14 5.705784e-14
7 25 4.134622e-03 2.608770e-03 0 0 0 1 4.386960e-14 4.821825e-14
7 26 4.134622e-03 3.284247e-03 0 0 0 1 4.671838e-14 4.017290e-14
7 27 4.134622e-03 4.134622e-03 0 0 0 1 4.883713e-14 3.302384e-14
7 28 4.134622e-03 5.205181e-03 0 0 0 1 4.011092e-14 2.674869e-14
7 29 4.134622e-03 6.552935e-03 0 0 0 1 3.238130e-14 2.144319e-14
7 30 4.134622e-03 8.249656e-03 0 0 0 1 2.730533e-14 1.708423e-14
7 31 4.134622e-03 1.038570e-02 0 0 0 1 2.349822e-14 1.353833e-14
7 32 4.134622e-03 1.307482e-02 0 0 0 1 2.035616e-14 1.078186e-14
7 33 4.134622e-03 1.646023e-02 0 0 0 1 1.759853e-14 8.568268e-15
7 34 4.134622e-03 2.072220e-02 0 0 0 1 1.509082e-14 6.853211e-15
7 35 4.134622e-03 2.608770e-02 0 0 0 1 1.277070e-14 5.485420e-15
7 36 4.134622e-03 3.284247e-02 0 0 0 1 1.061441e-14 4.329669e-15
7 37 4.134622e-03 4.134622e-02 0 0 0 1 8.620825e-15 3.429296e-15
7 38 4.134622e-03 5.205181e-02 0 0 0 1 6.804096e-15 2.644502e-15
7 39 4.134622e-03 6.552935e-02 0 0 0 1 5.186687e-15 2.004483e-15
8 20 5.205181e-03 8.249656e-04 0 0 0 1 3.509576e-14 7.797043e-14
8 21 5.205181e-03 1.038570e-03 0 0 0 1 3.517127e-14 6.956816e-14
8 22 5.205181e-03 1.307482e-03 0 0 0 1 3.529378e-14 6.131259e-14
8 23 5.205181e-03 1.646023e-03 0 0 0 1 3.549615e-14 5.333260e-14
8 24 5.205181e-03 2.072220e-03 0 0 0 1 3.583870e-14 4.578011e-14
8 25 5.205181e-03 2.608770e-03 0 0 0 1 3.644406e-14 3.877458e-14
8 26 5.205181e-03 3.284247e-03 0 0 0 1 3.759703e-14 3.240359e-14
8 27 5.205181e-03 4.134622e-03 0 0 0 1 4.011092e-14 2.674869e-14
8 28 5.205181e-03 5.205181e-03 0 0 0 1 4.223552e-14 2.178237e-14
8 29 5.205181e-03 6.552935e-03 0 0 0 1 3.451498e-14 1.755704e-14
8 30 5.205181e-03 8.249656e-03 0 0 0 1 2.799915e-14 1.403497e-14
8 31 5.205181e-03 1.038570e-02 0 0 0 1 2.374517e-14 1.112535e-14
8 32 5.205181e-03 1.307482e-02 0 0 0 1 2.045193e-14 8.849504e-15
8 33 5.205181e-03 1.646023e-02 0 0 0 1 1.763972e-14 7.026320e-15
8 34 5.205181e-03 2.072220e-02 0 0 0 1 1.511093e-14 5.609769e-15
8 35 5.205181e-03 2.608770e-02 0 0 0 1 1.278201e-14 4.477373e-15
8 36 5.205181e-03 3.284247e-02 0 0 0 1 1.062154e-14 3.530801e-15
8 37 5.205181e-03 4.134622e-02 0 0 0 1 8.625743e-15 2.792419e-15
8 38 5.205181e-03 5.205181e-02 0 0 0 1 6.807609e-15 2.152074e-15
8 39 5.205181e-03 6.552935e-02 0 0 0 1 5.189163e-15 1.632021e-15
9 20 6.552935e-03 8.249656e-04 0 0 0 1 3.041654e-14 6.211962e-14
9 21 6.552935e-03 1.038570e-03 0 0 0 1 3.045114e-14 5.541281e-14
9 22 6.552935e-03 1.307482e-03 0 0 0 1 3.050680e-14 4.883555e-14
9 23 6.552935e-03 1.646023e-03 0 0 0 1 3.059770e-14 4.248804e-14
9 24 6.552935e-03 2.072220e-03 0 0 0 1 3.074854e-14 3.648911e-14
9 25 6.552935e-03 2.608770e-03 0 0 0 1 3.100642e-14 3.093261e-14
9 26 6.552935e-03 3.284247e-03 0 0 0 1 3.146989e-14 2.589233e-14
9 27 6.552935e-03 4.134622e-03 0 0 0 1 3.238130e-14 2.144319e-14
9 28 6.552935e-03 5.205181e-03 0 0 0 1 3.451498e-14 1.755704e-14
9 29 6.552935e-03 6.552935e-03 0 0 0 1 3.652916e-14 1.424458e-14
9 30 6.552935e-03 8.249656e-03 0 0 0 1 2.974701e-14 1.144432e-14
9 31 6.552935e-03 1.038570e-02 0 0 0 1 2.425825e-14 9.091722e-15
9 32 6.552935e-03 1.307482e-02 0 0 0 1 2.062924e-14 7.236369e-15
9 33 6.552935e-03 1.646023e-02 0 0 0 1 1.771067e-14 5.742780e-15
9 34 6.552935e-03 2.072220e-02 0 0 0 1 1.514414e-14 4.574515e-15
9 35 6.552935e-03 2.608770e-02 0 0 0 1 1.280022e-14 3.640196e-15
9 36 6.552935e-03 3.284247e-02 0 0 0 1 1.063291e-14 2.868189e-15
9 37 6.552935e-03 4.134622e-02 0 0 0 1 8.633555e-15 2.263183e-15
9 38 6.552935e-03 5.205181e-02 0 0 0 1 6.813197e-15 1.742347e-15
9 39 6.552935e-03 6.552935e-02 0 0 0 1 5.193074e-15 1.320842e-15
10 20 8.249656e-03 8.249656e-04 0 0 0 1 2.652120e-14 4.953077e-14
10 21 8.249656e-03 1.038570e-03 0 0 0 1 2.653667e-14 4.413888e-14
10 22 8.249656e-03 1.307482e-03 0 0 0 1 2.656131e-14 3.886414e-14
10 23 8.249656e-03 1.646023e-03 0 0 0 1 2.660126e-14 3.378649e-14
10 24 8.249656e-03 2.072220e-03 0 0 0 1 2.666652e-14 2.900154e-14
10 25 8.249656e-03 2.608770e-03 0 0 0 1 2.677537e-14 2.458394e-14
10 26 8.249656e-03 3.284247e-03 0 0 0 1 2.696300e-14 2.059148e-14
10 27 8.249656e-03 4.134622e-03 0 0 0 1 2.730533e-14 1.708423e-14
10 28 8.249656e-03 5.205181e-03 0 0 0 1 2.799915e-14 1.403497e-14
10 29 8.249656e-03 6.552935e-03 0 0 0 1 2.974701e-14 1.144432e-14
10 30 8.249656e-03 8.249656e-03 0 0 0 1 3.156755e-14 9.251405e-15
10 31 8.249656e-03 1.038570e-02 0 0 0 1 2.564648e-14 7.394851e-15
10 32 8.249656e-03 1.307482e-02 0 0 0 1 2.100293e-14 5.910062e-15
10 33 8.249656e-03 1.646023e-02 0 0 0 1 1.784098e-14 4.689893e-15
10 34 8.249656e-03 2.072220e-02 0 0 0 1 1.520061e-14 3.723729e-15
10 35 8.249656e-03 2.608770e-02 0 0 0 1 1.282997e-14 2.955935e-15
10 36 8.249656e-03 3.284247e-02 0 0 0 1 1.065119e-14 2.326836e-15
10 37 8.249656e-03 4.134622e-02 0 0 0 1 8.645997e-15 1.830110e-15
10 38 8.249656e-03 5.205181e-02 0 0 0 1 6.822056e-15 1.406814e-15
10 39 8.249656e-03 6.552935e-02 0 0 0 1 5.199281e-15 1.065163e-15
11 20 1.038570e-02 8.249656e-04 0 0 0 1 2.317773e-14 3.947008e-14
11 21 1.038570e-02 1.038570e-03 0 0 0 1 2.318462e-14 3.513007e-14
11 22 1.038570e-02 1.307482e-03 0 0 0 1 2.319541e-14 3.089478e-14
11 23 1.038570e-02 1.646023e-03 0 0 0 1 2.321286e-14 2.682884e-14
11 24 1.038570e-02 2.072220e-03 0 0 0 1 2.324100e-14 2.300866e-14
11 25 1.038570e-02 2.608770e-03 0 0 0 1 2.328714e-14 1.949162e-14
11 26 1.038570e-02 3.284247e-03 0 0 0 1 2.336437e-14 1.631982e-14
11 27 1.038570e-02 4.134622e-03 0 0 0 1 2.349822e-14 1.353833e-14
11 28 1.038570e-02 5.205181e-03 0 0 0 1 2.374517e-14 1.112535e-14
11 29 1.038570e-02 6.552935e-03 0 0 0 1 2.425825e-14 9.091722e-15
11 30 1.038570e-02 8.249656e-03 0 0 0 1 2.564648e-14 7.394851e-15
11 31 1.038570e-02 1.038570e-02 0 0 0 1 2.722381e-14 5.967284e-15
11 32 1.038570e-02 1.307482e-02 0 0 0 1 2.207899e-14 4.805265e-15
11 33 1.038570e-02 1.646023e-02 0 0 0 1 1.811476e-14 3.817415e-15
11 34 1.038570e-02 2.072220e-02 0 0 0 1 1.530229e-14 3.022082e-15
11 35 1.038570e-02 2.608770e-02 0 0 0 1 1.287967e-14 2.395904e-15
11 36 1.038570e-02 3.284247e-02 0 0 0 1 1.068077e-14 1.883193e-15
11 37 1.038570e-02 4.134622e-02 0 0 0 1 8.665873e-15 1.475439e-15
11 38 1.038570e-02 5.205181e-02 0 0 0 1 6.836147e-15 1.132578e-15
11 39 1.038570e-02 6.552935e-02 0 0 0 1 5.209144e-15 8.562416e-16
12 20 1.307482e-02 8.249656e-04 0 0 0 1 2.021951e-14 3.185292e-14
12 21 1.307482e-02 1.038570e-03 0 0 0 1 2.022266e-14 2.830183e-14
12 22 1.307482e-02 1.307482e-03 0 0 0 1 2.022746e-14 2.484366e-14
12 23 1.307482e-02 1.646023e-03 0 0 0 1 2.023529e-14 2.153182e-14
12 24 1.307482e-02 2.072220e-03 0 0 0 1 2.024774e-14 1.842887e-14
12 25 1.307482e-02 2.608770e-03 0 0 0 1 2.026791e-14 1.558062e-14
12 26 1.307482e-02 3.284247e-03 0 0 0 1 2.030092e-14 1.301963e-14
12 27 1.307482e-02 4.134622e-03 0 0 0 1 2.035616e-14 1.078186e-14
12 28 1.307482e-02 5.205181e-03 0 0 0 1 2.045193e-14 8.849504e-15
12 29 1.307482e-02 6.552935e-03 0 0 0 1 2.062924e-14 7.236369e-15
12 30 1.307482e-02 8.249656e-03 0 0 0 1 2.100293e-14 5.910062e-15
12 31 1.307482e-02 1.038570e-02 0 0 0 1 2.207899e-14 4.805265e-15
12 32 1.307482e-02 1.307482e-02 0 0 0 1 2.339418e-14 3.900434e-15
12 33 1.307482e-02 1.646023e-02 0 0 0 1 1.893695e-14 3.113606e-15
12 34 1.307482e-02 2.072220e-02 0 0 0 1 1.551040e-14 2.470008e-15
12 35 1.307482e-02 2.608770e-02 0 0 0 1 1.296660e-14 1.959284e-15
12 36 1.307482e-02 3.284247e-02 0 0 0 1 1.072942e-14 1.535502e-15
12 37 1.307482e-02 4.134622e-02 0 0 0 1 8.697803e-15 1.198002e-15
12 38 1.307482e-02 5.205181e-02 0 0 0 1 6.858575e-15 9.186078e-16
12 39 1.307482e-02 6.552935e-02 0 0 0 1 5.224809e-15 6.933229e-16
13 20 1.646023e-02 8.249656e-04 0 0 0 1 1.753584e-14 2.558565e-14
13 21 1.646023e-02 1.038570e-03 0 0 0 1 1.753739e-14 2.270319e-14
13 22 1.646023e-02 1.307482e-03 0 0 0 1 1.753967e-14 1.989971e-14
13 23 1.646023e-02 1.646023e-03 0 0 0 1 1.754339e-14 1.721902e-14
13 24 1.646023e-02 2.072220e-03 0 0 0 1 1.754923e-14 1.471244e-14
13 25 1.646023e-02 2.608770e-03 0 0 0 1 1.755863e-14 1.241731e-14
13 26 1.646023e-02 3.284247e-03 0 0 0 1 1.757378e-14 1.035973e-14
13 27 1.646023e-02 4.134622e-03 0 0 0 1 1.759853e-14 8.568268e-15
13 28 1.646023e-02 5.205181e-03 0 0 0 1 1.763972e-14 7.026320e-15
13 29 1.646023e-02 6.552935e-03 0 0 0 1 1.771067e-14 5.742780e-15
13 30 1.646023e-02 8.249656e-03 0 0 0 1 1.784098e-14 4.689893e-15
13 31 1.646023e-02 1.038570e-02 0 0 0 1 1.811476e-14 3.817415e-15
13 32 1.646023e-02 1.307482e-02 0 0 0 1 1.893695e-14 3.113606e-15
13 33 1.646023e-02 1.646023e-02 0 0 0 1 1.999678e-14 2.508515e-15
13 34 1.646023e-02 2.072220e-02 0 0 0 1 1.613894e-14 2.009164e-15
13 35 1.646023e-02 2.608770e-02 0 0 0 1 1.313642e-14 1.597987e-15
13 36 1.646023e-02 3.284247e-02 0 0 0 1 1.081207e-14 1.246794e-15
13 37 1.646023e-02 4.134622e-02 0 0 0 1 8.749634e-15 9.693058e-16
13 38 1.646023e-02 5.205181e-02 0 0 0 1 6.894419e-15 7.427757e-16
13 39 1.646023e-02 6.552935e-02 0 0 0 1 5.249751e-15 5.598522e-16
14 20 2.072220e-02 8.249656e-04 0 0 0 1 1.505906e-14 2.066108e-14
14 21 2.072220e-02 1.038570e-03 0 0 0 1 1.505990e-14 1.831823e-14
14 22 2.072220e-02 1.307482e-03 0 0 0 1 1.506101e-14 1.603986e-14
14 23 2.072220e-02 1.646023e-03 0 0 0 1 1.506295e-14 1.386198e-14
14 24 2.072220e-02 2.072220e-03 0 0 0 1 1.506597e-14 1.182692e-14
14 25 2.072220e-02 2.608770e-03 0 0 0 1 1.507077e-14 9.965777e-15
14 26 2.072220e-02 3.284247e-03 0 0 0 1 1.507845e-14 8.300230e-15
14 27 2.072220e-02 4.134622e-03 0 0 0 1 1.509082e-14 6.853211e-15
14 28 2.072220e-02 5.205181e-03 0 0 0 1 1.511093e-14 5.609769e-15
14 29 2.072220e-02 6.552935e-03 0 0 0 1 1.514414e-14 4.574515e-15
14 30 2.072220e-02 8.249656e-03 0 0 0 1 1.520061e-14 3.723729e-15
14 31 2.072220e-02 1.038570e-02 0 0 0 1 1.530229e-14 3.022082e-15
14 32 2.072220e-02 1.307482e-02 0 0 0 1 1.551040e-14 2.470008e-15
14 33 2.072220e-02 1.646023e-02 0 0 0 1 1.613894e-14 2.009164e-15
14 34 2.072220e-02 2.072220e-02 0 0 0 1 1.696902e-14 1.629159e-15
14 35 2.072220e-02 2.608770e-02 0 0 0 1 1.362759e-14 1.302918e-15
14 36 2.072220e-02 3.284247e-02 0 0 0 1 1.096477e-14 1.015031e-15
14 37 2.072220e-02 4.134622e-02 0 0 0 1 8.835631e-15 7.887310e-16
14 38 2.072220e-02 5.205181e-02 0 0 0 1 6.952073e-15 6.039779e-16
14 39 2.072220e-02 6.552935e-02 0 0 0 1 5.289548e-15 4.541901e-16
15 20 2.608770e-02 8.249656e-04 0 0 0 1 1.275234e-14 1.667107e-14
15 21 2.608770e-02 1.038570e-03 0 0 0 1 1.275286e-14 1.477641e-14
15 22 2.608770e-02 1.307482e-03 0 0 0 1 1.275352e-14 1.293243e-14
15 23 2.608770e-02 1.646023e-03 0 0 0 1 1.275470e-14 1.116842e-14
15 24 2.608770e-02 2.072220e-03 0 0 0 1 1.275644e-14 9.519017e-15
15 25 2.608770e-02 2.608770e-03 0 0 0 1 1.275921e-14 8.009950e-15
15 26 2.608770e-02 3.284247e-03 0 0 0 1 1.276364e-14 6.659200e-15
15 27 2.608770e-02 4.134622e-03 0 0 0 1 1.277070e-14 5.485420e-15
15 28 2.608770e-02 5.205181e-03 0 0 0 1 1.278201e-14 4.477373e-15
15 29 2.608770e-02 6.552935e-03 0 0 0 1 1.280022e-14 3.640196e-15
15 30 2.608770e-02 8.249656e-03 0 0 0 1 1.282997e-14 2.955935e-15
15 31 2.608770e-02 1.038570e-02 0 0 0 1 1.287967e-14 2.395904e-15
15 32 2.608770e-02 1.307482e-02 0 0 0 1 1.296660e-14 1.959284e-15
15 33 2.608770e-02 1.646023e-02 0 0 0 1 1.313642e-14 1.597987e-15
15 34 2.608770e-02 2.072220e-02 0 0 0 1 1.362759e-14 1.302918e-15
15 35 2.608770e-02 2.608770e-02 0 0 0 1 1.426621e-14 1.049932e-15
15 36 2.608770e-02 3.284247e-02 0 0 0 1 1.136744e-14 8.240922e-16
15 37 2.608770e-02 4.134622e-02 0 0 0 1 8.986743e-15 6.435857e-16
15 38 2.608770e-02 5.205181e-02 0 0 0 1 7.046145e-15 4.920059e-16
15 39 2.608770e-02 6.552935e-02 0 0 0 1 5.353368e-15 3.682174e-16
16 20 3.284247e-02 8.249656e-04 0 0 0 1 1.060274e-14 1.317224e-14
16 21 3.284247e-02 1.038570e-03 0 0 0 1 1.060311e-14 1.168033e-14
16 22 3.284247e-02 1.307482e-03 0 0 0 1 1.060350e-14 1.022623e-14
16 23 3.284247e-02 1.646023e-03 0 0 0 1 1.060426e-14 8.832923e-15
16 24 3.284247e-02 2.072220e-03 0 0 0 1 1.060537e-14 7.527899e-15
16 25 3.284247e-02 2.608770e-03 0 0 0 1 1.060715e-14 6.332176e-15
16 26 3.284247e-02 3.284247e-03 0 0 0 1 1.060995e-14 5.260893e-15
16 27 3.284247e-02 4.134622e-03 0 0 0 1 1.061441e-14 4.329669e-15
16 28 3.284247e-02 5.205181e-03 0 0 0 1 1.062154e-14 3.530801e-15
16 29 3.284247e-02 6.552935e-03 0 0 0 1 1.063291e-14 2.868189e-15
16 30 3.284247e-02 8.249656e-03 0 0 0 1 1.065119e-14 2.326836e-15
16 31 3.284247e-02 1.038570e-02 0 0 0 1 1.068077e-14 1.883193e-15
16 32 3.284247e-02 1.307482e-02 0 0 0 1 1.072942e-14 1.535502e-15
16 33 3.284247e-02 1.646023e-02 0 0 0 1 1.081207e-14 1.246794e-15
16 34 3.284247e-02 2.072220e-02 0 0 0 1 1.096477e-14 1.015031e-15
16 35 3.284247e-02 2.608770e-02 0 0 0 1 1.136744e-14 8.240922e-16
16 36 3.284247e-02 3.284247e-02 0 0 0 1 1.185913e-14 6.564739e-16
16 37 3.284247e-02 4.134622e-02 0 0 0 1 9.340374e-15 5.177932e-16
16 38 3.284247e-02 5.205181e-02 0 0 0 1 7.205613e-15 3.953064e-16
16 39 3.284247e-02 6.552935e-02 0 0 0 1 5.456724e-15 2.943489e-16
17 20 4.134622e-02 8.249656e-04 0 0 0 1 8.612668e-15 1.038799e-14
17 21 4.134622e-02 1.038570e-03 0 0 0 1 8.612967e-15 9.224400e-15
17 22 4.134622e-02 1.307482e-03 0 0 0 1 8.613243e-15 8.086939e-15
17 23 4.134622e-02 1.646023e-03 0 0 0 1 8.613796e-15 6.993459e-15
17 24 4.134622e-02 2.072220e-03 0 0 0 1 8.614562e-15 5.965518e-15
17 25 4.134622e-02 2.608770e-03 0 0 0 1 8.615775e-15 5.020186e-15
17 26 4.134622e-02 3.284247e-03 0 0 0 1 8.617716e-15 4.170387e-15
17 27 4.134622e-02 4.134622e-03 0 0 0 1 8.620825e-15 3.429296e-15
17 28 4.134622e-02 5.205181e-03 0 0 0 1 8.625743e-15 2.792419e-15
17 29 4.134622e-02 6.552935e-03 0 0 0 1 8.633555e-15 2.263183e-15
17 30 4.134622e-02 8.249656e-03 0 0 0 1 8.645997e-15 1.830110e-15
17 31 4.134622e-02 1.038570e-02 0 0 0 1 8.665873e-15 1.475439e-15
17 32 4.134622e-02 1.307482e-02 0 0 0 1 8.697803e-15 1.198002e-15
17 33 4.134622e-02 1.646023e-02 0 0 0 1 8.749634e-15 9.693058e-16
17 34 4.134622e-02 2.072220e-02 0 0 0 1 8.835631e-15 7.887310e-16
17 35 4.134622e-02 2.608770e-02 0 0 0 1 8.986743e-15 6.435857e-16
17 36 4.134622e-02 3.284247e-02 0 0 0 1 9.340374e-15 5.177932e-16
17 37 4.134622e-02 4.134622e-02 0 0 0 1 9.729809e-15 4.124116e-16
17 38 4.134622e-02 5.205181e-02 0 0 0 1 7.539048e-15 3.162195e-16
17 39 4.134622e-02 6.552935e-02 0 0 0 1 5.628518e-15 2.360737e-16
18 20 5.205181e-02 8.249656e-04 0 0 0 1 6.798248e-15 7.955789e-15
18 21 5.205181e-02 1.038570e-03 0 0 0 1 6.798470e-15 7.075892e-15
18 22 5.205181e-02 1.307482e-03 0 0 0 1 6.798638e-15 6.213162e-15
18 23 5.205181e-02 1.646023e-03 0 0 0 1 6.799033e-15 5.381080e-15
18 24 5.205181e-02 2.072220e-03 0 0 0 1 6.799577e-15 4.595892e-15
18 25 5.205181e-02 2.608770e-03 0 0 0 1 6.800465e-15 3.870876e-15
18 26 5.205181e-02 3.284247e-03 0 0 0 1 6.801877e-15 3.216750e-15
18 27 5.205181e-02 4.134622e-03 0 0 0 1 6.804096e-15 2.644502e-15
18 28 5.205181e-02 5.205181e-03 0 0 0 1 6.807609e-15 2.152074e-15
18 29 5.205181e-02 6.552935e-03 0 0 0 1 6.813197e-15 1.742347e-15
18 30 5.205181e-02 8.249656e-03 0 0 0 1 6.822056e-15 1.406814e-15
18 31 5.205181e-02 1.038570e-02 0 0 0 1 6.836147e-15 1.132578e-15
18 32 5.205181e-02 1.307482e-02 0 0 0 1 6.858575e-15 9.186078e-16
18 33 5.205181e-02 1.646023e-02 0 0 0 1 6.894419e-15 7.427757e-16
18 34 5.205181e-02 2.072220e-02 0 0 0 1 6.952073e-15 6.039779e-16
18 35 5.205181e-02 2.608770e-02 0 0 0 1 7.046145e-15 4.920059e-16
18 36 5.205181e-02 3.284247e-02 0 0 0 1 7.205613e-15 3.953064e-16
18 37 5.205181e-02 4.134622e-02 0 0 0 1 7.539048e-15 3.162195e-16
18 38 5.205181e-02 5.205181e-02 0 0 0 1 7.865676e-15 2.452609e-16
18 39 5.205181e-02 6.552935e-02 0 0 0 1 5.959277e-15 1.855601e-16
19 20 6.552935e-02 8.249656e-04 0 0 0 1 5.182554e-15 5.939009e-15
19 21 6.552935e-02 1.038570e-03 0 0 0 1 5.182740e-15 5.295563e-15
19 22 6.552935e-02 1.307482e-03 0 0 0 1 5.182854e-15 4.662114e-15
19 23 6.552935e-02 1.646023e-03 0 0 0 1 5.183152e-15 4.048467e-15
19 24 6.552935e-02 2.072220e-03 0 0 0 1 5.183534e-15 3.466412e-15
19 25 6.552935e-02 2.608770e-03 0 0 0 1 5.184151e-15 2.925948e-15
19 26 6.552935e-02 3.284247e-03 0 0 0 1 5.185130e-15 2.435695e-15
19 27 6.552935e-02 4.134622e-03 0 0 0 1 5.186687e-15 2.004483e-15
19 28 6.552935e-02 5.205181e-03 0 0 0 1 5.189163e-15 1.632021e-15
19 29 6.552935e-02 6.552935e-03 0 0 0 1 5.193074e-15 1.320842e-15
19 30 6.552935e-02 8.249656e-03 0 0 0 1 5.199281e-15 1.065163e-15
19 31 6.552935e-02 1.038570e-02 0 0 0 1 5.209144e-15 8.562416e-16
19 32 6.552935e-02 1.307482e-02 0 0 0 1 5.224809e-15 6.933229e-16
19 33 6.552935e-02 1.646023e-02 0 0 0 1 5.249751e-15 5.598522e-16
19 34 6.552935e-02 2.072220e-02 0 0 0 1 5.289548e-15 4.541901e-16
19 35 6.552935e-02 2.608770e-02 0 0 0 1 5.353368e-15 3.682174e-16
19 36 6.552935e-02 3.284247e-02 0 0 0 1 5.456724e-15 2.943489e-16
19 37 6.552935e-02 4.134622e-02 0 0 0 1 5.628518e-15 2.360737e-16
19 38 6.552935e-02 5.205181e-02 0 0 0 1 5.959277e-15 1.855601e-16
19 39 6.552935e-02 6.552935e-02 0 0 0 1 6.253993e-15 1.428321e-16
