# Please cite the following papers in research using this covariance:
# arXiv: 1601.05779, https://arxiv.org/abs/1601.05779
# arXiv: 1911.11947, https://arxiv.org/abs/1911.11947
# arXiv: 2004.04833, https://arxiv.org/abs/2004.04833
########################################################
20 60 8.249656e-04 8.249656e-04 0 1 0 3 1.673962e-13 0.000000e+00
20 61 8.249656e-04 1.038570e-03 0 1 0 3 1.459437e-13 0.000000e+00
20 62 8.249656e-04 1.307482e-03 0 1 0 3 1.217633e-13 0.000000e+00
20 63 8.249656e-04 1.646023e-03 0 1 0 3 1.019237e-13 0.000000e+00
20 64 8.249656e-04 2.072220e-03 0 1 0 3 8.614044e-14 0.000000e+00
20 65 8.249656e-04 2.608770e-03 0 1 0 3 7.368943e-14 0.000000e+00
20 66 8.249656e-04 3.284247e-03 0 1 0 3 6.382041e-14 0.000000e+00
20 67 8.249656e-04 4.134622e-03 0 1 0 3 5.587127e-14 0.000000e+00
20 68 8.249656e-04 5.205181e-03 0 1 0 3 4.930342e-14 0.000000e+00
20 69 8.249656e-04 6.552935e-03 0 1 0 3 4.370435e-14 0.000000e+00
20 70 8.249656e-04 8.249656e-03 0 1 0 3 3.877429e-14 0.000000e+00
20 71 8.249656e-04 1.038570e-02 0 1 0 3 3.430699e-14 0.000000e+00
20 72 8.249656e-04 1.307482e-02 0 1 0 3 3.016908e-14 0.000000e+00
20 73 8.249656e-04 1.646023e-02 0 1 0 3 2.628081e-14 0.000000e+00
20 74 8.249656e-04 2.072220e-02 0 1 0 3 2.260090e-14 0.000000e+00
20 75 8.249656e-04 2.608770e-02 0 1 0 3 1.911577e-14 0.000000e+00
20 76 8.249656e-04 3.284247e-02 0 1 0 3 1.583322e-14 0.000000e+00
20 77 8.249656e-04 4.134622e-02 0 1 0 3 1.277745e-14 0.000000e+00
20 78 8.249656e-04 5.205181e-02 0 1 0 3 9.986868e-15 0.000000e+00
20 79 8.249656e-04 6.552935e-02 0 1 0 3 7.505435e-15 0.000000e+00
21 60 1.038570e-03 8.249656e-04 0 1 0 3 1.459437e-13 0.000000e+00
21 61 1.038570e-03 1.038570e-03 0 1 0 3 1.461904e-13 0.000000e+00
21 62 1.038570e-03 1.307482e-03 0 1 0 3 1.262613e-13 0.000000e+00
21 63 1.038570e-03 1.646023e-03 0 1 0 3 1.045360e-13 0.000000e+00
21 64 1.038570e-03 2.072220e-03 0 1 0 3 8.751367e-14 0.000000e+00
21 65 1.038570e-03 2.608770e-03 0 1 0 3 7.437253e-14 0.000000e+00
21 66 1.038570e-03 3.284247e-03 0 1 0 3 6.414599e-14 0.000000e+00
21 67 1.038570e-03 4.134622e-03 0 1 0 3 5.602103e-14 0.000000e+00
21 68 1.038570e-03 5.205181e-03 0 1 0 3 4.937040e-14 0.000000e+00
21 69 1.038570e-03 6.552935e-03 0 1 0 3 4.373379e-14 0.000000e+00
21 70 1.038570e-03 8.249656e-03 0 1 0 3 3.878725e-14 0.000000e+00
21 71 1.038570e-03 1.038570e-02 0 1 0 3 3.431293e-14 0.000000e+00
21 72 1.038570e-03 1.307482e-02 0 1 0 3 3.017199e-14 0.000000e+00
21 73 1.038570e-03 1.646023e-02 0 1 0 3 2.628241e-14 0.000000e+00
21 74 1.038570e-03 2.072220e-02 0 1 0 3 2.260188e-14 0.000000e+00
21 75 1.038570e-03 2.608770e-02 0 1 0 3 1.911646e-14 0.000000e+00
21 76 1.038570e-03 3.284247e-02 0 1 0 3 1.583374e-14 0.000000e+00
21 77 1.038570e-03 4.134622e-02 0 1 0 3 1.277789e-14 0.000000e+00
21 78 1.038570e-03 5.205181e-02 0 1 0 3 9.987202e-15 0.000000e+00
21 79 1.038570e-03 6.552935e-02 0 1 0 3 7.505710e-15 0.000000e+00
22 60 1.307482e-03 8.249656e-04 0 1 0 3 1.217633e-13 0.000000e+00
22 61 1.307482e-03 1.038570e-03 0 1 0 3 1.262613e-13 0.000000e+00
22 62 1.307482e-03 1.307482e-03 0 1 0 3 1.275056e-13 0.000000e+00
22 63 1.307482e-03 1.646023e-03 0 1 0 3 1.091720e-13 0.000000e+00
22 64 1.307482e-03 2.072220e-03 0 1 0 3 8.994025e-14 0.000000e+00
22 65 1.307482e-03 2.608770e-03 0 1 0 3 7.554981e-14 0.000000e+00
22 66 1.307482e-03 3.284247e-03 0 1 0 3 6.469440e-14 0.000000e+00
22 67 1.307482e-03 4.134622e-03 0 1 0 3 5.626865e-14 0.000000e+00
22 68 1.307482e-03 5.205181e-03 0 1 0 3 4.947950e-14 0.000000e+00
22 69 1.307482e-03 6.552935e-03 0 1 0 3 4.378116e-14 0.000000e+00
22 70 1.307482e-03 8.249656e-03 0 1 0 3 3.880783e-14 0.000000e+00
22 71 1.307482e-03 1.038570e-02 0 1 0 3 3.432210e-14 0.000000e+00
22 72 1.307482e-03 1.307482e-02 0 1 0 3 3.017631e-14 0.000000e+00
22 73 1.307482e-03 1.646023e-02 0 1 0 3 2.628467e-14 0.000000e+00
22 74 1.307482e-03 2.072220e-02 0 1 0 3 2.260314e-14 0.000000e+00
22 75 1.307482e-03 2.608770e-02 0 1 0 3 1.911729e-14 0.000000e+00
22 76 1.307482e-03 3.284247e-02 0 1 0 3 1.583430e-14 0.000000e+00
22 77 1.307482e-03 4.134622e-02 0 1 0 3 1.277830e-14 0.000000e+00
22 78 1.307482e-03 5.205181e-02 0 1 0 3 9.987475e-15 0.000000e+00
22 79 1.307482e-03 6.552935e-02 0 1 0 3 7.505896e-15 0.000000e+00
23 60 1.646023e-03 8.249656e-04 0 1 0 3 1.019237e-13 0.000000e+00
23 61 1.646023e-03 1.038570e-03 0 1 0 3 1.045360e-13 0.000000e+00
23 62 1.646023e-03 1.307482e-03 0 1 0 3 1.091720e-13 0.000000e+00
23 63 1.646023e-03 1.646023e-03 0 1 0 3 1.112052e-13 0.000000e+00
23 64 1.646023e-03 2.072220e-03 0 1 0 3 9.448706e-14 0.000000e+00
23 65 1.646023e-03 2.608770e-03 0 1 0 3 7.769346e-14 0.000000e+00
23 66 1.646023e-03 3.284247e-03 0 1 0 3 6.565610e-14 0.000000e+00
23 67 1.646023e-03 4.134622e-03 0 1 0 3 5.669018e-14 0.000000e+00
23 68 1.646023e-03 5.205181e-03 0 1 0 3 4.966126e-14 0.000000e+00
23 69 1.646023e-03 6.552935e-03 0 1 0 3 4.385886e-14 0.000000e+00
23 70 1.646023e-03 8.249656e-03 0 1 0 3 3.884128e-14 0.000000e+00
23 71 1.646023e-03 1.038570e-02 0 1 0 3 3.433699e-14 0.000000e+00
23 72 1.646023e-03 1.307482e-02 0 1 0 3 3.018343e-14 0.000000e+00
23 73 1.646023e-03 1.646023e-02 0 1 0 3 2.628841e-14 0.000000e+00
23 74 1.646023e-03 2.072220e-02 0 1 0 3 2.260536e-14 0.000000e+00
23 75 1.646023e-03 2.608770e-02 0 1 0 3 1.911880e-14 0.000000e+00
23 76 1.646023e-03 3.284247e-02 0 1 0 3 1.583537e-14 0.000000e+00
23 77 1.646023e-03 4.134622e-02 0 1 0 3 1.277912e-14 0.000000e+00
23 78 1.646023e-03 5.205181e-02 0 1 0 3 9.988081e-15 0.000000e+00
23 79 1.646023e-03 6.552935e-02 0 1 0 3 7.506348e-15 0.000000e+00
24 60 2.072220e-03 8.249656e-04 0 1 0 3 8.614044e-14 0.000000e+00
24 61 2.072220e-03 1.038570e-03 0 1 0 3 8.751367e-14 0.000000e+00
24 62 2.072220e-03 1.307482e-03 0 1 0 3 8.994025e-14 0.000000e+00
24 63 2.072220e-03 1.646023e-03 0 1 0 3 9.448706e-14 0.000000e+00
24 64 2.072220e-03 2.072220e-03 0 1 0 3 9.707297e-14 0.000000e+00
24 65 2.072220e-03 2.608770e-03 0 1 0 3 8.195399e-14 0.000000e+00
24 66 2.072220e-03 3.284247e-03 0 1 0 3 6.746192e-14 0.000000e+00
24 67 2.072220e-03 4.134622e-03 0 1 0 3 5.744147e-14 0.000000e+00
24 68 2.072220e-03 5.205181e-03 0 1 0 3 4.997308e-14 0.000000e+00
24 69 2.072220e-03 6.552935e-03 0 1 0 3 4.398857e-14 0.000000e+00
24 70 2.072220e-03 8.249656e-03 0 1 0 3 3.889603e-14 0.000000e+00
24 71 2.072220e-03 1.038570e-02 0 1 0 3 3.436096e-14 0.000000e+00
24 72 2.072220e-03 1.307482e-02 0 1 0 3 3.019469e-14 0.000000e+00
24 73 2.072220e-03 1.646023e-02 0 1 0 3 2.629425e-14 0.000000e+00
24 74 2.072220e-03 2.072220e-02 0 1 0 3 2.260881e-14 0.000000e+00
24 75 2.072220e-03 2.608770e-02 0 1 0 3 1.912104e-14 0.000000e+00
24 76 2.072220e-03 3.284247e-02 0 1 0 3 1.583694e-14 0.000000e+00
24 77 2.072220e-03 4.134622e-02 0 1 0 3 1.278028e-14 0.000000e+00
24 78 2.072220e-03 5.205181e-02 0 1 0 3 9.988931e-15 0.000000e+00
24 79 2.072220e-03 6.552935e-02 0 1 0 3 7.506950e-15 0.000000e+00
25 60 2.608770e-03 8.249656e-04 0 1 0 3 7.368943e-14 0.000000e+00
25 61 2.608770e-03 1.038570e-03 0 1 0 3 7.437253e-14 0.000000e+00
25 62 2.608770e-03 1.307482e-03 0 1 0 3 7.554981e-14 0.000000e+00
25 63 2.608770e-03 1.646023e-03 0 1 0 3 7.769346e-14 0.000000e+00
25 64 2.608770e-03 2.072220e-03 0 1 0 3 8.195399e-14 0.000000e+00
25 65 2.608770e-03 2.608770e-03 0 1 0 3 8.485405e-14 0.000000e+00
25 66 2.608770e-03 3.284247e-03 0 1 0 3 7.128813e-14 0.000000e+00
25 67 2.608770e-03 4.134622e-03 0 1 0 3 5.889713e-14 0.000000e+00
25 68 2.608770e-03 5.205181e-03 0 1 0 3 5.053769e-14 0.000000e+00
25 69 2.608770e-03 6.552935e-03 0 1 0 3 4.421280e-14 0.000000e+00
25 70 2.608770e-03 8.249656e-03 0 1 0 3 3.898767e-14 0.000000e+00
25 71 2.608770e-03 1.038570e-02 0 1 0 3 3.440024e-14 0.000000e+00
25 72 2.608770e-03 1.307482e-02 0 1 0 3 3.021290e-14 0.000000e+00
25 73 2.608770e-03 1.646023e-02 0 1 0 3 2.630365e-14 0.000000e+00
25 74 2.608770e-03 2.072220e-02 0 1 0 3 2.261429e-14 0.000000e+00
25 75 2.608770e-03 2.608770e-02 0 1 0 3 1.912459e-14 0.000000e+00
25 76 2.608770e-03 3.284247e-02 0 1 0 3 1.583947e-14 0.000000e+00
25 77 2.608770e-03 4.134622e-02 0 1 0 3 1.278212e-14 0.000000e+00
25 78 2.608770e-03 5.205181e-02 0 1 0 3 9.990308e-15 0.000000e+00
25 79 2.608770e-03 6.552935e-02 0 1 0 3 7.507917e-15 0.000000e+00
26 60 3.284247e-03 8.249656e-04 0 1 0 3 6.382041e-14 0.000000e+00
26 61 3.284247e-03 1.038570e-03 0 1 0 3 6.414599e-14 0.000000e+00
26 62 3.284247e-03 1.307482e-03 0 1 0 3 6.469440e-14 0.000000e+00
26 63 3.284247e-03 1.646023e-03 0 1 0 3 6.565610e-14 0.000000e+00
26 64 3.284247e-03 2.072220e-03 0 1 0 3 6.746192e-14 0.000000e+00
26 65 3.284247e-03 2.608770e-03 0 1 0 3 7.128813e-14 0.000000e+00
26 66 3.284247e-03 3.284247e-03 0 1 0 3 7.428229e-14 0.000000e+00
26 67 3.284247e-03 4.134622e-03 0 1 0 3 6.219945e-14 0.000000e+00
26 68 3.284247e-03 5.205181e-03 0 1 0 3 5.166533e-14 0.000000e+00
26 69 3.284247e-03 6.552935e-03 0 1 0 3 4.462425e-14 0.000000e+00
26 70 3.284247e-03 8.249656e-03 0 1 0 3 3.914674e-14 0.000000e+00
26 71 3.284247e-03 1.038570e-02 0 1 0 3 3.446592e-14 0.000000e+00
26 72 3.284247e-03 1.307482e-02 0 1 0 3 3.024257e-14 0.000000e+00
26 73 3.284247e-03 1.646023e-02 0 1 0 3 2.631872e-14 0.000000e+00
26 74 3.284247e-03 2.072220e-02 0 1 0 3 2.262301e-14 0.000000e+00
26 75 3.284247e-03 2.608770e-02 0 1 0 3 1.913027e-14 0.000000e+00
26 76 3.284247e-03 3.284247e-02 0 1 0 3 1.584345e-14 0.000000e+00
26 77 3.284247e-03 4.134622e-02 0 1 0 3 1.278506e-14 0.000000e+00
26 78 3.284247e-03 5.205181e-02 0 1 0 3 9.992495e-15 0.000000e+00
26 79 3.284247e-03 6.552935e-02 0 1 0 3 7.509452e-15 0.000000e+00
27 60 4.134622e-03 8.249656e-04 0 1 0 3 5.587127e-14 0.000000e+00
27 61 4.134622e-03 1.038570e-03 0 1 0 3 5.602103e-14 0.000000e+00
27 62 4.134622e-03 1.307482e-03 0 1 0 3 5.626865e-14 0.000000e+00
27 63 4.134622e-03 1.646023e-03 0 1 0 3 5.669018e-14 0.000000e+00
27 64 4.134622e-03 2.072220e-03 0 1 0 3 5.744147e-14 0.000000e+00
27 65 4.134622e-03 2.608770e-03 0 1 0 3 5.889713e-14 0.000000e+00
27 66 4.134622e-03 3.284247e-03 0 1 0 3 6.219945e-14 0.000000e+00
27 67 4.134622e-03 4.134622e-03 0 1 0 3 6.510238e-14 0.000000e+00
27 68 4.134622e-03 5.205181e-03 0 1 0 3 5.441259e-14 0.000000e+00
27 69 4.134622e-03 6.552935e-03 0 1 0 3 4.546886e-14 0.000000e+00
27 70 4.134622e-03 8.249656e-03 0 1 0 3 3.944116e-14 0.000000e+00
27 71 4.134622e-03 1.038570e-02 0 1 0 3 3.457980e-14 0.000000e+00
27 72 4.134622e-03 1.307482e-02 0 1 0 3 3.029196e-14 0.000000e+00
27 73 4.134622e-03 1.646023e-02 0 1 0 3 2.634321e-14 0.000000e+00
27 74 4.134622e-03 2.072220e-02 0 1 0 3 2.263699e-14 0.000000e+00
27 75 4.134622e-03 2.608770e-02 0 1 0 3 1.913928e-14 0.000000e+00
27 76 4.134622e-03 3.284247e-02 0 1 0 3 1.584977e-14 0.000000e+00
27 77 4.134622e-03 4.134622e-02 0 1 0 3 1.278974e-14 0.000000e+00
27 78 4.134622e-03 5.205181e-02 0 1 0 3 9.995943e-15 0.000000e+00
27 79 4.134622e-03 6.552935e-02 0 1 0 3 7.511889e-15 0.000000e+00
28 60 5.205181e-03 8.249656e-04 0 1 0 3 4.930342e-14 0.000000e+00
28 61 5.205181e-03 1.038570e-03 0 1 0 3 4.937040e-14 0.000000e+00
28 62 5.205181e-03 1.307482e-03 0 1 0 3 4.947950e-14 0.000000e+00
28 63 5.205181e-03 1.646023e-03 0 1 0 3 4.966126e-14 0.000000e+00
28 64 5.205181e-03 2.072220e-03 0 1 0 3 4.997308e-14 0.000000e+00
28 65 5.205181e-03 2.608770e-03 0 1 0 3 5.053769e-14 0.000000e+00
28 66 5.205181e-03 3.284247e-03 0 1 0 3 5.166533e-14 0.000000e+00
28 67 5.205181e-03 4.134622e-03 0 1 0 3 5.441259e-14 0.000000e+00
28 68 5.205181e-03 5.205181e-03 0 1 0 3 5.708334e-14 0.000000e+00
28 69 5.205181e-03 6.552935e-03 0 1 0 3 4.767983e-14 0.000000e+00
28 70 5.205181e-03 8.249656e-03 0 1 0 3 4.005847e-14 0.000000e+00
28 71 5.205181e-03 1.038570e-02 0 1 0 3 3.479078e-14 0.000000e+00
28 72 5.205181e-03 1.307482e-02 0 1 0 3 3.037692e-14 0.000000e+00
28 73 5.205181e-03 1.646023e-02 0 1 0 3 2.638358e-14 0.000000e+00
28 74 5.205181e-03 2.072220e-02 0 1 0 3 2.265953e-14 0.000000e+00
28 75 5.205181e-03 2.608770e-02 0 1 0 3 1.915369e-14 0.000000e+00
28 76 5.205181e-03 3.284247e-02 0 1 0 3 1.585984e-14 0.000000e+00
28 77 5.205181e-03 4.134622e-02 0 1 0 3 1.279716e-14 0.000000e+00
28 78 5.205181e-03 5.205181e-02 0 1 0 3 1.000140e-14 0.000000e+00
28 79 5.205181e-03 6.552935e-02 0 1 0 3 7.515759e-15 0.000000e+00
29 60 6.552935e-03 8.249656e-04 0 1 0 3 4.370435e-14 0.000000e+00
29 61 6.552935e-03 1.038570e-03 0 1 0 3 4.373379e-14 0.000000e+00
29 62 6.552935e-03 1.307482e-03 0 1 0 3 4.378116e-14 0.000000e+00
29 63 6.552935e-03 1.646023e-03 0 1 0 3 4.385886e-14 0.000000e+00
29 64 6.552935e-03 2.072220e-03 0 1 0 3 4.398857e-14 0.000000e+00
29 65 6.552935e-03 2.608770e-03 0 1 0 3 4.421280e-14 0.000000e+00
29 66 6.552935e-03 3.284247e-03 0 1 0 3 4.462425e-14 0.000000e+00
29 67 6.552935e-03 4.134622e-03 0 1 0 3 4.546886e-14 0.000000e+00
29 68 6.552935e-03 5.205181e-03 0 1 0 3 4.767983e-14 0.000000e+00
29 69 6.552935e-03 6.552935e-03 0 1 0 3 5.002541e-14 0.000000e+00
29 70 6.552935e-03 8.249656e-03 0 1 0 3 4.178813e-14 0.000000e+00
29 71 6.552935e-03 1.038570e-02 0 1 0 3 3.523750e-14 0.000000e+00
29 72 6.552935e-03 1.307482e-02 0 1 0 3 3.053271e-14 0.000000e+00
29 73 6.552935e-03 1.646023e-02 0 1 0 3 2.645206e-14 0.000000e+00
29 74 6.552935e-03 2.072220e-02 0 1 0 3 2.269631e-14 0.000000e+00
29 75 6.552935e-03 2.608770e-02 0 1 0 3 1.917676e-14 0.000000e+00
29 76 6.552935e-03 3.284247e-02 0 1 0 3 1.587586e-14 0.000000e+00
29 77 6.552935e-03 4.134622e-02 0 1 0 3 1.280892e-14 0.000000e+00
29 78 6.552935e-03 5.205181e-02 0 1 0 3 1.001008e-14 0.000000e+00
29 79 6.552935e-03 6.552935e-02 0 1 0 3 7.521879e-15 0.000000e+00
30 60 8.249656e-03 8.249656e-04 0 1 0 3 3.877429e-14 0.000000e+00
30 61 8.249656e-03 1.038570e-03 0 1 0 3 3.878725e-14 0.000000e+00
30 62 8.249656e-03 1.307482e-03 0 1 0 3 3.880783e-14 0.000000e+00
30 63 8.249656e-03 1.646023e-03 0 1 0 3 3.884128e-14 0.000000e+00
30 64 8.249656e-03 2.072220e-03 0 1 0 3 3.889603e-14 0.000000e+00
30 65 8.249656e-03 2.608770e-03 0 1 0 3 3.898767e-14 0.000000e+00
30 66 8.249656e-03 3.284247e-03 0 1 0 3 3.914674e-14 0.000000e+00
30 67 8.249656e-03 4.134622e-03 0 1 0 3 3.944116e-14 0.000000e+00
30 68 8.249656e-03 5.205181e-03 0 1 0 3 4.005847e-14 0.000000e+00
30 69 8.249656e-03 6.552935e-03 0 1 0 3 4.178813e-14 0.000000e+00
30 70 8.249656e-03 8.249656e-03 0 1 0 3 4.376153e-14 0.000000e+00
30 71 8.249656e-03 1.038570e-02 0 1 0 3 3.656198e-14 0.000000e+00
30 72 8.249656e-03 1.307482e-02 0 1 0 3 3.085993e-14 0.000000e+00
30 73 8.249656e-03 1.646023e-02 0 1 0 3 2.657492e-14 0.000000e+00
30 74 8.249656e-03 2.072220e-02 0 1 0 3 2.275762e-14 0.000000e+00
30 75 8.249656e-03 2.608770e-02 0 1 0 3 1.921407e-14 0.000000e+00
30 76 8.249656e-03 3.284247e-02 0 1 0 3 1.590147e-14 0.000000e+00
30 77 8.249656e-03 4.134622e-02 0 1 0 3 1.282761e-14 0.000000e+00
30 78 8.249656e-03 5.205181e-02 0 1 0 3 1.002385e-14 0.000000e+00
30 79 8.249656e-03 6.552935e-02 0 1 0 3 7.531586e-15 0.000000e+00
31 60 1.038570e-02 8.249656e-04 0 1 0 3 3.430699e-14 0.000000e+00
31 61 1.038570e-02 1.038570e-03 0 1 0 3 3.431293e-14 0.000000e+00
31 62 1.038570e-02 1.307482e-03 0 1 0 3 3.432210e-14 0.000000e+00
31 63 1.038570e-02 1.646023e-03 0 1 0 3 3.433699e-14 0.000000e+00
31 64 1.038570e-02 2.072220e-03 0 1 0 3 3.436096e-14 0.000000e+00
31 65 1.038570e-02 2.608770e-03 0 1 0 3 3.440024e-14 0.000000e+00
31 66 1.038570e-02 3.284247e-03 0 1 0 3 3.446592e-14 0.000000e+00
31 67 1.038570e-02 4.134622e-03 0 1 0 3 3.457980e-14 0.000000e+00
31 68 1.038570e-02 5.205181e-03 0 1 0 3 3.479078e-14 0.000000e+00
31 69 1.038570e-02 6.552935e-03 0 1 0 3 3.523750e-14 0.000000e+00
31 70 1.038570e-02 8.249656e-03 0 1 0 3 3.656198e-14 0.000000e+00
31 71 1.038570e-02 1.038570e-02 0 1 0 3 3.815573e-14 0.000000e+00
31 72 1.038570e-02 1.307482e-02 0 1 0 3 3.186317e-14 0.000000e+00
31 73 1.038570e-02 1.646023e-02 0 1 0 3 2.682524e-14 0.000000e+00
31 74 1.038570e-02 2.072220e-02 0 1 0 3 2.286443e-14 0.000000e+00
31 75 1.038570e-02 2.608770e-02 0 1 0 3 1.927525e-14 0.000000e+00
31 76 1.038570e-02 3.284247e-02 0 1 0 3 1.594258e-14 0.000000e+00
31 77 1.038570e-02 4.134622e-02 0 1 0 3 1.285738e-14 0.000000e+00
31 78 1.038570e-02 5.205181e-02 0 1 0 3 1.004572e-14 0.000000e+00
31 79 1.038570e-02 6.552935e-02 0 1 0 3 7.546992e-15 0.000000e+00
32 60 1.307482e-02 8.249656e-04 0 1 0 3 3.016908e-14 0.000000e+00
32 61 1.307482e-02 1.038570e-03 0 1 0 3 3.017199e-14 0.000000e+00
32 62 1.307482e-02 1.307482e-03 0 1 0 3 3.017631e-14 0.000000e+00
32 63 1.307482e-02 1.646023e-03 0 1 0 3 3.018343e-14 0.000000e+00
32 64 1.307482e-02 2.072220e-03 0 1 0 3 3.019469e-14 0.000000e+00
32 65 1.307482e-02 2.608770e-03 0 1 0 3 3.021290e-14 0.000000e+00
32 66 1.307482e-02 3.284247e-03 0 1 0 3 3.024257e-14 0.000000e+00
32 67 1.307482e-02 4.134622e-03 0 1 0 3 3.029196e-14 0.000000e+00
32 68 1.307482e-02 5.205181e-03 0 1 0 3 3.037692e-14 0.000000e+00
32 69 1.307482e-02 6.552935e-03 0 1 0 3 3.053271e-14 0.000000e+00
32 70 1.307482e-02 8.249656e-03 0 1 0 3 3.085993e-14 0.000000e+00
32 71 1.307482e-02 1.038570e-02 0 1 0 3 3.186317e-14 0.000000e+00
32 72 1.307482e-02 1.307482e-02 0 1 0 3 3.310084e-14 0.000000e+00
32 73 1.307482e-02 1.646023e-02 0 1 0 3 2.758893e-14 0.000000e+00
32 74 1.307482e-02 2.072220e-02 0 1 0 3 2.307150e-14 0.000000e+00
32 75 1.307482e-02 2.608770e-02 0 1 0 3 1.937879e-14 0.000000e+00
32 76 1.307482e-02 3.284247e-02 0 1 0 3 1.600924e-14 0.000000e+00
32 77 1.307482e-02 4.134622e-02 0 1 0 3 1.290492e-14 0.000000e+00
32 78 1.307482e-02 5.205181e-02 0 1 0 3 1.008047e-14 0.000000e+00
32 79 1.307482e-02 6.552935e-02 0 1 0 3 7.571436e-15 0.000000e+00
33 60 1.646023e-02 8.249656e-04 0 1 0 3 2.628081e-14 0.000000e+00
33 61 1.646023e-02 1.038570e-03 0 1 0 3 2.628241e-14 0.000000e+00
33 62 1.646023e-02 1.307482e-03 0 1 0 3 2.628467e-14 0.000000e+00
33 63 1.646023e-02 1.646023e-03 0 1 0 3 2.628841e-14 0.000000e+00
33 64 1.646023e-02 2.072220e-03 0 1 0 3 2.629425e-14 0.000000e+00
33 65 1.646023e-02 2.608770e-03 0 1 0 3 2.630365e-14 0.000000e+00
33 66 1.646023e-02 3.284247e-03 0 1 0 3 2.631872e-14 0.000000e+00
33 67 1.646023e-02 4.134622e-03 0 1 0 3 2.634321e-14 0.000000e+00
33 68 1.646023e-02 5.205181e-03 0 1 0 3 2.638358e-14 0.000000e+00
33 69 1.646023e-02 6.552935e-03 0 1 0 3 2.645206e-14 0.000000e+00
33 70 1.646023e-02 8.249656e-03 0 1 0 3 2.657492e-14 0.000000e+00
33 71 1.646023e-02 1.038570e-02 0 1 0 3 2.682524e-14 0.000000e+00
33 72 1.646023e-02 1.307482e-02 0 1 0 3 2.758893e-14 0.000000e+00
33 73 1.646023e-02 1.646023e-02 0 1 0 3 2.851586e-14 0.000000e+00
33 74 1.646023e-02 2.072220e-02 0 1 0 3 2.366911e-14 0.000000e+00
33 75 1.646023e-02 2.608770e-02 0 1 0 3 1.956856e-14 0.000000e+00
33 76 1.646023e-02 3.284247e-02 0 1 0 3 1.611950e-14 0.000000e+00
33 77 1.646023e-02 4.134622e-02 0 1 0 3 1.298134e-14 0.000000e+00
33 78 1.646023e-02 5.205181e-02 0 1 0 3 1.013585e-14 0.000000e+00
33 79 1.646023e-02 6.552935e-02 0 1 0 3 7.610290e-15 0.000000e+00
34 60 2.072220e-02 8.249656e-04 0 1 0 3 2.260090e-14 0.000000e+00
34 61 2.072220e-02 1.038570e-03 0 1 0 3 2.260188e-14 0.000000e+00
34 62 2.072220e-02 1.307482e-03 0 1 0 3 2.260314e-14 0.000000e+00
34 63 2.072220e-02 1.646023e-03 0 1 0 3 2.260536e-14 0.000000e+00
34 64 2.072220e-02 2.072220e-03 0 1 0 3 2.260881e-14 0.000000e+00
34 65 2.072220e-02 2.608770e-03 0 1 0 3 2.261429e-14 0.000000e+00
34 66 2.072220e-02 3.284247e-03 0 1 0 3 2.262301e-14 0.000000e+00
34 67 2.072220e-02 4.134622e-03 0 1 0 3 2.263699e-14 0.000000e+00
34 68 2.072220e-02 5.205181e-03 0 1 0 3 2.265953e-14 0.000000e+00
34 69 2.072220e-02 6.552935e-03 0 1 0 3 2.269631e-14 0.000000e+00
34 70 2.072220e-02 8.249656e-03 0 1 0 3 2.275762e-14 0.000000e+00
34 71 2.072220e-02 1.038570e-02 0 1 0 3 2.286443e-14 0.000000e+00
34 72 2.072220e-02 1.307482e-02 0 1 0 3 2.307150e-14 0.000000e+00
34 73 2.072220e-02 1.646023e-02 0 1 0 3 2.366911e-14 0.000000e+00
34 74 2.072220e-02 2.072220e-02 0 1 0 3 2.434376e-14 0.000000e+00
34 75 2.072220e-02 2.608770e-02 0 1 0 3 2.006275e-14 0.000000e+00
34 76 2.072220e-02 3.284247e-02 0 1 0 3 1.631193e-14 0.000000e+00
34 77 2.072220e-02 4.134622e-02 0 1 0 3 1.310582e-14 0.000000e+00
34 78 2.072220e-02 5.205181e-02 0 1 0 3 1.022438e-14 0.000000e+00
34 79 2.072220e-02 6.552935e-02 0 1 0 3 7.672163e-15 0.000000e+00
35 60 2.608770e-02 8.249656e-04 0 1 0 3 1.911577e-14 0.000000e+00
35 61 2.608770e-02 1.038570e-03 0 1 0 3 1.911646e-14 0.000000e+00
35 62 2.608770e-02 1.307482e-03 0 1 0 3 1.911729e-14 0.000000e+00
35 63 2.608770e-02 1.646023e-03 0 1 0 3 1.911880e-14 0.000000e+00
35 64 2.608770e-02 2.072220e-03 0 1 0 3 1.912104e-14 0.000000e+00
35 65 2.608770e-02 2.608770e-03 0 1 0 3 1.912459e-14 0.000000e+00
35 66 2.608770e-02 3.284247e-03 0 1 0 3 1.913027e-14 0.000000e+00
35 67 2.608770e-02 4.134622e-03 0 1 0 3 1.913928e-14 0.000000e+00
35 68 2.608770e-02 5.205181e-03 0 1 0 3 1.915369e-14 0.000000e+00
35 69 2.608770e-02 6.552935e-03 0 1 0 3 1.917676e-14 0.000000e+00
35 70 2.608770e-02 8.249656e-03 0 1 0 3 1.921407e-14 0.000000e+00
35 71 2.608770e-02 1.038570e-02 0 1 0 3 1.927525e-14 0.000000e+00
35 72 2.608770e-02 1.307482e-02 0 1 0 3 1.937879e-14 0.000000e+00
35 73 2.608770e-02 1.646023e-02 0 1 0 3 1.956856e-14 0.000000e+00
35 74 2.608770e-02 2.072220e-02 0 1 0 3 2.006275e-14 0.000000e+00
35 75 2.608770e-02 2.608770e-02 0 1 0 3 2.054968e-14 0.000000e+00
35 76 2.608770e-02 3.284247e-02 0 1 0 3 1.675389e-14 0.000000e+00
35 77 2.608770e-02 4.134622e-02 0 1 0 3 1.331564e-14 0.000000e+00
35 78 2.608770e-02 5.205181e-02 0 1 0 3 1.036706e-14 0.000000e+00
35 79 2.608770e-02 6.552935e-02 0 1 0 3 7.771120e-15 0.000000e+00
36 60 3.284247e-02 8.249656e-04 0 1 0 3 1.583322e-14 0.000000e+00
36 61 3.284247e-02 1.038570e-03 0 1 0 3 1.583374e-14 0.000000e+00
36 62 3.284247e-02 1.307482e-03 0 1 0 3 1.583430e-14 0.000000e+00
36 63 3.284247e-02 1.646023e-03 0 1 0 3 1.583537e-14 0.000000e+00
36 64 3.284247e-02 2.072220e-03 0 1 0 3 1.583694e-14 0.000000e+00
36 65 3.284247e-02 2.608770e-03 0 1 0 3 1.583947e-14 0.000000e+00
36 66 3.284247e-02 3.284247e-03 0 1 0 3 1.584345e-14 0.000000e+00
36 67 3.284247e-02 4.134622e-03 0 1 0 3 1.584977e-14 0.000000e+00
36 68 3.284247e-02 5.205181e-03 0 1 0 3 1.585984e-14 0.000000e+00
36 69 3.284247e-02 6.552935e-03 0 1 0 3 1.587586e-14 0.000000e+00
36 70 3.284247e-02 8.249656e-03 0 1 0 3 1.590147e-14 0.000000e+00
36 71 3.284247e-02 1.038570e-02 0 1 0 3 1.594258e-14 0.000000e+00
36 72 3.284247e-02 1.307482e-02 0 1 0 3 1.600924e-14 0.000000e+00
36 73 3.284247e-02 1.646023e-02 0 1 0 3 1.611950e-14 0.000000e+00
36 74 3.284247e-02 2.072220e-02 0 1 0 3 1.631193e-14 0.000000e+00
36 75 3.284247e-02 2.608770e-02 0 1 0 3 1.675389e-14 0.000000e+00
36 76 3.284247e-02 3.284247e-02 0 1 0 3 1.711741e-14 0.000000e+00
36 77 3.284247e-02 4.134622e-02 0 1 0 3 1.374473e-14 0.000000e+00
36 78 3.284247e-02 5.205181e-02 0 1 0 3 1.060227e-14 0.000000e+00
36 79 3.284247e-02 6.552935e-02 0 1 0 3 7.930640e-15 0.000000e+00
37 60 4.134622e-02 8.249656e-04 0 1 0 3 1.277745e-14 0.000000e+00
37 61 4.134622e-02 1.038570e-03 0 1 0 3 1.277789e-14 0.000000e+00
37 62 4.134622e-02 1.307482e-03 0 1 0 3 1.277830e-14 0.000000e+00
37 63 4.134622e-02 1.646023e-03 0 1 0 3 1.277912e-14 0.000000e+00
37 64 4.134622e-02 2.072220e-03 0 1 0 3 1.278028e-14 0.000000e+00
37 65 4.134622e-02 2.608770e-03 0 1 0 3 1.278212e-14 0.000000e+00
37 66 4.134622e-02 3.284247e-03 0 1 0 3 1.278506e-14 0.000000e+00
37 67 4.134622e-02 4.134622e-03 0 1 0 3 1.278974e-14 0.000000e+00
37 68 4.134622e-02 5.205181e-03 0 1 0 3 1.279716e-14 0.000000e+00
37 69 4.134622e-02 6.552935e-03 0 1 0 3 1.280892e-14 0.000000e+00
37 70 4.134622e-02 8.249656e-03 0 1 0 3 1.282761e-14 0.000000e+00
37 71 4.134622e-02 1.038570e-02 0 1 0 3 1.285738e-14 0.000000e+00
37 72 4.134622e-02 1.307482e-02 0 1 0 3 1.290492e-14 0.000000e+00
37 73 4.134622e-02 1.646023e-02 0 1 0 3 1.298134e-14 0.000000e+00
37 74 4.134622e-02 2.072220e-02 0 1 0 3 1.310582e-14 0.000000e+00
37 75 4.134622e-02 2.608770e-02 0 1 0 3 1.331564e-14 0.000000e+00
37 76 4.134622e-02 3.284247e-02 0 1 0 3 1.374473e-14 0.000000e+00
37 77 4.134622e-02 4.134622e-02 0 1 0 3 1.404245e-14 0.000000e+00
37 78 4.134622e-02 5.205181e-02 0 1 0 3 1.104403e-14 0.000000e+00
37 79 4.134622e-02 6.552935e-02 0 1 0 3 8.192409e-15 0.000000e+00
38 60 5.205181e-02 8.249656e-04 0 1 0 3 9.986868e-15 0.000000e+00
38 61 5.205181e-02 1.038570e-03 0 1 0 3 9.987202e-15 0.000000e+00
38 62 5.205181e-02 1.307482e-03 0 1 0 3 9.987475e-15 0.000000e+00
38 63 5.205181e-02 1.646023e-03 0 1 0 3 9.988081e-15 0.000000e+00
38 64 5.205181e-02 2.072220e-03 0 1 0 3 9.988931e-15 0.000000e+00
38 65 5.205181e-02 2.608770e-03 0 1 0 3 9.990308e-15 0.000000e+00
38 66 5.205181e-02 3.284247e-03 0 1 0 3 9.992495e-15 0.000000e+00
38 67 5.205181e-02 4.134622e-03 0 1 0 3 9.995943e-15 0.000000e+00
38 68 5.205181e-02 5.205181e-03 0 1 0 3 1.000140e-14 0.000000e+00
38 69 5.205181e-02 6.552935e-03 0 1 0 3 1.001008e-14 0.000000e+00
38 70 5.205181e-02 8.249656e-03 0 1 0 3 1.002385e-14 0.000000e+00
38 71 5.205181e-02 1.038570e-02 0 1 0 3 1.004572e-14 0.000000e+00
38 72 5.205181e-02 1.307482e-02 0 1 0 3 1.008047e-14 0.000000e+00
38 73 5.205181e-02 1.646023e-02 0 1 0 3 1.013585e-14 0.000000e+00
38 74 5.205181e-02 2.072220e-02 0 1 0 3 1.022438e-14 0.000000e+00
38 75 5.205181e-02 2.608770e-02 0 1 0 3 1.036706e-14 0.000000e+00
38 76 5.205181e-02 3.284247e-02 0 1 0 3 1.060227e-14 0.000000e+00
38 77 5.205181e-02 4.134622e-02 0 1 0 3 1.104403e-14 0.000000e+00
38 78 5.205181e-02 5.205181e-02 0 1 0 3 1.132209e-14 0.000000e+00
38 79 5.205181e-02 6.552935e-02 0 1 0 3 8.661736e-15 0.000000e+00
39 60 6.552935e-02 8.249656e-04 0 1 0 3 7.505435e-15 0.000000e+00
39 61 6.552935e-02 1.038570e-03 0 1 0 3 7.505710e-15 0.000000e+00
39 62 6.552935e-02 1.307482e-03 0 1 0 3 7.505896e-15 0.000000e+00
39 63 6.552935e-02 1.646023e-03 0 1 0 3 7.506348e-15 0.000000e+00
39 64 6.552935e-02 2.072220e-03 0 1 0 3 7.506950e-15 0.000000e+00
39 65 6.552935e-02 2.608770e-03 0 1 0 3 7.507917e-15 0.000000e+00
39 66 6.552935e-02 3.284247e-03 0 1 0 3 7.509452e-15 0.000000e+00
39 67 6.552935e-02 4.134622e-03 0 1 0 3 7.511889e-15 0.000000e+00
39 68 6.552935e-02 5.205181e-03 0 1 0 3 7.515759e-15 0.000000e+00
39 69 6.552935e-02 6.552935e-03 0 1 0 3 7.521879e-15 0.000000e+00
39 70 6.552935e-02 8.249656e-03 0 1 0 3 7.531586e-15 0.000000e+00
39 71 6.552935e-02 1.038570e-02 0 1 0 3 7.546992e-15 0.000000e+00
39 72 6.552935e-02 1.307482e-02 0 1 0 3 7.571436e-15 0.000000e+00
39 73 6.552935e-02 1.646023e-02 0 1 0 3 7.610290e-15 0.000000e+00
39 74 6.552935e-02 2.072220e-02 0 1 0 3 7.672163e-15 0.000000e+00
39 75 6.552935e-02 2.608770e-02 0 1 0 3 7.771120e-15 0.000000e+00
39 76 6.552935e-02 3.284247e-02 0 1 0 3 7.930640e-15 0.000000e+00
39 77 6.552935e-02 4.134622e-02 0 1 0 3 8.192409e-15 0.000000e+00
39 78 6.552935e-02 5.205181e-02 0 1 0 3 8.661736e-15 0.000000e+00
39 79 6.552935e-02 6.552935e-02 0 1 0 3 8.957191e-15 0.000000e+00
