# Please cite the following papers in research using this covariance:
# arXiv: 1601.05779, https://arxiv.org/abs/1601.05779
# arXiv: 1911.11947, https://arxiv.org/abs/1911.11947
# arXiv: 2004.04833, https://arxiv.org/abs/2004.04833
########################################################
20 180 8.249656e-04 8.249656e-04 0 1 3 3 5.411422e-14 0.000000e+00
20 181 8.249656e-04 1.038570e-03 0 1 3 3 5.359198e-14 0.000000e+00
20 182 8.249656e-04 1.307482e-03 0 1 3 3 5.283701e-14 0.000000e+00
20 183 8.249656e-04 1.646023e-03 0 1 3 3 5.185756e-14 0.000000e+00
20 184 8.249656e-04 2.072220e-03 0 1 3 3 5.067858e-14 0.000000e+00
20 185 8.249656e-04 2.608770e-03 0 1 3 3 4.933127e-14 0.000000e+00
20 186 8.249656e-04 3.284247e-03 0 1 3 3 4.784249e-14 0.000000e+00
20 187 8.249656e-04 4.134622e-03 0 1 3 3 4.622615e-14 0.000000e+00
20 188 8.249656e-04 5.205181e-03 0 1 3 3 4.447809e-14 0.000000e+00
20 189 8.249656e-04 6.552935e-03 0 1 3 3 4.257531e-14 0.000000e+00
20 190 8.249656e-04 8.249656e-03 0 1 3 3 4.047968e-14 0.000000e+00
20 191 8.249656e-04 1.038570e-02 0 1 3 3 3.814503e-14 0.000000e+00
20 192 8.249656e-04 1.307482e-02 0 1 3 3 3.552660e-14 0.000000e+00
20 193 8.249656e-04 1.646023e-02 0 1 3 3 3.259210e-14 0.000000e+00
20 194 8.249656e-04 2.072220e-02 0 1 3 3 2.933384e-14 0.000000e+00
20 195 8.249656e-04 2.608770e-02 0 1 3 3 2.578062e-14 0.000000e+00
20 196 8.249656e-04 3.284247e-02 0 1 3 3 2.200721e-14 0.000000e+00
20 197 8.249656e-04 4.134622e-02 0 1 3 3 1.813697e-14 0.000000e+00
20 198 8.249656e-04 5.205181e-02 0 1 3 3 1.433288e-14 0.000000e+00
20 199 8.249656e-04 6.552935e-02 0 1 3 3 1.077403e-14 0.000000e+00
21 180 1.038570e-03 8.249656e-04 0 1 3 3 5.359198e-14 0.000000e+00
21 181 1.038570e-03 1.038570e-03 0 1 3 3 5.322388e-14 0.000000e+00
21 182 1.038570e-03 1.307482e-03 0 1 3 3 5.261140e-14 0.000000e+00
21 183 1.038570e-03 1.646023e-03 0 1 3 3 5.172968e-14 0.000000e+00
21 184 1.038570e-03 2.072220e-03 0 1 3 3 5.060951e-14 0.000000e+00
21 185 1.038570e-03 2.608770e-03 0 1 3 3 4.929412e-14 0.000000e+00
21 186 1.038570e-03 3.284247e-03 0 1 3 3 4.782108e-14 0.000000e+00
21 187 1.038570e-03 4.134622e-03 0 1 3 3 4.621206e-14 0.000000e+00
21 188 1.038570e-03 5.205181e-03 0 1 3 3 4.446758e-14 0.000000e+00
21 189 1.038570e-03 6.552935e-03 0 1 3 3 4.256702e-14 0.000000e+00
21 190 1.038570e-03 8.249656e-03 0 1 3 3 4.047320e-14 0.000000e+00
21 191 1.038570e-03 1.038570e-02 0 1 3 3 3.814019e-14 0.000000e+00
21 192 1.038570e-03 1.307482e-02 0 1 3 3 3.552324e-14 0.000000e+00
21 193 1.038570e-03 1.646023e-02 0 1 3 3 3.258997e-14 0.000000e+00
21 194 1.038570e-03 2.072220e-02 0 1 3 3 2.933267e-14 0.000000e+00
21 195 1.038570e-03 2.608770e-02 0 1 3 3 2.578016e-14 0.000000e+00
21 196 1.038570e-03 3.284247e-02 0 1 3 3 2.200719e-14 0.000000e+00
21 197 1.038570e-03 4.134622e-02 0 1 3 3 1.813720e-14 0.000000e+00
21 198 1.038570e-03 5.205181e-02 0 1 3 3 1.433321e-14 0.000000e+00
21 199 1.038570e-03 6.552935e-02 0 1 3 3 1.077437e-14 0.000000e+00
22 180 1.307482e-03 8.249656e-04 0 1 3 3 5.283701e-14 0.000000e+00
22 181 1.307482e-03 1.038570e-03 0 1 3 3 5.261140e-14 0.000000e+00
22 182 1.307482e-03 1.307482e-03 0 1 3 3 5.220248e-14 0.000000e+00
22 183 1.307482e-03 1.646023e-03 0 1 3 3 5.149848e-14 0.000000e+00
22 184 1.307482e-03 2.072220e-03 0 1 3 3 5.048742e-14 0.000000e+00
22 185 1.307482e-03 2.608770e-03 0 1 3 3 4.923022e-14 0.000000e+00
22 186 1.307482e-03 3.284247e-03 0 1 3 3 4.778526e-14 0.000000e+00
22 187 1.307482e-03 4.134622e-03 0 1 3 3 4.618894e-14 0.000000e+00
22 188 1.307482e-03 5.205181e-03 0 1 3 3 4.445046e-14 0.000000e+00
22 189 1.307482e-03 6.552935e-03 0 1 3 3 4.255349e-14 0.000000e+00
22 190 1.307482e-03 8.249656e-03 0 1 3 3 4.046254e-14 0.000000e+00
22 191 1.307482e-03 1.038570e-02 0 1 3 3 3.813215e-14 0.000000e+00
22 192 1.307482e-03 1.307482e-02 0 1 3 3 3.551752e-14 0.000000e+00
22 193 1.307482e-03 1.646023e-02 0 1 3 3 3.258622e-14 0.000000e+00
22 194 1.307482e-03 2.072220e-02 0 1 3 3 2.933046e-14 0.000000e+00
22 195 1.307482e-03 2.608770e-02 0 1 3 3 2.577905e-14 0.000000e+00
22 196 1.307482e-03 3.284247e-02 0 1 3 3 2.200680e-14 0.000000e+00
22 197 1.307482e-03 4.134622e-02 0 1 3 3 1.813722e-14 0.000000e+00
22 198 1.307482e-03 5.205181e-02 0 1 3 3 1.433340e-14 0.000000e+00
22 199 1.307482e-03 6.552935e-02 0 1 3 3 1.077458e-14 0.000000e+00
23 180 1.646023e-03 8.249656e-04 0 1 3 3 5.185756e-14 0.000000e+00
23 181 1.646023e-03 1.038570e-03 0 1 3 3 5.172968e-14 0.000000e+00
23 182 1.646023e-03 1.307482e-03 0 1 3 3 5.149848e-14 0.000000e+00
23 183 1.646023e-03 1.646023e-03 0 1 3 3 5.105545e-14 0.000000e+00
23 184 1.646023e-03 2.072220e-03 0 1 3 3 5.025785e-14 0.000000e+00
23 185 1.646023e-03 2.608770e-03 0 1 3 3 4.911570e-14 0.000000e+00
23 186 1.646023e-03 3.284247e-03 0 1 3 3 4.772441e-14 0.000000e+00
23 187 1.646023e-03 4.134622e-03 0 1 3 3 4.615136e-14 0.000000e+00
23 188 1.646023e-03 5.205181e-03 0 1 3 3 4.442332e-14 0.000000e+00
23 189 1.646023e-03 6.552935e-03 0 1 3 3 4.253225e-14 0.000000e+00
23 190 1.646023e-03 8.249656e-03 0 1 3 3 4.044590e-14 0.000000e+00
23 191 1.646023e-03 1.038570e-02 0 1 3 3 3.811964e-14 0.000000e+00
23 192 1.646023e-03 1.307482e-02 0 1 3 3 3.550871e-14 0.000000e+00
23 193 1.646023e-03 1.646023e-02 0 1 3 3 3.258052e-14 0.000000e+00
23 194 1.646023e-03 2.072220e-02 0 1 3 3 2.932719e-14 0.000000e+00
23 195 1.646023e-03 2.608770e-02 0 1 3 3 2.577753e-14 0.000000e+00
23 196 1.646023e-03 3.284247e-02 0 1 3 3 2.200642e-14 0.000000e+00
23 197 1.646023e-03 4.134622e-02 0 1 3 3 1.813747e-14 0.000000e+00
23 198 1.646023e-03 5.205181e-02 0 1 3 3 1.433391e-14 0.000000e+00
23 199 1.646023e-03 6.552935e-02 0 1 3 3 1.077511e-14 0.000000e+00
24 180 2.072220e-03 8.249656e-04 0 1 3 3 5.067858e-14 0.000000e+00
24 181 2.072220e-03 1.038570e-03 0 1 3 3 5.060951e-14 0.000000e+00
24 182 2.072220e-03 1.307482e-03 0 1 3 3 5.048742e-14 0.000000e+00
24 183 2.072220e-03 1.646023e-03 0 1 3 3 5.025785e-14 0.000000e+00
24 184 2.072220e-03 2.072220e-03 0 1 3 3 4.978578e-14 0.000000e+00
24 185 2.072220e-03 2.608770e-03 0 1 3 3 4.889103e-14 0.000000e+00
24 186 2.072220e-03 3.284247e-03 0 1 3 3 4.761448e-14 0.000000e+00
24 187 2.072220e-03 4.134622e-03 0 1 3 3 4.608814e-14 0.000000e+00
24 188 2.072220e-03 5.205181e-03 0 1 3 3 4.437937e-14 0.000000e+00
24 189 2.072220e-03 6.552935e-03 0 1 3 3 4.249830e-14 0.000000e+00
24 190 2.072220e-03 8.249656e-03 0 1 3 3 4.041933e-14 0.000000e+00
24 191 2.072220e-03 1.038570e-02 0 1 3 3 3.809963e-14 0.000000e+00
24 192 2.072220e-03 1.307482e-02 0 1 3 3 3.549456e-14 0.000000e+00
24 193 2.072220e-03 1.646023e-02 0 1 3 3 3.257131e-14 0.000000e+00
24 194 2.072220e-03 2.072220e-02 0 1 3 3 2.932184e-14 0.000000e+00
24 195 2.072220e-03 2.608770e-02 0 1 3 3 2.577497e-14 0.000000e+00
24 196 2.072220e-03 3.284247e-02 0 1 3 3 2.200566e-14 0.000000e+00
24 197 2.072220e-03 4.134622e-02 0 1 3 3 1.813772e-14 0.000000e+00
24 198 2.072220e-03 5.205181e-02 0 1 3 3 1.433458e-14 0.000000e+00
24 199 2.072220e-03 6.552935e-02 0 1 3 3 1.077581e-14 0.000000e+00
25 180 2.608770e-03 8.249656e-04 0 1 3 3 4.933127e-14 0.000000e+00
25 181 2.608770e-03 1.038570e-03 0 1 3 3 4.929412e-14 0.000000e+00
25 182 2.608770e-03 1.307482e-03 0 1 3 3 4.923022e-14 0.000000e+00
25 183 2.608770e-03 1.646023e-03 0 1 3 3 4.911570e-14 0.000000e+00
25 184 2.608770e-03 2.072220e-03 0 1 3 3 4.889103e-14 0.000000e+00
25 185 2.608770e-03 2.608770e-03 0 1 3 3 4.839253e-14 0.000000e+00
25 186 2.608770e-03 3.284247e-03 0 1 3 3 4.739365e-14 0.000000e+00
25 187 2.608770e-03 4.134622e-03 0 1 3 3 4.597627e-14 0.000000e+00
25 188 2.608770e-03 5.205181e-03 0 1 3 3 4.430730e-14 0.000000e+00
25 189 2.608770e-03 6.552935e-03 0 1 3 3 4.244409e-14 0.000000e+00
25 190 2.608770e-03 8.249656e-03 0 1 3 3 4.037716e-14 0.000000e+00
25 191 2.608770e-03 1.038570e-02 0 1 3 3 3.806789e-14 0.000000e+00
25 192 2.608770e-03 1.307482e-02 0 1 3 3 3.547211e-14 0.000000e+00
25 193 2.608770e-03 1.646023e-02 0 1 3 3 3.255670e-14 0.000000e+00
25 194 2.608770e-03 2.072220e-02 0 1 3 3 2.931336e-14 0.000000e+00
25 195 2.608770e-03 2.608770e-02 0 1 3 3 2.577090e-14 0.000000e+00
25 196 2.608770e-03 3.284247e-02 0 1 3 3 2.200447e-14 0.000000e+00
25 197 2.608770e-03 4.134622e-02 0 1 3 3 1.813812e-14 0.000000e+00
25 198 2.608770e-03 5.205181e-02 0 1 3 3 1.433564e-14 0.000000e+00
25 199 2.608770e-03 6.552935e-02 0 1 3 3 1.077694e-14 0.000000e+00
26 180 3.284247e-03 8.249656e-04 0 1 3 3 4.784249e-14 0.000000e+00
26 181 3.284247e-03 1.038570e-03 0 1 3 3 4.782108e-14 0.000000e+00
26 182 3.284247e-03 1.307482e-03 0 1 3 3 4.778526e-14 0.000000e+00
26 183 3.284247e-03 1.646023e-03 0 1 3 3 4.772441e-14 0.000000e+00
26 184 3.284247e-03 2.072220e-03 0 1 3 3 4.761448e-14 0.000000e+00
26 185 3.284247e-03 2.608770e-03 0 1 3 3 4.739365e-14 0.000000e+00
26 186 3.284247e-03 3.284247e-03 0 1 3 3 4.686692e-14 0.000000e+00
26 187 3.284247e-03 4.134622e-03 0 1 3 3 4.575288e-14 0.000000e+00
26 188 3.284247e-03 5.205181e-03 0 1 3 3 4.418411e-14 0.000000e+00
26 189 3.284247e-03 6.552935e-03 0 1 3 3 4.235674e-14 0.000000e+00
26 190 3.284247e-03 8.249656e-03 0 1 3 3 4.031007e-14 0.000000e+00
26 191 3.284247e-03 1.038570e-02 0 1 3 3 3.801746e-14 0.000000e+00
26 192 3.284247e-03 1.307482e-02 0 1 3 3 3.543643e-14 0.000000e+00
26 193 3.284247e-03 1.646023e-02 0 1 3 3 3.253346e-14 0.000000e+00
26 194 3.284247e-03 2.072220e-02 0 1 3 3 2.929988e-14 0.000000e+00
26 195 3.284247e-03 2.608770e-02 0 1 3 3 2.576444e-14 0.000000e+00
26 196 3.284247e-03 3.284247e-02 0 1 3 3 2.200257e-14 0.000000e+00
26 197 3.284247e-03 4.134622e-02 0 1 3 3 1.813875e-14 0.000000e+00
26 198 3.284247e-03 5.205181e-02 0 1 3 3 1.433733e-14 0.000000e+00
26 199 3.284247e-03 6.552935e-02 0 1 3 3 1.077873e-14 0.000000e+00
27 180 4.134622e-03 8.249656e-04 0 1 3 3 4.622615e-14 0.000000e+00
27 181 4.134622e-03 1.038570e-03 0 1 3 3 4.621206e-14 0.000000e+00
27 182 4.134622e-03 1.307482e-03 0 1 3 3 4.618894e-14 0.000000e+00
27 183 4.134622e-03 1.646023e-03 0 1 3 3 4.615136e-14 0.000000e+00
27 184 4.134622e-03 2.072220e-03 0 1 3 3 4.608814e-14 0.000000e+00
27 185 4.134622e-03 2.608770e-03 0 1 3 3 4.597627e-14 0.000000e+00
27 186 4.134622e-03 3.284247e-03 0 1 3 3 4.575288e-14 0.000000e+00
27 187 4.134622e-03 4.134622e-03 0 1 3 3 4.519129e-14 0.000000e+00
27 188 4.134622e-03 5.205181e-03 0 1 3 3 4.394736e-14 0.000000e+00
27 189 4.134622e-03 6.552935e-03 0 1 3 3 4.221227e-14 0.000000e+00
27 190 4.134622e-03 8.249656e-03 0 1 3 3 4.020289e-14 0.000000e+00
27 191 4.134622e-03 1.038570e-02 0 1 3 3 3.793720e-14 0.000000e+00
27 192 4.134622e-03 1.307482e-02 0 1 3 3 3.537960e-14 0.000000e+00
27 193 4.134622e-03 1.646023e-02 0 1 3 3 3.249643e-14 0.000000e+00
27 194 4.134622e-03 2.072220e-02 0 1 3 3 2.927837e-14 0.000000e+00
27 195 4.134622e-03 2.608770e-02 0 1 3 3 2.575412e-14 0.000000e+00
27 196 4.134622e-03 3.284247e-02 0 1 3 3 2.199951e-14 0.000000e+00
27 197 4.134622e-03 4.134622e-02 0 1 3 3 1.813974e-14 0.000000e+00
27 198 4.134622e-03 5.205181e-02 0 1 3 3 1.434001e-14 0.000000e+00
27 199 4.134622e-03 6.552935e-02 0 1 3 3 1.078157e-14 0.000000e+00
28 180 5.205181e-03 8.249656e-04 0 1 3 3 4.447809e-14 0.000000e+00
28 181 5.205181e-03 1.038570e-03 0 1 3 3 4.446758e-14 0.000000e+00
28 182 5.205181e-03 1.307482e-03 0 1 3 3 4.445046e-14 0.000000e+00
28 183 5.205181e-03 1.646023e-03 0 1 3 3 4.442332e-14 0.000000e+00
28 184 5.205181e-03 2.072220e-03 0 1 3 3 4.437937e-14 0.000000e+00
28 185 5.205181e-03 2.608770e-03 0 1 3 3 4.430730e-14 0.000000e+00
28 186 5.205181e-03 3.284247e-03 0 1 3 3 4.418411e-14 0.000000e+00
28 187 5.205181e-03 4.134622e-03 0 1 3 3 4.394736e-14 0.000000e+00
28 188 5.205181e-03 5.205181e-03 0 1 3 3 4.334005e-14 0.000000e+00
28 189 5.205181e-03 6.552935e-03 0 1 3 3 4.194911e-14 0.000000e+00
28 190 5.205181e-03 8.249656e-03 0 1 3 3 4.002920e-14 0.000000e+00
28 191 5.205181e-03 1.038570e-02 0 1 3 3 3.780910e-14 0.000000e+00
28 192 5.205181e-03 1.307482e-02 0 1 3 3 3.528888e-14 0.000000e+00
28 193 5.205181e-03 1.646023e-02 0 1 3 3 3.243725e-14 0.000000e+00
28 194 5.205181e-03 2.072220e-02 0 1 3 3 2.924397e-14 0.000000e+00
28 195 5.205181e-03 2.608770e-02 0 1 3 3 2.573759e-14 0.000000e+00
28 196 5.205181e-03 3.284247e-02 0 1 3 3 2.199457e-14 0.000000e+00
28 197 5.205181e-03 4.134622e-02 0 1 3 3 1.814127e-14 0.000000e+00
28 198 5.205181e-03 5.205181e-02 0 1 3 3 1.434423e-14 0.000000e+00
28 199 5.205181e-03 6.552935e-02 0 1 3 3 1.078606e-14 0.000000e+00
29 180 6.552935e-03 8.249656e-04 0 1 3 3 4.257531e-14 0.000000e+00
29 181 6.552935e-03 1.038570e-03 0 1 3 3 4.256702e-14 0.000000e+00
29 182 6.552935e-03 1.307482e-03 0 1 3 3 4.255349e-14 0.000000e+00
29 183 6.552935e-03 1.646023e-03 0 1 3 3 4.253225e-14 0.000000e+00
29 184 6.552935e-03 2.072220e-03 0 1 3 3 4.249830e-14 0.000000e+00
29 185 6.552935e-03 2.608770e-03 0 1 3 3 4.244409e-14 0.000000e+00
29 186 6.552935e-03 3.284247e-03 0 1 3 3 4.235674e-14 0.000000e+00
29 187 6.552935e-03 4.134622e-03 0 1 3 3 4.221227e-14 0.000000e+00
29 188 6.552935e-03 5.205181e-03 0 1 3 3 4.194911e-14 0.000000e+00
29 189 6.552935e-03 6.552935e-03 0 1 3 3 4.128277e-14 0.000000e+00
29 190 6.552935e-03 8.249656e-03 0 1 3 3 3.972753e-14 0.000000e+00
29 191 6.552935e-03 1.038570e-02 0 1 3 3 3.760292e-14 0.000000e+00
29 192 6.552935e-03 1.307482e-02 0 1 3 3 3.514342e-14 0.000000e+00
29 193 6.552935e-03 1.646023e-02 0 1 3 3 3.234219e-14 0.000000e+00
29 194 6.552935e-03 2.072220e-02 0 1 3 3 2.918864e-14 0.000000e+00
29 195 6.552935e-03 2.608770e-02 0 1 3 3 2.571091e-14 0.000000e+00
29 196 6.552935e-03 3.284247e-02 0 1 3 3 2.198651e-14 0.000000e+00
29 197 6.552935e-03 4.134622e-02 0 1 3 3 1.814357e-14 0.000000e+00
29 198 6.552935e-03 5.205181e-02 0 1 3 3 1.435087e-14 0.000000e+00
29 199 6.552935e-03 6.552935e-02 0 1 3 3 1.079316e-14 0.000000e+00
30 180 8.249656e-03 8.249656e-04 0 1 3 3 4.047968e-14 0.000000e+00
30 181 8.249656e-03 1.038570e-03 0 1 3 3 4.047320e-14 0.000000e+00
30 182 8.249656e-03 1.307482e-03 0 1 3 3 4.046254e-14 0.000000e+00
30 183 8.249656e-03 1.646023e-03 0 1 3 3 4.044590e-14 0.000000e+00
30 184 8.249656e-03 2.072220e-03 0 1 3 3 4.041933e-14 0.000000e+00
30 185 8.249656e-03 2.608770e-03 0 1 3 3 4.037716e-14 0.000000e+00
30 186 8.249656e-03 3.284247e-03 0 1 3 3 4.031007e-14 0.000000e+00
30 187 8.249656e-03 4.134622e-03 0 1 3 3 4.020289e-14 0.000000e+00
30 188 8.249656e-03 5.205181e-03 0 1 3 3 4.002920e-14 0.000000e+00
30 189 8.249656e-03 6.552935e-03 0 1 3 3 3.972753e-14 0.000000e+00
30 190 8.249656e-03 8.249656e-03 0 1 3 3 3.898933e-14 0.000000e+00
30 191 8.249656e-03 1.038570e-02 0 1 3 3 3.725539e-14 0.000000e+00
30 192 8.249656e-03 1.307482e-02 0 1 3 3 3.490840e-14 0.000000e+00
30 193 8.249656e-03 1.646023e-02 0 1 3 3 3.218838e-14 0.000000e+00
30 194 8.249656e-03 2.072220e-02 0 1 3 3 2.909888e-14 0.000000e+00
30 195 8.249656e-03 2.608770e-02 0 1 3 3 2.566746e-14 0.000000e+00
30 196 8.249656e-03 3.284247e-02 0 1 3 3 2.197311e-14 0.000000e+00
30 197 8.249656e-03 4.134622e-02 0 1 3 3 1.814694e-14 0.000000e+00
30 198 8.249656e-03 5.205181e-02 0 1 3 3 1.436128e-14 0.000000e+00
30 199 8.249656e-03 6.552935e-02 0 1 3 3 1.080438e-14 0.000000e+00
31 180 1.038570e-02 8.249656e-04 0 1 3 3 3.814503e-14 0.000000e+00
31 181 1.038570e-02 1.038570e-03 0 1 3 3 3.814019e-14 0.000000e+00
31 182 1.038570e-02 1.307482e-03 0 1 3 3 3.813215e-14 0.000000e+00
31 183 1.038570e-02 1.646023e-03 0 1 3 3 3.811964e-14 0.000000e+00
31 184 1.038570e-02 2.072220e-03 0 1 3 3 3.809963e-14 0.000000e+00
31 185 1.038570e-02 2.608770e-03 0 1 3 3 3.806789e-14 0.000000e+00
31 186 1.038570e-02 3.284247e-03 0 1 3 3 3.801746e-14 0.000000e+00
31 187 1.038570e-02 4.134622e-03 0 1 3 3 3.793720e-14 0.000000e+00
31 188 1.038570e-02 5.205181e-03 0 1 3 3 3.780910e-14 0.000000e+00
31 189 1.038570e-02 6.552935e-03 0 1 3 3 3.760292e-14 0.000000e+00
31 190 1.038570e-02 8.249656e-03 0 1 3 3 3.725539e-14 0.000000e+00
31 191 1.038570e-02 1.038570e-02 0 1 3 3 3.643678e-14 0.000000e+00
31 192 1.038570e-02 1.307482e-02 0 1 3 3 3.451630e-14 0.000000e+00
31 193 1.038570e-02 1.646023e-02 0 1 3 3 3.193670e-14 0.000000e+00
31 194 1.038570e-02 2.072220e-02 0 1 3 3 2.895138e-14 0.000000e+00
31 195 1.038570e-02 2.608770e-02 0 1 3 3 2.559558e-14 0.000000e+00
31 196 1.038570e-02 3.284247e-02 0 1 3 3 2.195032e-14 0.000000e+00
31 197 1.038570e-02 4.134622e-02 0 1 3 3 1.815156e-14 0.000000e+00
31 198 1.038570e-02 5.205181e-02 0 1 3 3 1.437749e-14 0.000000e+00
31 199 1.038570e-02 6.552935e-02 0 1 3 3 1.082206e-14 0.000000e+00
32 180 1.307482e-02 8.249656e-04 0 1 3 3 3.552660e-14 0.000000e+00
32 181 1.307482e-02 1.038570e-03 0 1 3 3 3.552324e-14 0.000000e+00
32 182 1.307482e-02 1.307482e-03 0 1 3 3 3.551752e-14 0.000000e+00
32 183 1.307482e-02 1.646023e-03 0 1 3 3 3.550871e-14 0.000000e+00
32 184 1.307482e-02 2.072220e-03 0 1 3 3 3.549456e-14 0.000000e+00
32 185 1.307482e-02 2.608770e-03 0 1 3 3 3.547211e-14 0.000000e+00
32 186 1.307482e-02 3.284247e-03 0 1 3 3 3.543643e-14 0.000000e+00
32 187 1.307482e-02 4.134622e-03 0 1 3 3 3.537960e-14 0.000000e+00
32 188 1.307482e-02 5.205181e-03 0 1 3 3 3.528888e-14 0.000000e+00
32 189 1.307482e-02 6.552935e-03 0 1 3 3 3.514342e-14 0.000000e+00
32 190 1.307482e-02 8.249656e-03 0 1 3 3 3.490840e-14 0.000000e+00
32 191 1.307482e-02 1.038570e-02 0 1 3 3 3.451630e-14 0.000000e+00
32 192 1.307482e-02 1.307482e-02 0 1 3 3 3.361743e-14 0.000000e+00
32 193 1.307482e-02 1.646023e-02 0 1 3 3 3.151318e-14 0.000000e+00
32 194 1.307482e-02 2.072220e-02 0 1 3 3 2.870430e-14 0.000000e+00
32 195 1.307482e-02 2.608770e-02 0 1 3 3 2.547385e-14 0.000000e+00
32 196 1.307482e-02 3.284247e-02 0 1 3 3 2.191018e-14 0.000000e+00
32 197 1.307482e-02 4.134622e-02 0 1 3 3 1.815703e-14 0.000000e+00
32 198 1.307482e-02 5.205181e-02 0 1 3 3 1.440244e-14 0.000000e+00
32 199 1.307482e-02 6.552935e-02 0 1 3 3 1.084983e-14 0.000000e+00
33 180 1.646023e-02 8.249656e-04 0 1 3 3 3.259210e-14 0.000000e+00
33 181 1.646023e-02 1.038570e-03 0 1 3 3 3.258997e-14 0.000000e+00
33 182 1.646023e-02 1.307482e-03 0 1 3 3 3.258622e-14 0.000000e+00
33 183 1.646023e-02 1.646023e-03 0 1 3 3 3.258052e-14 0.000000e+00
33 184 1.646023e-02 2.072220e-03 0 1 3 3 3.257131e-14 0.000000e+00
33 185 1.646023e-02 2.608770e-03 0 1 3 3 3.255670e-14 0.000000e+00
33 186 1.646023e-02 3.284247e-03 0 1 3 3 3.253346e-14 0.000000e+00
33 187 1.646023e-02 4.134622e-03 0 1 3 3 3.249643e-14 0.000000e+00
33 188 1.646023e-02 5.205181e-03 0 1 3 3 3.243725e-14 0.000000e+00
33 189 1.646023e-02 6.552935e-03 0 1 3 3 3.234219e-14 0.000000e+00
33 190 1.646023e-02 8.249656e-03 0 1 3 3 3.218838e-14 0.000000e+00
33 191 1.646023e-02 1.038570e-02 0 1 3 3 3.193670e-14 0.000000e+00
33 192 1.646023e-02 1.307482e-02 0 1 3 3 3.151318e-14 0.000000e+00
33 193 1.646023e-02 1.646023e-02 0 1 3 3 3.054714e-14 0.000000e+00
33 194 1.646023e-02 2.072220e-02 0 1 3 3 2.827618e-14 0.000000e+00
33 195 1.646023e-02 2.608770e-02 0 1 3 3 2.526060e-14 0.000000e+00
33 196 1.646023e-02 3.284247e-02 0 1 3 3 2.183603e-14 0.000000e+00
33 197 1.646023e-02 4.134622e-02 0 1 3 3 1.816087e-14 0.000000e+00
33 198 1.646023e-02 5.205181e-02 0 1 3 3 1.444004e-14 0.000000e+00
33 199 1.646023e-02 6.552935e-02 0 1 3 3 1.089323e-14 0.000000e+00
34 180 2.072220e-02 8.249656e-04 0 1 3 3 2.933384e-14 0.000000e+00
34 181 2.072220e-02 1.038570e-03 0 1 3 3 2.933267e-14 0.000000e+00
34 182 2.072220e-02 1.307482e-03 0 1 3 3 2.933046e-14 0.000000e+00
34 183 2.072220e-02 1.646023e-03 0 1 3 3 2.932719e-14 0.000000e+00
34 184 2.072220e-02 2.072220e-03 0 1 3 3 2.932184e-14 0.000000e+00
34 185 2.072220e-02 2.608770e-03 0 1 3 3 2.931336e-14 0.000000e+00
34 186 2.072220e-02 3.284247e-03 0 1 3 3 2.929988e-14 0.000000e+00
34 187 2.072220e-02 4.134622e-03 0 1 3 3 2.927837e-14 0.000000e+00
34 188 2.072220e-02 5.205181e-03 0 1 3 3 2.924397e-14 0.000000e+00
34 189 2.072220e-02 6.552935e-03 0 1 3 3 2.918864e-14 0.000000e+00
34 190 2.072220e-02 8.249656e-03 0 1 3 3 2.909888e-14 0.000000e+00
34 191 2.072220e-02 1.038570e-02 0 1 3 3 2.895138e-14 0.000000e+00
34 192 2.072220e-02 1.307482e-02 0 1 3 3 2.870430e-14 0.000000e+00
34 193 2.072220e-02 1.646023e-02 0 1 3 3 2.827618e-14 0.000000e+00
34 194 2.072220e-02 2.072220e-02 0 1 3 3 2.727191e-14 0.000000e+00
34 195 2.072220e-02 2.608770e-02 0 1 3 3 2.486765e-14 0.000000e+00
34 196 2.072220e-02 3.284247e-02 0 1 3 3 2.169031e-14 0.000000e+00
34 197 2.072220e-02 4.134622e-02 0 1 3 3 1.815407e-14 0.000000e+00
34 198 2.072220e-02 5.205181e-02 0 1 3 3 1.449449e-14 0.000000e+00
34 199 2.072220e-02 6.552935e-02 0 1 3 3 1.096038e-14 0.000000e+00
35 180 2.608770e-02 8.249656e-04 0 1 3 3 2.578062e-14 0.000000e+00
35 181 2.608770e-02 1.038570e-03 0 1 3 3 2.578016e-14 0.000000e+00
35 182 2.608770e-02 1.307482e-03 0 1 3 3 2.577905e-14 0.000000e+00
35 183 2.608770e-02 1.646023e-03 0 1 3 3 2.577753e-14 0.000000e+00
35 184 2.608770e-02 2.072220e-03 0 1 3 3 2.577497e-14 0.000000e+00
35 185 2.608770e-02 2.608770e-03 0 1 3 3 2.577090e-14 0.000000e+00
35 186 2.608770e-02 3.284247e-03 0 1 3 3 2.576444e-14 0.000000e+00
35 187 2.608770e-02 4.134622e-03 0 1 3 3 2.575412e-14 0.000000e+00
35 188 2.608770e-02 5.205181e-03 0 1 3 3 2.573759e-14 0.000000e+00
35 189 2.608770e-02 6.552935e-03 0 1 3 3 2.571091e-14 0.000000e+00
35 190 2.608770e-02 8.249656e-03 0 1 3 3 2.566746e-14 0.000000e+00
35 191 2.608770e-02 1.038570e-02 0 1 3 3 2.559558e-14 0.000000e+00
35 192 2.608770e-02 1.307482e-02 0 1 3 3 2.547385e-14 0.000000e+00
35 193 2.608770e-02 1.646023e-02 0 1 3 3 2.526060e-14 0.000000e+00
35 194 2.608770e-02 2.072220e-02 0 1 3 3 2.486765e-14 0.000000e+00
35 195 2.608770e-02 2.608770e-02 0 1 3 3 2.386988e-14 0.000000e+00
35 196 2.608770e-02 3.284247e-02 0 1 3 3 2.138097e-14 0.000000e+00
35 197 2.608770e-02 4.134622e-02 0 1 3 3 1.810778e-14 0.000000e+00
35 198 2.608770e-02 5.205181e-02 0 1 3 3 1.456676e-14 0.000000e+00
35 199 2.608770e-02 6.552935e-02 0 1 3 3 1.106240e-14 0.000000e+00
36 180 3.284247e-02 8.249656e-04 0 1 3 3 2.200721e-14 0.000000e+00
36 181 3.284247e-02 1.038570e-03 0 1 3 3 2.200719e-14 0.000000e+00
36 182 3.284247e-02 1.307482e-03 0 1 3 3 2.200680e-14 0.000000e+00
36 183 3.284247e-02 1.646023e-03 0 1 3 3 2.200642e-14 0.000000e+00
36 184 3.284247e-02 2.072220e-03 0 1 3 3 2.200566e-14 0.000000e+00
36 185 3.284247e-02 2.608770e-03 0 1 3 3 2.200447e-14 0.000000e+00
36 186 3.284247e-02 3.284247e-03 0 1 3 3 2.200257e-14 0.000000e+00
36 187 3.284247e-02 4.134622e-03 0 1 3 3 2.199951e-14 0.000000e+00
36 188 3.284247e-02 5.205181e-03 0 1 3 3 2.199457e-14 0.000000e+00
36 189 3.284247e-02 6.552935e-03 0 1 3 3 2.198651e-14 0.000000e+00
36 190 3.284247e-02 8.249656e-03 0 1 3 3 2.197311e-14 0.000000e+00
36 191 3.284247e-02 1.038570e-02 0 1 3 3 2.195032e-14 0.000000e+00
36 192 3.284247e-02 1.307482e-02 0 1 3 3 2.191018e-14 0.000000e+00
36 193 3.284247e-02 1.646023e-02 0 1 3 3 2.183603e-14 0.000000e+00
36 194 3.284247e-02 2.072220e-02 0 1 3 3 2.169031e-14 0.000000e+00
36 195 3.284247e-02 2.608770e-02 0 1 3 3 2.138097e-14 0.000000e+00
36 196 3.284247e-02 3.284247e-02 0 1 3 3 2.044608e-14 0.000000e+00
36 197 3.284247e-02 4.134622e-02 0 1 3 3 1.793088e-14 0.000000e+00
36 198 3.284247e-02 5.205181e-02 0 1 3 3 1.464106e-14 0.000000e+00
36 199 3.284247e-02 6.552935e-02 0 1 3 3 1.121166e-14 0.000000e+00
37 180 4.134622e-02 8.249656e-04 0 1 3 3 1.813697e-14 0.000000e+00
37 181 4.134622e-02 1.038570e-03 0 1 3 3 1.813720e-14 0.000000e+00
37 182 4.134622e-02 1.307482e-03 0 1 3 3 1.813722e-14 0.000000e+00
37 183 4.134622e-02 1.646023e-03 0 1 3 3 1.813747e-14 0.000000e+00
37 184 4.134622e-02 2.072220e-03 0 1 3 3 1.813772e-14 0.000000e+00
37 185 4.134622e-02 2.608770e-03 0 1 3 3 1.813812e-14 0.000000e+00
37 186 4.134622e-02 3.284247e-03 0 1 3 3 1.813875e-14 0.000000e+00
37 187 4.134622e-02 4.134622e-03 0 1 3 3 1.813974e-14 0.000000e+00
37 188 4.134622e-02 5.205181e-03 0 1 3 3 1.814127e-14 0.000000e+00
37 189 4.134622e-02 6.552935e-03 0 1 3 3 1.814357e-14 0.000000e+00
37 190 4.134622e-02 8.249656e-03 0 1 3 3 1.814694e-14 0.000000e+00
37 191 4.134622e-02 1.038570e-02 0 1 3 3 1.815156e-14 0.000000e+00
37 192 4.134622e-02 1.307482e-02 0 1 3 3 1.815703e-14 0.000000e+00
37 193 4.134622e-02 1.646023e-02 0 1 3 3 1.816087e-14 0.000000e+00
37 194 4.134622e-02 2.072220e-02 0 1 3 3 1.815407e-14 0.000000e+00
37 195 4.134622e-02 2.608770e-02 0 1 3 3 1.810778e-14 0.000000e+00
37 196 4.134622e-02 3.284247e-02 0 1 3 3 1.793088e-14 0.000000e+00
37 197 4.134622e-02 4.134622e-02 0 1 3 3 1.711768e-14 0.000000e+00
37 198 4.134622e-02 5.205181e-02 0 1 3 3 1.463409e-14 0.000000e+00
37 199 4.134622e-02 6.552935e-02 0 1 3 3 1.141006e-14 0.000000e+00
38 180 5.205181e-02 8.249656e-04 0 1 3 3 1.433288e-14 0.000000e+00
38 181 5.205181e-02 1.038570e-03 0 1 3 3 1.433321e-14 0.000000e+00
38 182 5.205181e-02 1.307482e-03 0 1 3 3 1.433340e-14 0.000000e+00
38 183 5.205181e-02 1.646023e-03 0 1 3 3 1.433391e-14 0.000000e+00
38 184 5.205181e-02 2.072220e-03 0 1 3 3 1.433458e-14 0.000000e+00
38 185 5.205181e-02 2.608770e-03 0 1 3 3 1.433564e-14 0.000000e+00
38 186 5.205181e-02 3.284247e-03 0 1 3 3 1.433733e-14 0.000000e+00
38 187 5.205181e-02 4.134622e-03 0 1 3 3 1.434001e-14 0.000000e+00
38 188 5.205181e-02 5.205181e-03 0 1 3 3 1.434423e-14 0.000000e+00
38 189 5.205181e-02 6.552935e-03 0 1 3 3 1.435087e-14 0.000000e+00
38 190 5.205181e-02 8.249656e-03 0 1 3 3 1.436128e-14 0.000000e+00
38 191 5.205181e-02 1.038570e-02 0 1 3 3 1.437749e-14 0.000000e+00
38 192 5.205181e-02 1.307482e-02 0 1 3 3 1.440244e-14 0.000000e+00
38 193 5.205181e-02 1.646023e-02 0 1 3 3 1.444004e-14 0.000000e+00
38 194 5.205181e-02 2.072220e-02 0 1 3 3 1.449449e-14 0.000000e+00
38 195 5.205181e-02 2.608770e-02 0 1 3 3 1.456676e-14 0.000000e+00
38 196 5.205181e-02 3.284247e-02 0 1 3 3 1.464106e-14 0.000000e+00
38 197 5.205181e-02 4.134622e-02 0 1 3 3 1.463409e-14 0.000000e+00
38 198 5.205181e-02 5.205181e-02 0 1 3 3 1.399268e-14 0.000000e+00
38 199 5.205181e-02 6.552935e-02 0 1 3 3 1.159251e-14 0.000000e+00
39 180 6.552935e-02 8.249656e-04 0 1 3 3 1.077403e-14 0.000000e+00
39 181 6.552935e-02 1.038570e-03 0 1 3 3 1.077437e-14 0.000000e+00
39 182 6.552935e-02 1.307482e-03 0 1 3 3 1.077458e-14 0.000000e+00
39 183 6.552935e-02 1.646023e-03 0 1 3 3 1.077511e-14 0.000000e+00
39 184 6.552935e-02 2.072220e-03 0 1 3 3 1.077581e-14 0.000000e+00
39 185 6.552935e-02 2.608770e-03 0 1 3 3 1.077694e-14 0.000000e+00
39 186 6.552935e-02 3.284247e-03 0 1 3 3 1.077873e-14 0.000000e+00
39 187 6.552935e-02 4.134622e-03 0 1 3 3 1.078157e-14 0.000000e+00
39 188 6.552935e-02 5.205181e-03 0 1 3 3 1.078606e-14 0.000000e+00
39 189 6.552935e-02 6.552935e-03 0 1 3 3 1.079316e-14 0.000000e+00
39 190 6.552935e-02 8.249656e-03 0 1 3 3 1.080438e-14 0.000000e+00
39 191 6.552935e-02 1.038570e-02 0 1 3 3 1.082206e-14 0.000000e+00
39 192 6.552935e-02 1.307482e-02 0 1 3 3 1.084983e-14 0.000000e+00
39 193 6.552935e-02 1.646023e-02 0 1 3 3 1.089323e-14 0.000000e+00
39 194 6.552935e-02 2.072220e-02 0 1 3 3 1.096038e-14 0.000000e+00
39 195 6.552935e-02 2.608770e-02 0 1 3 3 1.106240e-14 0.000000e+00
39 196 6.552935e-02 3.284247e-02 0 1 3 3 1.121166e-14 0.000000e+00
39 197 6.552935e-02 4.134622e-02 0 1 3 3 1.141006e-14 0.000000e+00
39 198 6.552935e-02 5.205181e-02 0 1 3 3 1.159251e-14 0.000000e+00
39 199 6.552935e-02 6.552935e-02 0 1 3 3 1.116155e-14 0.000000e+00
