# Please cite the following papers in research using this covariance:
# arXiv: 1601.05779, https://arxiv.org/abs/1601.05779
# arXiv: 1911.11947, https://arxiv.org/abs/1911.11947
# arXiv: 2004.04833, https://arxiv.org/abs/2004.04833
########################################################
80 120 8.249656e-04 8.249656e-04 1 1 1 3 3.294808e-13 0.000000e+00
80 121 8.249656e-04 1.038570e-03 1 1 1 3 2.871797e-13 0.000000e+00
80 122 8.249656e-04 1.307482e-03 1 1 1 3 2.394881e-13 0.000000e+00
80 123 8.249656e-04 1.646023e-03 1 1 1 3 2.003418e-13 0.000000e+00
80 124 8.249656e-04 2.072220e-03 1 1 1 3 1.691921e-13 0.000000e+00
80 125 8.249656e-04 2.608770e-03 1 1 1 3 1.446198e-13 0.000000e+00
80 126 8.249656e-04 3.284247e-03 1 1 1 3 1.251471e-13 0.000000e+00
80 127 8.249656e-04 4.134622e-03 1 1 1 3 1.094631e-13 0.000000e+00
80 128 8.249656e-04 5.205181e-03 1 1 1 3 9.649502e-14 0.000000e+00
80 129 8.249656e-04 6.552935e-03 1 1 1 3 8.541722e-14 0.000000e+00
80 130 8.249656e-04 8.249656e-03 1 1 1 3 7.562737e-14 0.000000e+00
80 131 8.249656e-04 1.038570e-02 1 1 1 3 6.671136e-14 0.000000e+00
80 132 8.249656e-04 1.307482e-02 1 1 1 3 5.840422e-14 0.000000e+00
80 133 8.249656e-04 1.646023e-02 1 1 1 3 5.055358e-14 0.000000e+00
80 134 8.249656e-04 2.072220e-02 1 1 1 3 4.309106e-14 0.000000e+00
80 135 8.249656e-04 2.608770e-02 1 1 1 3 3.601187e-14 0.000000e+00
80 136 8.249656e-04 3.284247e-02 1 1 1 3 2.936160e-14 0.000000e+00
80 137 8.249656e-04 4.134622e-02 1 1 1 3 2.322287e-14 0.000000e+00
80 138 8.249656e-04 5.205181e-02 1 1 1 3 1.770330e-14 0.000000e+00
80 139 8.249656e-04 6.552935e-02 1 1 1 3 1.290729e-14 0.000000e+00
81 120 1.038570e-03 8.249656e-04 1 1 1 3 2.871797e-13 0.000000e+00
81 121 1.038570e-03 1.038570e-03 1 1 1 3 2.876466e-13 0.000000e+00
81 122 1.038570e-03 1.307482e-03 1 1 1 3 2.483477e-13 0.000000e+00
81 123 1.038570e-03 1.646023e-03 1 1 1 3 2.054940e-13 0.000000e+00
81 124 1.038570e-03 2.072220e-03 1 1 1 3 1.719037e-13 0.000000e+00
81 125 1.038570e-03 2.608770e-03 1 1 1 3 1.459693e-13 0.000000e+00
81 126 1.038570e-03 3.284247e-03 1 1 1 3 1.257896e-13 0.000000e+00
81 127 1.038570e-03 4.134622e-03 1 1 1 3 1.097575e-13 0.000000e+00
81 128 1.038570e-03 5.205181e-03 1 1 1 3 9.662563e-14 0.000000e+00
81 129 1.038570e-03 6.552935e-03 1 1 1 3 8.547384e-14 0.000000e+00
81 130 1.038570e-03 8.249656e-03 1 1 1 3 7.565179e-14 0.000000e+00
81 131 1.038570e-03 1.038570e-02 1 1 1 3 6.672230e-14 0.000000e+00
81 132 1.038570e-03 1.307482e-02 1 1 1 3 5.840949e-14 0.000000e+00
81 133 1.038570e-03 1.646023e-02 1 1 1 3 5.055650e-14 0.000000e+00
81 134 1.038570e-03 2.072220e-02 1 1 1 3 4.309295e-14 0.000000e+00
81 135 1.038570e-03 2.608770e-02 1 1 1 3 3.601326e-14 0.000000e+00
81 136 1.038570e-03 3.284247e-02 1 1 1 3 2.936271e-14 0.000000e+00
81 137 1.038570e-03 4.134622e-02 1 1 1 3 2.322379e-14 0.000000e+00
81 138 1.038570e-03 5.205181e-02 1 1 1 3 1.770400e-14 0.000000e+00
81 139 1.038570e-03 6.552935e-02 1 1 1 3 1.290784e-14 0.000000e+00
82 120 1.307482e-03 8.249656e-04 1 1 1 3 2.394881e-13 0.000000e+00
82 121 1.307482e-03 1.038570e-03 1 1 1 3 2.483477e-13 0.000000e+00
82 122 1.307482e-03 1.307482e-03 1 1 1 3 2.507851e-13 0.000000e+00
82 123 1.307482e-03 1.646023e-03 1 1 1 3 2.146314e-13 0.000000e+00
82 124 1.307482e-03 2.072220e-03 1 1 1 3 1.766929e-13 0.000000e+00
82 125 1.307482e-03 2.608770e-03 1 1 1 3 1.482946e-13 0.000000e+00
82 126 1.307482e-03 3.284247e-03 1 1 1 3 1.268721e-13 0.000000e+00
82 127 1.307482e-03 4.134622e-03 1 1 1 3 1.102445e-13 0.000000e+00
82 128 1.307482e-03 5.205181e-03 1 1 1 3 9.683860e-14 0.000000e+00
82 129 1.307482e-03 6.552935e-03 1 1 1 3 8.556506e-14 0.000000e+00
82 130 1.307482e-03 8.249656e-03 1 1 1 3 7.569066e-14 0.000000e+00
82 131 1.307482e-03 1.038570e-02 1 1 1 3 6.673924e-14 0.000000e+00
82 132 1.307482e-03 1.307482e-02 1 1 1 3 5.841738e-14 0.000000e+00
82 133 1.307482e-03 1.646023e-02 1 1 1 3 5.056071e-14 0.000000e+00
82 134 1.307482e-03 2.072220e-02 1 1 1 3 4.309543e-14 0.000000e+00
82 135 1.307482e-03 2.608770e-02 1 1 1 3 3.601504e-14 0.000000e+00
82 136 1.307482e-03 3.284247e-02 1 1 1 3 2.936400e-14 0.000000e+00
82 137 1.307482e-03 4.134622e-02 1 1 1 3 2.322480e-14 0.000000e+00
82 138 1.307482e-03 5.205181e-02 1 1 1 3 1.770469e-14 0.000000e+00
82 139 1.307482e-03 6.552935e-02 1 1 1 3 1.290829e-14 0.000000e+00
83 120 1.646023e-03 8.249656e-04 1 1 1 3 2.003418e-13 0.000000e+00
83 121 1.646023e-03 1.038570e-03 1 1 1 3 2.054940e-13 0.000000e+00
83 122 1.646023e-03 1.307482e-03 1 1 1 3 2.146314e-13 0.000000e+00
83 123 1.646023e-03 1.646023e-03 1 1 1 3 2.186288e-13 0.000000e+00
83 124 1.646023e-03 2.072220e-03 1 1 1 3 1.856593e-13 0.000000e+00
83 125 1.646023e-03 2.608770e-03 1 1 1 3 1.525268e-13 0.000000e+00
83 126 1.646023e-03 3.284247e-03 1 1 1 3 1.287702e-13 0.000000e+00
83 127 1.646023e-03 4.134622e-03 1 1 1 3 1.110740e-13 0.000000e+00
83 128 1.646023e-03 5.205181e-03 1 1 1 3 9.719361e-14 0.000000e+00
83 129 1.646023e-03 6.552935e-03 1 1 1 3 8.571480e-14 0.000000e+00
83 130 1.646023e-03 8.249656e-03 1 1 1 3 7.575385e-14 0.000000e+00
83 131 1.646023e-03 1.038570e-02 1 1 1 3 6.676674e-14 0.000000e+00
83 132 1.646023e-03 1.307482e-02 1 1 1 3 5.843036e-14 0.000000e+00
83 133 1.646023e-03 1.646023e-02 1 1 1 3 5.056764e-14 0.000000e+00
83 134 1.646023e-03 2.072220e-02 1 1 1 3 4.309975e-14 0.000000e+00
83 135 1.646023e-03 2.608770e-02 1 1 1 3 3.601819e-14 0.000000e+00
83 136 1.646023e-03 3.284247e-02 1 1 1 3 2.936635e-14 0.000000e+00
83 137 1.646023e-03 4.134622e-02 1 1 1 3 2.322666e-14 0.000000e+00
83 138 1.646023e-03 5.205181e-02 1 1 1 3 1.770606e-14 0.000000e+00
83 139 1.646023e-03 6.552935e-02 1 1 1 3 1.290928e-14 0.000000e+00
84 120 2.072220e-03 8.249656e-04 1 1 1 3 1.691921e-13 0.000000e+00
84 121 2.072220e-03 1.038570e-03 1 1 1 3 1.719037e-13 0.000000e+00
84 122 2.072220e-03 1.307482e-03 1 1 1 3 1.766929e-13 0.000000e+00
84 123 2.072220e-03 1.646023e-03 1 1 1 3 1.856593e-13 0.000000e+00
84 124 2.072220e-03 2.072220e-03 1 1 1 3 1.907500e-13 0.000000e+00
84 125 2.072220e-03 2.608770e-03 1 1 1 3 1.609312e-13 0.000000e+00
84 126 2.072220e-03 3.284247e-03 1 1 1 3 1.323341e-13 0.000000e+00
84 127 2.072220e-03 4.134622e-03 1 1 1 3 1.125533e-13 0.000000e+00
84 128 2.072220e-03 5.205181e-03 1 1 1 3 9.780343e-14 0.000000e+00
84 129 2.072220e-03 6.552935e-03 1 1 1 3 8.596520e-14 0.000000e+00
84 130 2.072220e-03 8.249656e-03 1 1 1 3 7.585749e-14 0.000000e+00
84 131 2.072220e-03 1.038570e-02 1 1 1 3 6.681110e-14 0.000000e+00
84 132 2.072220e-03 1.307482e-02 1 1 1 3 5.845092e-14 0.000000e+00
84 133 2.072220e-03 1.646023e-02 1 1 1 3 5.057847e-14 0.000000e+00
84 134 2.072220e-03 2.072220e-02 1 1 1 3 4.310651e-14 0.000000e+00
84 135 2.072220e-03 2.608770e-02 1 1 1 3 3.602291e-14 0.000000e+00
84 136 2.072220e-03 3.284247e-02 1 1 1 3 2.936991e-14 0.000000e+00
84 137 2.072220e-03 4.134622e-02 1 1 1 3 2.322938e-14 0.000000e+00
84 138 2.072220e-03 5.205181e-02 1 1 1 3 1.770807e-14 0.000000e+00
84 139 2.072220e-03 6.552935e-02 1 1 1 3 1.291066e-14 0.000000e+00
85 120 2.608770e-03 8.249656e-04 1 1 1 3 1.446198e-13 0.000000e+00
85 121 2.608770e-03 1.038570e-03 1 1 1 3 1.459693e-13 0.000000e+00
85 122 2.608770e-03 1.307482e-03 1 1 1 3 1.482946e-13 0.000000e+00
85 123 2.608770e-03 1.646023e-03 1 1 1 3 1.525268e-13 0.000000e+00
85 124 2.608770e-03 2.072220e-03 1 1 1 3 1.609312e-13 0.000000e+00
85 125 2.608770e-03 2.608770e-03 1 1 1 3 1.666429e-13 0.000000e+00
85 126 2.608770e-03 3.284247e-03 1 1 1 3 1.398810e-13 0.000000e+00
85 127 2.608770e-03 4.134622e-03 1 1 1 3 1.154216e-13 0.000000e+00
85 128 2.608770e-03 5.205181e-03 1 1 1 3 9.890957e-14 0.000000e+00
85 129 2.608770e-03 6.552935e-03 1 1 1 3 8.639910e-14 0.000000e+00
85 130 2.608770e-03 8.249656e-03 1 1 1 3 7.603137e-14 0.000000e+00
85 131 2.608770e-03 1.038570e-02 1 1 1 3 6.688391e-14 0.000000e+00
85 132 2.608770e-03 1.307482e-02 1 1 1 3 5.848421e-14 0.000000e+00
85 133 2.608770e-03 1.646023e-02 1 1 1 3 5.059591e-14 0.000000e+00
85 134 2.608770e-03 2.072220e-02 1 1 1 3 4.311723e-14 0.000000e+00
85 135 2.608770e-03 2.608770e-02 1 1 1 3 3.603040e-14 0.000000e+00
85 136 2.608770e-03 3.284247e-02 1 1 1 3 2.937559e-14 0.000000e+00
85 137 2.608770e-03 4.134622e-02 1 1 1 3 2.323368e-14 0.000000e+00
85 138 2.608770e-03 5.205181e-02 1 1 1 3 1.771130e-14 0.000000e+00
85 139 2.608770e-03 6.552935e-02 1 1 1 3 1.291286e-14 0.000000e+00
86 120 3.284247e-03 8.249656e-04 1 1 1 3 1.251471e-13 0.000000e+00
86 121 3.284247e-03 1.038570e-03 1 1 1 3 1.257896e-13 0.000000e+00
86 122 3.284247e-03 1.307482e-03 1 1 1 3 1.268721e-13 0.000000e+00
86 123 3.284247e-03 1.646023e-03 1 1 1 3 1.287702e-13 0.000000e+00
86 124 3.284247e-03 2.072220e-03 1 1 1 3 1.323341e-13 0.000000e+00
86 125 3.284247e-03 2.608770e-03 1 1 1 3 1.398810e-13 0.000000e+00
86 126 3.284247e-03 3.284247e-03 1 1 1 3 1.457765e-13 0.000000e+00
86 127 3.284247e-03 4.134622e-03 1 1 1 3 1.219304e-13 0.000000e+00
86 128 3.284247e-03 5.205181e-03 1 1 1 3 1.011237e-13 0.000000e+00
86 129 3.284247e-03 6.552935e-03 1 1 1 3 8.719804e-14 0.000000e+00
86 130 3.284247e-03 8.249656e-03 1 1 1 3 7.633435e-14 0.000000e+00
86 131 3.284247e-03 1.038570e-02 1 1 1 3 6.700606e-14 0.000000e+00
86 132 3.284247e-03 1.307482e-02 1 1 1 3 5.853853e-14 0.000000e+00
86 133 3.284247e-03 1.646023e-02 1 1 1 3 5.062387e-14 0.000000e+00
86 134 3.284247e-03 2.072220e-02 1 1 1 3 4.313429e-14 0.000000e+00
86 135 3.284247e-03 2.608770e-02 1 1 1 3 3.604236e-14 0.000000e+00
86 136 3.284247e-03 3.284247e-02 1 1 1 3 2.938456e-14 0.000000e+00
86 137 3.284247e-03 4.134622e-02 1 1 1 3 2.324055e-14 0.000000e+00
86 138 3.284247e-03 5.205181e-02 1 1 1 3 1.771643e-14 0.000000e+00
86 139 3.284247e-03 6.552935e-02 1 1 1 3 1.291636e-14 0.000000e+00
87 120 4.134622e-03 8.249656e-04 1 1 1 3 1.094631e-13 0.000000e+00
87 121 4.134622e-03 1.038570e-03 1 1 1 3 1.097575e-13 0.000000e+00
87 122 4.134622e-03 1.307482e-03 1 1 1 3 1.102445e-13 0.000000e+00
87 123 4.134622e-03 1.646023e-03 1 1 1 3 1.110740e-13 0.000000e+00
87 124 4.134622e-03 2.072220e-03 1 1 1 3 1.125533e-13 0.000000e+00
87 125 4.134622e-03 2.608770e-03 1 1 1 3 1.154216e-13 0.000000e+00
87 126 4.134622e-03 3.284247e-03 1 1 1 3 1.219304e-13 0.000000e+00
87 127 4.134622e-03 4.134622e-03 1 1 1 3 1.276404e-13 0.000000e+00
87 128 4.134622e-03 5.205181e-03 1 1 1 3 1.065294e-13 0.000000e+00
87 129 4.134622e-03 6.552935e-03 1 1 1 3 8.884602e-14 0.000000e+00
87 130 4.134622e-03 8.249656e-03 1 1 1 3 7.689839e-14 0.000000e+00
87 131 4.134622e-03 1.038570e-02 1 1 1 3 6.721890e-14 0.000000e+00
87 132 4.134622e-03 1.307482e-02 1 1 1 3 5.862917e-14 0.000000e+00
87 133 4.134622e-03 1.646023e-02 1 1 1 3 5.066933e-14 0.000000e+00
87 134 4.134622e-03 2.072220e-02 1 1 1 3 4.316159e-14 0.000000e+00
87 135 4.134622e-03 2.608770e-02 1 1 1 3 3.606133e-14 0.000000e+00
87 136 4.134622e-03 3.284247e-02 1 1 1 3 2.939878e-14 0.000000e+00
87 137 4.134622e-03 4.134622e-02 1 1 1 3 2.325148e-14 0.000000e+00
87 138 4.134622e-03 5.205181e-02 1 1 1 3 1.772452e-14 0.000000e+00
87 139 4.134622e-03 6.552935e-02 1 1 1 3 1.292192e-14 0.000000e+00
88 120 5.205181e-03 8.249656e-04 1 1 1 3 9.649502e-14 0.000000e+00
88 121 5.205181e-03 1.038570e-03 1 1 1 3 9.662563e-14 0.000000e+00
88 122 5.205181e-03 1.307482e-03 1 1 1 3 9.683860e-14 0.000000e+00
88 123 5.205181e-03 1.646023e-03 1 1 1 3 9.719361e-14 0.000000e+00
88 124 5.205181e-03 2.072220e-03 1 1 1 3 9.780343e-14 0.000000e+00
88 125 5.205181e-03 2.608770e-03 1 1 1 3 9.890957e-14 0.000000e+00
88 126 5.205181e-03 3.284247e-03 1 1 1 3 1.011237e-13 0.000000e+00
88 127 5.205181e-03 4.134622e-03 1 1 1 3 1.065294e-13 0.000000e+00
88 128 5.205181e-03 5.205181e-03 1 1 1 3 1.117724e-13 0.000000e+00
88 129 5.205181e-03 6.552935e-03 1 1 1 3 9.318343e-14 0.000000e+00
88 130 5.205181e-03 8.249656e-03 1 1 1 3 7.809110e-14 0.000000e+00
88 131 5.205181e-03 1.038570e-02 1 1 1 3 6.761633e-14 0.000000e+00
88 132 5.205181e-03 1.307482e-02 1 1 1 3 5.878582e-14 0.000000e+00
88 133 5.205181e-03 1.646023e-02 1 1 1 3 5.074425e-14 0.000000e+00
88 134 5.205181e-03 2.072220e-02 1 1 1 3 4.320555e-14 0.000000e+00
88 135 5.205181e-03 2.608770e-02 1 1 1 3 3.609159e-14 0.000000e+00
88 136 5.205181e-03 3.284247e-02 1 1 1 3 2.942141e-14 0.000000e+00
88 137 5.205181e-03 4.134622e-02 1 1 1 3 2.326879e-14 0.000000e+00
88 138 5.205181e-03 5.205181e-02 1 1 1 3 1.773735e-14 0.000000e+00
88 139 5.205181e-03 6.552935e-02 1 1 1 3 1.293073e-14 0.000000e+00
89 120 6.552935e-03 8.249656e-04 1 1 1 3 8.541722e-14 0.000000e+00
89 121 6.552935e-03 1.038570e-03 1 1 1 3 8.547384e-14 0.000000e+00
89 122 6.552935e-03 1.307482e-03 1 1 1 3 8.556506e-14 0.000000e+00
89 123 6.552935e-03 1.646023e-03 1 1 1 3 8.571480e-14 0.000000e+00
89 124 6.552935e-03 2.072220e-03 1 1 1 3 8.596520e-14 0.000000e+00
89 125 6.552935e-03 2.608770e-03 1 1 1 3 8.639910e-14 0.000000e+00
89 126 6.552935e-03 3.284247e-03 1 1 1 3 8.719804e-14 0.000000e+00
89 127 6.552935e-03 4.134622e-03 1 1 1 3 8.884602e-14 0.000000e+00
89 128 6.552935e-03 5.205181e-03 1 1 1 3 9.318343e-14 0.000000e+00
89 129 6.552935e-03 6.552935e-03 1 1 1 3 9.777363e-14 0.000000e+00
89 130 6.552935e-03 8.249656e-03 1 1 1 3 8.146857e-14 0.000000e+00
89 131 6.552935e-03 1.038570e-02 1 1 1 3 6.846831e-14 0.000000e+00
89 132 6.552935e-03 1.307482e-02 1 1 1 3 5.907528e-14 0.000000e+00
89 133 6.552935e-03 1.646023e-02 1 1 1 3 5.087151e-14 0.000000e+00
89 134 6.552935e-03 2.072220e-02 1 1 1 3 4.327707e-14 0.000000e+00
89 135 6.552935e-03 2.608770e-02 1 1 1 3 3.613991e-14 0.000000e+00
89 136 6.552935e-03 3.284247e-02 1 1 1 3 2.945733e-14 0.000000e+00
89 137 6.552935e-03 4.134622e-02 1 1 1 3 2.329622e-14 0.000000e+00
89 138 6.552935e-03 5.205181e-02 1 1 1 3 1.775771e-14 0.000000e+00
89 139 6.552935e-03 6.552935e-02 1 1 1 3 1.294469e-14 0.000000e+00
90 120 8.249656e-03 8.249656e-04 1 1 1 3 7.562737e-14 0.000000e+00
90 121 8.249656e-03 1.038570e-03 1 1 1 3 7.565179e-14 0.000000e+00
90 122 8.249656e-03 1.307482e-03 1 1 1 3 7.569066e-14 0.000000e+00
90 123 8.249656e-03 1.646023e-03 1 1 1 3 7.575385e-14 0.000000e+00
90 124 8.249656e-03 2.072220e-03 1 1 1 3 7.585749e-14 0.000000e+00
90 125 8.249656e-03 2.608770e-03 1 1 1 3 7.603137e-14 0.000000e+00
90 126 8.249656e-03 3.284247e-03 1 1 1 3 7.633435e-14 0.000000e+00
90 127 8.249656e-03 4.134622e-03 1 1 1 3 7.689839e-14 0.000000e+00
90 128 8.249656e-03 5.205181e-03 1 1 1 3 7.809110e-14 0.000000e+00
90 129 8.249656e-03 6.552935e-03 1 1 1 3 8.146857e-14 0.000000e+00
90 130 8.249656e-03 8.249656e-03 1 1 1 3 8.531245e-14 0.000000e+00
90 131 8.249656e-03 1.038570e-02 1 1 1 3 7.103850e-14 0.000000e+00
90 132 8.249656e-03 1.307482e-02 1 1 1 3 5.969161e-14 0.000000e+00
90 133 8.249656e-03 1.646023e-02 1 1 1 3 5.110048e-14 0.000000e+00
90 134 8.249656e-03 2.072220e-02 1 1 1 3 4.339584e-14 0.000000e+00
90 135 8.249656e-03 2.608770e-02 1 1 1 3 3.621768e-14 0.000000e+00
90 136 8.249656e-03 3.284247e-02 1 1 1 3 2.951458e-14 0.000000e+00
90 137 8.249656e-03 4.134622e-02 1 1 1 3 2.333976e-14 0.000000e+00
90 138 8.249656e-03 5.205181e-02 1 1 1 3 1.778999e-14 0.000000e+00
90 139 8.249656e-03 6.552935e-02 1 1 1 3 1.296681e-14 0.000000e+00
91 120 1.038570e-02 8.249656e-04 1 1 1 3 6.671136e-14 0.000000e+00
91 121 1.038570e-02 1.038570e-03 1 1 1 3 6.672230e-14 0.000000e+00
91 122 1.038570e-02 1.307482e-03 1 1 1 3 6.673924e-14 0.000000e+00
91 123 1.038570e-02 1.646023e-03 1 1 1 3 6.676674e-14 0.000000e+00
91 124 1.038570e-02 2.072220e-03 1 1 1 3 6.681110e-14 0.000000e+00
91 125 1.038570e-02 2.608770e-03 1 1 1 3 6.688391e-14 0.000000e+00
91 126 1.038570e-02 3.284247e-03 1 1 1 3 6.700606e-14 0.000000e+00
91 127 1.038570e-02 4.134622e-03 1 1 1 3 6.721890e-14 0.000000e+00
91 128 1.038570e-02 5.205181e-03 1 1 1 3 6.761633e-14 0.000000e+00
91 129 1.038570e-02 6.552935e-03 1 1 1 3 6.846831e-14 0.000000e+00
91 130 1.038570e-02 8.249656e-03 1 1 1 3 7.103850e-14 0.000000e+00
91 131 1.038570e-02 1.038570e-02 1 1 1 3 7.412305e-14 0.000000e+00
91 132 1.038570e-02 1.307482e-02 1 1 1 3 6.162522e-14 0.000000e+00
91 133 1.038570e-02 1.646023e-02 1 1 1 3 5.157076e-14 0.000000e+00
91 134 1.038570e-02 2.072220e-02 1 1 1 3 4.360166e-14 0.000000e+00
91 135 1.038570e-02 2.608770e-02 1 1 1 3 3.634431e-14 0.000000e+00
91 136 1.038570e-02 3.284247e-02 1 1 1 3 2.960603e-14 0.000000e+00
91 137 1.038570e-02 4.134622e-02 1 1 1 3 2.340893e-14 0.000000e+00
91 138 1.038570e-02 5.205181e-02 1 1 1 3 1.784122e-14 0.000000e+00
91 139 1.038570e-02 6.552935e-02 1 1 1 3 1.300194e-14 0.000000e+00
92 120 1.307482e-02 8.249656e-04 1 1 1 3 5.840422e-14 0.000000e+00
92 121 1.307482e-02 1.038570e-03 1 1 1 3 5.840949e-14 0.000000e+00
92 122 1.307482e-02 1.307482e-03 1 1 1 3 5.841738e-14 0.000000e+00
92 123 1.307482e-02 1.646023e-03 1 1 1 3 5.843036e-14 0.000000e+00
92 124 1.307482e-02 2.072220e-03 1 1 1 3 5.845092e-14 0.000000e+00
92 125 1.307482e-02 2.608770e-03 1 1 1 3 5.848421e-14 0.000000e+00
92 126 1.307482e-02 3.284247e-03 1 1 1 3 5.853853e-14 0.000000e+00
92 127 1.307482e-02 4.134622e-03 1 1 1 3 5.862917e-14 0.000000e+00
92 128 1.307482e-02 5.205181e-03 1 1 1 3 5.878582e-14 0.000000e+00
92 129 1.307482e-02 6.552935e-03 1 1 1 3 5.907528e-14 0.000000e+00
92 130 1.307482e-02 8.249656e-03 1 1 1 3 5.969161e-14 0.000000e+00
92 131 1.307482e-02 1.038570e-02 1 1 1 3 6.162522e-14 0.000000e+00
92 132 1.307482e-02 1.307482e-02 1 1 1 3 6.400177e-14 0.000000e+00
92 133 1.307482e-02 1.646023e-02 1 1 1 3 5.303667e-14 0.000000e+00
92 134 1.307482e-02 2.072220e-02 1 1 1 3 4.399870e-14 0.000000e+00
92 135 1.307482e-02 2.608770e-02 1 1 1 3 3.655609e-14 0.000000e+00
92 136 1.307482e-02 3.284247e-02 1 1 1 3 2.975313e-14 0.000000e+00
92 137 1.307482e-02 4.134622e-02 1 1 1 3 2.351901e-14 0.000000e+00
92 138 1.307482e-02 5.205181e-02 1 1 1 3 1.792255e-14 0.000000e+00
92 139 1.307482e-02 6.552935e-02 1 1 1 3 1.305767e-14 0.000000e+00
93 120 1.646023e-02 8.249656e-04 1 1 1 3 5.055358e-14 0.000000e+00
93 121 1.646023e-02 1.038570e-03 1 1 1 3 5.055650e-14 0.000000e+00
93 122 1.646023e-02 1.307482e-03 1 1 1 3 5.056071e-14 0.000000e+00
93 123 1.646023e-02 1.646023e-03 1 1 1 3 5.056764e-14 0.000000e+00
93 124 1.646023e-02 2.072220e-03 1 1 1 3 5.057847e-14 0.000000e+00
93 125 1.646023e-02 2.608770e-03 1 1 1 3 5.059591e-14 0.000000e+00
93 126 1.646023e-02 3.284247e-03 1 1 1 3 5.062387e-14 0.000000e+00
93 127 1.646023e-02 4.134622e-03 1 1 1 3 5.066933e-14 0.000000e+00
93 128 1.646023e-02 5.205181e-03 1 1 1 3 5.074425e-14 0.000000e+00
93 129 1.646023e-02 6.552935e-03 1 1 1 3 5.087151e-14 0.000000e+00
93 130 1.646023e-02 8.249656e-03 1 1 1 3 5.110048e-14 0.000000e+00
93 131 1.646023e-02 1.038570e-02 1 1 1 3 5.157076e-14 0.000000e+00
93 132 1.646023e-02 1.307482e-02 1 1 1 3 5.303667e-14 0.000000e+00
93 133 1.646023e-02 1.646023e-02 1 1 1 3 5.480277e-14 0.000000e+00
93 134 1.646023e-02 2.072220e-02 1 1 1 3 4.515134e-14 0.000000e+00
93 135 1.646023e-02 2.608770e-02 1 1 1 3 3.693732e-14 0.000000e+00
93 136 1.646023e-02 3.284247e-02 1 1 1 3 2.999323e-14 0.000000e+00
93 137 1.646023e-02 4.134622e-02 1 1 1 3 2.369481e-14 0.000000e+00
93 138 1.646023e-02 5.205181e-02 1 1 1 3 1.805180e-14 0.000000e+00
93 139 1.646023e-02 6.552935e-02 1 1 1 3 1.314628e-14 0.000000e+00
94 120 2.072220e-02 8.249656e-04 1 1 1 3 4.309106e-14 0.000000e+00
94 121 2.072220e-02 1.038570e-03 1 1 1 3 4.309295e-14 0.000000e+00
94 122 2.072220e-02 1.307482e-03 1 1 1 3 4.309543e-14 0.000000e+00
94 123 2.072220e-02 1.646023e-03 1 1 1 3 4.309975e-14 0.000000e+00
94 124 2.072220e-02 2.072220e-03 1 1 1 3 4.310651e-14 0.000000e+00
94 125 2.072220e-02 2.608770e-03 1 1 1 3 4.311723e-14 0.000000e+00
94 126 2.072220e-02 3.284247e-03 1 1 1 3 4.313429e-14 0.000000e+00
94 127 2.072220e-02 4.134622e-03 1 1 1 3 4.316159e-14 0.000000e+00
94 128 2.072220e-02 5.205181e-03 1 1 1 3 4.320555e-14 0.000000e+00
94 129 2.072220e-02 6.552935e-03 1 1 1 3 4.327707e-14 0.000000e+00
94 130 2.072220e-02 8.249656e-03 1 1 1 3 4.339584e-14 0.000000e+00
94 131 2.072220e-02 1.038570e-02 1 1 1 3 4.360166e-14 0.000000e+00
94 132 2.072220e-02 1.307482e-02 1 1 1 3 4.399870e-14 0.000000e+00
94 133 2.072220e-02 1.646023e-02 1 1 1 3 4.515134e-14 0.000000e+00
94 134 2.072220e-02 2.072220e-02 1 1 1 3 4.643307e-14 0.000000e+00
94 135 2.072220e-02 2.608770e-02 1 1 1 3 3.791008e-14 0.000000e+00
94 136 2.072220e-02 3.284247e-02 1 1 1 3 3.040260e-14 0.000000e+00
94 137 2.072220e-02 4.134622e-02 1 1 1 3 2.397791e-14 0.000000e+00
94 138 2.072220e-02 5.205181e-02 1 1 1 3 1.825759e-14 0.000000e+00
94 139 2.072220e-02 6.552935e-02 1 1 1 3 1.328739e-14 0.000000e+00
95 120 2.608770e-02 8.249656e-04 1 1 1 3 3.601187e-14 0.000000e+00
95 121 2.608770e-02 1.038570e-03 1 1 1 3 3.601326e-14 0.000000e+00
95 122 2.608770e-02 1.307482e-03 1 1 1 3 3.601504e-14 0.000000e+00
95 123 2.608770e-02 1.646023e-03 1 1 1 3 3.601819e-14 0.000000e+00
95 124 2.608770e-02 2.072220e-03 1 1 1 3 3.602291e-14 0.000000e+00
95 125 2.608770e-02 2.608770e-03 1 1 1 3 3.603040e-14 0.000000e+00
95 126 2.608770e-02 3.284247e-03 1 1 1 3 3.604236e-14 0.000000e+00
95 127 2.608770e-02 4.134622e-03 1 1 1 3 3.606133e-14 0.000000e+00
95 128 2.608770e-02 5.205181e-03 1 1 1 3 3.609159e-14 0.000000e+00
95 129 2.608770e-02 6.552935e-03 1 1 1 3 3.613991e-14 0.000000e+00
95 130 2.608770e-02 8.249656e-03 1 1 1 3 3.621768e-14 0.000000e+00
95 131 2.608770e-02 1.038570e-02 1 1 1 3 3.634431e-14 0.000000e+00
95 132 2.608770e-02 1.307482e-02 1 1 1 3 3.655609e-14 0.000000e+00
95 133 2.608770e-02 1.646023e-02 1 1 1 3 3.693732e-14 0.000000e+00
95 134 2.608770e-02 2.072220e-02 1 1 1 3 3.791008e-14 0.000000e+00
95 135 2.608770e-02 2.608770e-02 1 1 1 3 3.884648e-14 0.000000e+00
95 136 2.608770e-02 3.284247e-02 1 1 1 3 3.130418e-14 0.000000e+00
95 137 2.608770e-02 4.134622e-02 1 1 1 3 2.444498e-14 0.000000e+00
95 138 2.608770e-02 5.205181e-02 1 1 1 3 1.858680e-14 0.000000e+00
95 139 2.608770e-02 6.552935e-02 1 1 1 3 1.351300e-14 0.000000e+00
96 120 3.284247e-02 8.249656e-04 1 1 1 3 2.936160e-14 0.000000e+00
96 121 3.284247e-02 1.038570e-03 1 1 1 3 2.936271e-14 0.000000e+00
96 122 3.284247e-02 1.307482e-03 1 1 1 3 2.936400e-14 0.000000e+00
96 123 3.284247e-02 1.646023e-03 1 1 1 3 2.936635e-14 0.000000e+00
96 124 3.284247e-02 2.072220e-03 1 1 1 3 2.936991e-14 0.000000e+00
96 125 3.284247e-02 2.608770e-03 1 1 1 3 2.937559e-14 0.000000e+00
96 126 3.284247e-02 3.284247e-03 1 1 1 3 2.938456e-14 0.000000e+00
96 127 3.284247e-02 4.134622e-03 1 1 1 3 2.939878e-14 0.000000e+00
96 128 3.284247e-02 5.205181e-03 1 1 1 3 2.942141e-14 0.000000e+00
96 129 3.284247e-02 6.552935e-03 1 1 1 3 2.945733e-14 0.000000e+00
96 130 3.284247e-02 8.249656e-03 1 1 1 3 2.951458e-14 0.000000e+00
96 131 3.284247e-02 1.038570e-02 1 1 1 3 2.960603e-14 0.000000e+00
96 132 3.284247e-02 1.307482e-02 1 1 1 3 2.975313e-14 0.000000e+00
96 133 3.284247e-02 1.646023e-02 1 1 1 3 2.999323e-14 0.000000e+00
96 134 3.284247e-02 2.072220e-02 1 1 1 3 3.040260e-14 0.000000e+00
96 135 3.284247e-02 2.608770e-02 1 1 1 3 3.130418e-14 0.000000e+00
96 136 3.284247e-02 3.284247e-02 1 1 1 3 3.203179e-14 0.000000e+00
96 137 3.284247e-02 4.134622e-02 1 1 1 3 2.535538e-14 0.000000e+00
96 138 3.284247e-02 5.205181e-02 1 1 1 3 1.912114e-14 0.000000e+00
96 139 3.284247e-02 6.552935e-02 1 1 1 3 1.387609e-14 0.000000e+00
97 120 4.134622e-02 8.249656e-04 1 1 1 3 2.322287e-14 0.000000e+00
97 121 4.134622e-02 1.038570e-03 1 1 1 3 2.322379e-14 0.000000e+00
97 122 4.134622e-02 1.307482e-03 1 1 1 3 2.322480e-14 0.000000e+00
97 123 4.134622e-02 1.646023e-03 1 1 1 3 2.322666e-14 0.000000e+00
97 124 4.134622e-02 2.072220e-03 1 1 1 3 2.322938e-14 0.000000e+00
97 125 4.134622e-02 2.608770e-03 1 1 1 3 2.323368e-14 0.000000e+00
97 126 4.134622e-02 3.284247e-03 1 1 1 3 2.324055e-14 0.000000e+00
97 127 4.134622e-02 4.134622e-03 1 1 1 3 2.325148e-14 0.000000e+00
97 128 4.134622e-02 5.205181e-03 1 1 1 3 2.326879e-14 0.000000e+00
97 129 4.134622e-02 6.552935e-03 1 1 1 3 2.329622e-14 0.000000e+00
97 130 4.134622e-02 8.249656e-03 1 1 1 3 2.333976e-14 0.000000e+00
97 131 4.134622e-02 1.038570e-02 1 1 1 3 2.340893e-14 0.000000e+00
97 132 4.134622e-02 1.307482e-02 1 1 1 3 2.351901e-14 0.000000e+00
97 133 4.134622e-02 1.646023e-02 1 1 1 3 2.369481e-14 0.000000e+00
97 134 4.134622e-02 2.072220e-02 1 1 1 3 2.397791e-14 0.000000e+00
97 135 4.134622e-02 2.608770e-02 1 1 1 3 2.444498e-14 0.000000e+00
97 136 4.134622e-02 3.284247e-02 1 1 1 3 2.535538e-14 0.000000e+00
97 137 4.134622e-02 4.134622e-02 1 1 1 3 2.599113e-14 0.000000e+00
97 138 4.134622e-02 5.205181e-02 1 1 1 3 2.008451e-14 0.000000e+00
97 139 4.134622e-02 6.552935e-02 1 1 1 3 1.446819e-14 0.000000e+00
98 120 5.205181e-02 8.249656e-04 1 1 1 3 1.770330e-14 0.000000e+00
98 121 5.205181e-02 1.038570e-03 1 1 1 3 1.770400e-14 0.000000e+00
98 122 5.205181e-02 1.307482e-03 1 1 1 3 1.770469e-14 0.000000e+00
98 123 5.205181e-02 1.646023e-03 1 1 1 3 1.770606e-14 0.000000e+00
98 124 5.205181e-02 2.072220e-03 1 1 1 3 1.770807e-14 0.000000e+00
98 125 5.205181e-02 2.608770e-03 1 1 1 3 1.771130e-14 0.000000e+00
98 126 5.205181e-02 3.284247e-03 1 1 1 3 1.771643e-14 0.000000e+00
98 127 5.205181e-02 4.134622e-03 1 1 1 3 1.772452e-14 0.000000e+00
98 128 5.205181e-02 5.205181e-03 1 1 1 3 1.773735e-14 0.000000e+00
98 129 5.205181e-02 6.552935e-03 1 1 1 3 1.775771e-14 0.000000e+00
98 130 5.205181e-02 8.249656e-03 1 1 1 3 1.778999e-14 0.000000e+00
98 131 5.205181e-02 1.038570e-02 1 1 1 3 1.784122e-14 0.000000e+00
98 132 5.205181e-02 1.307482e-02 1 1 1 3 1.792255e-14 0.000000e+00
98 133 5.205181e-02 1.646023e-02 1 1 1 3 1.805180e-14 0.000000e+00
98 134 5.205181e-02 2.072220e-02 1 1 1 3 1.825759e-14 0.000000e+00
98 135 5.205181e-02 2.608770e-02 1 1 1 3 1.858680e-14 0.000000e+00
98 136 5.205181e-02 3.284247e-02 1 1 1 3 1.912114e-14 0.000000e+00
98 137 5.205181e-02 4.134622e-02 1 1 1 3 2.008451e-14 0.000000e+00
98 138 5.205181e-02 5.205181e-02 1 1 1 3 2.071474e-14 0.000000e+00
98 139 5.205181e-02 6.552935e-02 1 1 1 3 1.550242e-14 0.000000e+00
99 120 6.552935e-02 8.249656e-04 1 1 1 3 1.290729e-14 0.000000e+00
99 121 6.552935e-02 1.038570e-03 1 1 1 3 1.290784e-14 0.000000e+00
99 122 6.552935e-02 1.307482e-03 1 1 1 3 1.290829e-14 0.000000e+00
99 123 6.552935e-02 1.646023e-03 1 1 1 3 1.290928e-14 0.000000e+00
99 124 6.552935e-02 2.072220e-03 1 1 1 3 1.291066e-14 0.000000e+00
99 125 6.552935e-02 2.608770e-03 1 1 1 3 1.291286e-14 0.000000e+00
99 126 6.552935e-02 3.284247e-03 1 1 1 3 1.291636e-14 0.000000e+00
99 127 6.552935e-02 4.134622e-03 1 1 1 3 1.292192e-14 0.000000e+00
99 128 6.552935e-02 5.205181e-03 1 1 1 3 1.293073e-14 0.000000e+00
99 129 6.552935e-02 6.552935e-03 1 1 1 3 1.294469e-14 0.000000e+00
99 130 6.552935e-02 8.249656e-03 1 1 1 3 1.296681e-14 0.000000e+00
99 131 6.552935e-02 1.038570e-02 1 1 1 3 1.300194e-14 0.000000e+00
99 132 6.552935e-02 1.307482e-02 1 1 1 3 1.305767e-14 0.000000e+00
99 133 6.552935e-02 1.646023e-02 1 1 1 3 1.314628e-14 0.000000e+00
99 134 6.552935e-02 2.072220e-02 1 1 1 3 1.328739e-14 0.000000e+00
99 135 6.552935e-02 2.608770e-02 1 1 1 3 1.351300e-14 0.000000e+00
99 136 6.552935e-02 3.284247e-02 1 1 1 3 1.387609e-14 0.000000e+00
99 137 6.552935e-02 4.134622e-02 1 1 1 3 1.446819e-14 0.000000e+00
99 138 6.552935e-02 5.205181e-02 1 1 1 3 1.550242e-14 0.000000e+00
99 139 6.552935e-02 6.552935e-02 1 1 1 3 1.619318e-14 0.000000e+00
