# Please cite the following papers in research using this covariance:
# arXiv: 1601.05779, https://arxiv.org/abs/1601.05779
# arXiv: 1911.11947, https://arxiv.org/abs/1911.11947
# arXiv: 2004.04833, https://arxiv.org/abs/2004.04833
########################################################
20 120 8.249656e-04 8.249656e-04 0 1 1 3 1.236248e-13 0.000000e+00
20 121 8.249656e-04 1.038570e-03 0 1 1 3 1.109410e-13 0.000000e+00
20 122 8.249656e-04 1.307482e-03 0 1 1 3 9.631123e-14 0.000000e+00
20 123 8.249656e-04 1.646023e-03 0 1 1 3 8.375773e-14 0.000000e+00
20 124 8.249656e-04 2.072220e-03 0 1 1 3 7.333473e-14 0.000000e+00
20 125 8.249656e-04 2.608770e-03 0 1 1 3 6.479621e-14 0.000000e+00
20 126 8.249656e-04 3.284247e-03 0 1 1 3 5.781347e-14 0.000000e+00
20 127 8.249656e-04 4.134622e-03 0 1 1 3 5.204708e-14 0.000000e+00
20 128 8.249656e-04 5.205181e-03 0 1 1 3 4.718296e-14 0.000000e+00
20 129 8.249656e-04 6.552935e-03 0 1 1 3 4.295077e-14 0.000000e+00
20 130 8.249656e-04 8.249656e-03 0 1 1 3 3.913061e-14 0.000000e+00
20 131 8.249656e-04 1.038570e-02 0 1 1 3 3.555291e-14 0.000000e+00
20 132 8.249656e-04 1.307482e-02 0 1 1 3 3.209488e-14 0.000000e+00
20 133 8.249656e-04 1.646023e-02 0 1 1 3 2.867549e-14 0.000000e+00
20 134 8.249656e-04 2.072220e-02 0 1 1 3 2.525197e-14 0.000000e+00
20 135 8.249656e-04 2.608770e-02 0 1 1 3 2.181648e-14 0.000000e+00
20 136 8.249656e-04 3.284247e-02 0 1 1 3 1.839599e-14 0.000000e+00
20 137 8.249656e-04 4.134622e-02 0 1 1 3 1.505092e-14 0.000000e+00
20 138 8.249656e-04 5.205181e-02 0 1 1 3 1.186887e-14 0.000000e+00
20 139 8.249656e-04 6.552935e-02 0 1 1 3 8.952562e-15 0.000000e+00
21 120 1.038570e-03 8.249656e-04 0 1 1 3 1.109410e-13 0.000000e+00
21 121 1.038570e-03 1.038570e-03 0 1 1 3 1.104650e-13 0.000000e+00
21 122 1.038570e-03 1.307482e-03 0 1 1 3 9.854228e-14 0.000000e+00
21 123 1.038570e-03 1.646023e-03 0 1 1 3 8.516085e-14 0.000000e+00
21 124 1.038570e-03 2.072220e-03 0 1 1 3 7.412406e-14 0.000000e+00
21 125 1.038570e-03 2.608770e-03 0 1 1 3 6.521271e-14 0.000000e+00
21 126 1.038570e-03 3.284247e-03 0 1 1 3 5.802153e-14 0.000000e+00
21 127 1.038570e-03 4.134622e-03 0 1 1 3 5.214554e-14 0.000000e+00
21 128 1.038570e-03 5.205181e-03 0 1 1 3 4.722691e-14 0.000000e+00
21 129 1.038570e-03 6.552935e-03 0 1 1 3 4.296903e-14 0.000000e+00
21 130 1.038570e-03 8.249656e-03 0 1 1 3 3.913750e-14 0.000000e+00
21 131 1.038570e-03 1.038570e-02 0 1 1 3 3.555517e-14 0.000000e+00
21 132 1.038570e-03 1.307482e-02 0 1 1 3 3.209545e-14 0.000000e+00
21 133 1.038570e-03 1.646023e-02 0 1 1 3 2.867560e-14 0.000000e+00
21 134 1.038570e-03 2.072220e-02 0 1 1 3 2.525205e-14 0.000000e+00
21 135 1.038570e-03 2.608770e-02 0 1 1 3 2.181665e-14 0.000000e+00
21 136 1.038570e-03 3.284247e-02 0 1 1 3 1.839627e-14 0.000000e+00
21 137 1.038570e-03 4.134622e-02 0 1 1 3 1.505125e-14 0.000000e+00
21 138 1.038570e-03 5.205181e-02 0 1 1 3 1.186919e-14 0.000000e+00
21 139 1.038570e-03 6.552935e-02 0 1 1 3 8.952864e-15 0.000000e+00
22 120 1.307482e-03 8.249656e-04 0 1 1 3 9.631123e-14 0.000000e+00
22 121 1.307482e-03 1.038570e-03 0 1 1 3 9.854228e-14 0.000000e+00
22 122 1.307482e-03 1.307482e-03 0 1 1 3 9.865763e-14 0.000000e+00
22 123 1.307482e-03 1.646023e-03 0 1 1 3 8.755873e-14 0.000000e+00
22 124 1.307482e-03 2.072220e-03 0 1 1 3 7.548624e-14 0.000000e+00
22 125 1.307482e-03 2.608770e-03 0 1 1 3 6.591992e-14 0.000000e+00
22 126 1.307482e-03 3.284247e-03 0 1 1 3 5.836889e-14 0.000000e+00
22 127 1.307482e-03 4.134622e-03 0 1 1 3 5.230757e-14 0.000000e+00
22 128 1.307482e-03 5.205181e-03 0 1 1 3 4.729831e-14 0.000000e+00
22 129 1.307482e-03 6.552935e-03 0 1 1 3 4.299832e-14 0.000000e+00
22 130 1.307482e-03 8.249656e-03 0 1 1 3 3.914831e-14 0.000000e+00
22 131 1.307482e-03 1.038570e-02 0 1 1 3 3.555847e-14 0.000000e+00
22 132 1.307482e-03 1.307482e-02 0 1 1 3 3.209603e-14 0.000000e+00
22 133 1.307482e-03 1.646023e-02 0 1 1 3 2.867547e-14 0.000000e+00
22 134 1.307482e-03 2.072220e-02 0 1 1 3 2.525184e-14 0.000000e+00
22 135 1.307482e-03 2.608770e-02 0 1 1 3 2.181662e-14 0.000000e+00
22 136 1.307482e-03 3.284247e-02 0 1 1 3 1.839638e-14 0.000000e+00
22 137 1.307482e-03 4.134622e-02 0 1 1 3 1.505147e-14 0.000000e+00
22 138 1.307482e-03 5.205181e-02 0 1 1 3 1.186941e-14 0.000000e+00
22 139 1.307482e-03 6.552935e-02 0 1 1 3 8.953052e-15 0.000000e+00
23 120 1.646023e-03 8.249656e-04 0 1 1 3 8.375773e-14 0.000000e+00
23 121 1.646023e-03 1.038570e-03 0 1 1 3 8.516085e-14 0.000000e+00
23 122 1.646023e-03 1.307482e-03 0 1 1 3 8.755873e-14 0.000000e+00
23 123 1.646023e-03 1.646023e-03 0 1 1 3 8.817681e-14 0.000000e+00
23 124 1.646023e-03 2.072220e-03 0 1 1 3 7.793143e-14 0.000000e+00
23 125 1.646023e-03 2.608770e-03 0 1 1 3 6.717493e-14 0.000000e+00
23 126 1.646023e-03 3.284247e-03 0 1 1 3 5.896935e-14 0.000000e+00
23 127 1.646023e-03 4.134622e-03 0 1 1 3 5.258162e-14 0.000000e+00
23 128 1.646023e-03 5.205181e-03 0 1 1 3 4.741720e-14 0.000000e+00
23 129 1.646023e-03 6.552935e-03 0 1 1 3 4.304663e-14 0.000000e+00
23 130 1.646023e-03 8.249656e-03 0 1 1 3 3.916614e-14 0.000000e+00
23 131 1.646023e-03 1.038570e-02 0 1 1 3 3.556404e-14 0.000000e+00
23 132 1.646023e-03 1.307482e-02 0 1 1 3 3.209722e-14 0.000000e+00
23 133 1.646023e-03 1.646023e-02 0 1 1 3 2.867545e-14 0.000000e+00
23 134 1.646023e-03 2.072220e-02 0 1 1 3 2.525174e-14 0.000000e+00
23 135 1.646023e-03 2.608770e-02 0 1 1 3 2.181679e-14 0.000000e+00
23 136 1.646023e-03 3.284247e-02 0 1 1 3 1.839677e-14 0.000000e+00
23 137 1.646023e-03 4.134622e-02 0 1 1 3 1.505200e-14 0.000000e+00
23 138 1.646023e-03 5.205181e-02 0 1 1 3 1.186995e-14 0.000000e+00
23 139 1.646023e-03 6.552935e-02 0 1 1 3 8.953530e-15 0.000000e+00
24 120 2.072220e-03 8.249656e-04 0 1 1 3 7.333473e-14 0.000000e+00
24 121 2.072220e-03 1.038570e-03 0 1 1 3 7.412406e-14 0.000000e+00
24 122 2.072220e-03 1.307482e-03 0 1 1 3 7.548624e-14 0.000000e+00
24 123 2.072220e-03 1.646023e-03 0 1 1 3 7.793143e-14 0.000000e+00
24 124 2.072220e-03 2.072220e-03 0 1 1 3 7.893802e-14 0.000000e+00
24 125 2.072220e-03 2.608770e-03 0 1 1 3 6.955064e-14 0.000000e+00
24 126 2.072220e-03 3.284247e-03 0 1 1 3 6.006717e-14 0.000000e+00
24 127 2.072220e-03 4.134622e-03 0 1 1 3 5.306396e-14 0.000000e+00
24 128 2.072220e-03 5.205181e-03 0 1 1 3 4.762051e-14 0.000000e+00
24 129 2.072220e-03 6.552935e-03 0 1 1 3 4.312757e-14 0.000000e+00
24 130 2.072220e-03 8.249656e-03 0 1 1 3 3.919556e-14 0.000000e+00
24 131 2.072220e-03 1.038570e-02 0 1 1 3 3.557308e-14 0.000000e+00
24 132 2.072220e-03 1.307482e-02 0 1 1 3 3.209904e-14 0.000000e+00
24 133 2.072220e-03 1.646023e-02 0 1 1 3 2.867529e-14 0.000000e+00
24 134 2.072220e-03 2.072220e-02 0 1 1 3 2.525149e-14 0.000000e+00
24 135 2.072220e-03 2.608770e-02 0 1 1 3 2.181690e-14 0.000000e+00
24 136 2.072220e-03 3.284247e-02 0 1 1 3 1.839726e-14 0.000000e+00
24 137 2.072220e-03 4.134622e-02 0 1 1 3 1.505269e-14 0.000000e+00
24 138 2.072220e-03 5.205181e-02 0 1 1 3 1.187067e-14 0.000000e+00
24 139 2.072220e-03 6.552935e-02 0 1 1 3 8.954157e-15 0.000000e+00
25 120 2.608770e-03 8.249656e-04 0 1 1 3 6.479621e-14 0.000000e+00
25 121 2.608770e-03 1.038570e-03 0 1 1 3 6.521271e-14 0.000000e+00
25 122 2.608770e-03 1.307482e-03 0 1 1 3 6.591992e-14 0.000000e+00
25 123 2.608770e-03 1.646023e-03 0 1 1 3 6.717493e-14 0.000000e+00
25 124 2.608770e-03 2.072220e-03 0 1 1 3 6.955064e-14 0.000000e+00
25 125 2.608770e-03 2.608770e-03 0 1 1 3 7.081896e-14 0.000000e+00
25 126 2.608770e-03 3.284247e-03 0 1 1 3 6.227215e-14 0.000000e+00
25 127 2.608770e-03 4.134622e-03 0 1 1 3 5.397580e-14 0.000000e+00
25 128 2.608770e-03 5.205181e-03 0 1 1 3 4.798622e-14 0.000000e+00
25 129 2.608770e-03 6.552935e-03 0 1 1 3 4.326836e-14 0.000000e+00
25 130 2.608770e-03 8.249656e-03 0 1 1 3 3.924567e-14 0.000000e+00
25 131 2.608770e-03 1.038570e-02 0 1 1 3 3.558835e-14 0.000000e+00
25 132 2.608770e-03 1.307482e-02 0 1 1 3 3.210219e-14 0.000000e+00
25 133 2.608770e-03 1.646023e-02 0 1 1 3 2.867514e-14 0.000000e+00
25 134 2.608770e-03 2.072220e-02 0 1 1 3 2.525108e-14 0.000000e+00
25 135 2.608770e-03 2.608770e-02 0 1 1 3 2.181708e-14 0.000000e+00
25 136 2.608770e-03 3.284247e-02 0 1 1 3 1.839805e-14 0.000000e+00
25 137 2.608770e-03 4.134622e-02 0 1 1 3 1.505379e-14 0.000000e+00
25 138 2.608770e-03 5.205181e-02 0 1 1 3 1.187184e-14 0.000000e+00
25 139 2.608770e-03 6.552935e-02 0 1 1 3 8.955167e-15 0.000000e+00
26 120 3.284247e-03 8.249656e-04 0 1 1 3 5.781347e-14 0.000000e+00
26 121 3.284247e-03 1.038570e-03 0 1 1 3 5.802153e-14 0.000000e+00
26 122 3.284247e-03 1.307482e-03 0 1 1 3 5.836889e-14 0.000000e+00
26 123 3.284247e-03 1.646023e-03 0 1 1 3 5.896935e-14 0.000000e+00
26 124 3.284247e-03 2.072220e-03 0 1 1 3 6.006717e-14 0.000000e+00
26 125 3.284247e-03 2.608770e-03 0 1 1 3 6.227215e-14 0.000000e+00
26 126 3.284247e-03 3.284247e-03 0 1 1 3 6.367425e-14 0.000000e+00
26 127 3.284247e-03 4.134622e-03 0 1 1 3 5.593305e-14 0.000000e+00
26 128 3.284247e-03 5.205181e-03 0 1 1 3 4.870406e-14 0.000000e+00
26 129 3.284247e-03 6.552935e-03 0 1 1 3 4.352822e-14 0.000000e+00
26 130 3.284247e-03 8.249656e-03 0 1 1 3 3.933481e-14 0.000000e+00
26 131 3.284247e-03 1.038570e-02 0 1 1 3 3.561507e-14 0.000000e+00
26 132 3.284247e-03 1.307482e-02 0 1 1 3 3.210778e-14 0.000000e+00
26 133 3.284247e-03 1.646023e-02 0 1 1 3 2.867500e-14 0.000000e+00
26 134 3.284247e-03 2.072220e-02 0 1 1 3 2.525046e-14 0.000000e+00
26 135 3.284247e-03 2.608770e-02 0 1 1 3 2.181738e-14 0.000000e+00
26 136 3.284247e-03 3.284247e-02 0 1 1 3 1.839929e-14 0.000000e+00
26 137 3.284247e-03 4.134622e-02 0 1 1 3 1.505554e-14 0.000000e+00
26 138 3.284247e-03 5.205181e-02 0 1 1 3 1.187370e-14 0.000000e+00
26 139 3.284247e-03 6.552935e-02 0 1 1 3 8.956767e-15 0.000000e+00
27 120 4.134622e-03 8.249656e-04 0 1 1 3 5.204708e-14 0.000000e+00
27 121 4.134622e-03 1.038570e-03 0 1 1 3 5.214554e-14 0.000000e+00
27 122 4.134622e-03 1.307482e-03 0 1 1 3 5.230757e-14 0.000000e+00
27 123 4.134622e-03 1.646023e-03 0 1 1 3 5.258162e-14 0.000000e+00
27 124 4.134622e-03 2.072220e-03 0 1 1 3 5.306396e-14 0.000000e+00
27 125 4.134622e-03 2.608770e-03 0 1 1 3 5.397580e-14 0.000000e+00
27 126 4.134622e-03 3.284247e-03 0 1 1 3 5.593305e-14 0.000000e+00
27 127 4.134622e-03 4.134622e-03 0 1 1 3 5.735053e-14 0.000000e+00
27 128 4.134622e-03 5.205181e-03 0 1 1 3 5.036600e-14 0.000000e+00
27 129 4.134622e-03 6.552935e-03 0 1 1 3 4.406150e-14 0.000000e+00
27 130 4.134622e-03 8.249656e-03 0 1 1 3 3.950532e-14 0.000000e+00
27 131 4.134622e-03 1.038570e-02 0 1 1 3 3.566452e-14 0.000000e+00
27 132 4.134622e-03 1.307482e-02 0 1 1 3 3.211834e-14 0.000000e+00
27 133 4.134622e-03 1.646023e-02 0 1 1 3 2.867517e-14 0.000000e+00
27 134 4.134622e-03 2.072220e-02 0 1 1 3 2.524955e-14 0.000000e+00
27 135 4.134622e-03 2.608770e-02 0 1 1 3 2.181784e-14 0.000000e+00
27 136 4.134622e-03 3.284247e-02 0 1 1 3 1.840125e-14 0.000000e+00
27 137 4.134622e-03 4.134622e-02 0 1 1 3 1.505834e-14 0.000000e+00
27 138 4.134622e-03 5.205181e-02 0 1 1 3 1.187663e-14 0.000000e+00
27 139 4.134622e-03 6.552935e-02 0 1 1 3 8.959308e-15 0.000000e+00
28 120 5.205181e-03 8.249656e-04 0 1 1 3 4.718296e-14 0.000000e+00
28 121 5.205181e-03 1.038570e-03 0 1 1 3 4.722691e-14 0.000000e+00
28 122 5.205181e-03 1.307482e-03 0 1 1 3 4.729831e-14 0.000000e+00
28 123 5.205181e-03 1.646023e-03 0 1 1 3 4.741720e-14 0.000000e+00
28 124 5.205181e-03 2.072220e-03 0 1 1 3 4.762051e-14 0.000000e+00
28 125 5.205181e-03 2.608770e-03 0 1 1 3 4.798622e-14 0.000000e+00
28 126 5.205181e-03 3.284247e-03 0 1 1 3 4.870406e-14 0.000000e+00
28 127 5.205181e-03 4.134622e-03 0 1 1 3 5.036600e-14 0.000000e+00
28 128 5.205181e-03 5.205181e-03 0 1 1 3 5.169818e-14 0.000000e+00
28 129 5.205181e-03 6.552935e-03 0 1 1 3 4.541010e-14 0.000000e+00
28 130 5.205181e-03 8.249656e-03 0 1 1 3 3.987592e-14 0.000000e+00
28 131 5.205181e-03 1.038570e-02 0 1 1 3 3.576474e-14 0.000000e+00
28 132 5.205181e-03 1.307482e-02 0 1 1 3 3.213991e-14 0.000000e+00
28 133 5.205181e-03 1.646023e-02 0 1 1 3 2.867641e-14 0.000000e+00
28 134 5.205181e-03 2.072220e-02 0 1 1 3 2.524826e-14 0.000000e+00
28 135 5.205181e-03 2.608770e-02 0 1 1 3 2.181860e-14 0.000000e+00
28 136 5.205181e-03 3.284247e-02 0 1 1 3 1.840434e-14 0.000000e+00
28 137 5.205181e-03 4.134622e-02 0 1 1 3 1.506274e-14 0.000000e+00
28 138 5.205181e-03 5.205181e-02 0 1 1 3 1.188127e-14 0.000000e+00
28 139 5.205181e-03 6.552935e-02 0 1 1 3 8.963336e-15 0.000000e+00
29 120 6.552935e-03 8.249656e-04 0 1 1 3 4.295077e-14 0.000000e+00
29 121 6.552935e-03 1.038570e-03 0 1 1 3 4.296903e-14 0.000000e+00
29 122 6.552935e-03 1.307482e-03 0 1 1 3 4.299832e-14 0.000000e+00
29 123 6.552935e-03 1.646023e-03 0 1 1 3 4.304663e-14 0.000000e+00
29 124 6.552935e-03 2.072220e-03 0 1 1 3 4.312757e-14 0.000000e+00
29 125 6.552935e-03 2.608770e-03 0 1 1 3 4.326836e-14 0.000000e+00
29 126 6.552935e-03 3.284247e-03 0 1 1 3 4.352822e-14 0.000000e+00
29 127 6.552935e-03 4.134622e-03 0 1 1 3 4.406150e-14 0.000000e+00
29 128 6.552935e-03 5.205181e-03 0 1 1 3 4.541010e-14 0.000000e+00
29 129 6.552935e-03 6.552935e-03 0 1 1 3 4.657959e-14 0.000000e+00
29 130 6.552935e-03 8.249656e-03 0 1 1 3 4.091935e-14 0.000000e+00
29 131 6.552935e-03 1.038570e-02 0 1 1 3 3.600168e-14 0.000000e+00
29 132 6.552935e-03 1.307482e-02 0 1 1 3 3.218934e-14 0.000000e+00
29 133 6.552935e-03 1.646023e-02 0 1 1 3 2.868134e-14 0.000000e+00
29 134 6.552935e-03 2.072220e-02 0 1 1 3 2.524668e-14 0.000000e+00
29 135 6.552935e-03 2.608770e-02 0 1 1 3 2.181978e-14 0.000000e+00
29 136 6.552935e-03 3.284247e-02 0 1 1 3 1.840917e-14 0.000000e+00
29 137 6.552935e-03 4.134622e-02 0 1 1 3 1.506969e-14 0.000000e+00
29 138 6.552935e-03 5.205181e-02 0 1 1 3 1.188861e-14 0.000000e+00
29 139 6.552935e-03 6.552935e-02 0 1 1 3 8.969702e-15 0.000000e+00
30 120 8.249656e-03 8.249656e-04 0 1 1 3 3.913061e-14 0.000000e+00
30 121 8.249656e-03 1.038570e-03 0 1 1 3 3.913750e-14 0.000000e+00
30 122 8.249656e-03 1.307482e-03 0 1 1 3 3.914831e-14 0.000000e+00
30 123 8.249656e-03 1.646023e-03 0 1 1 3 3.916614e-14 0.000000e+00
30 124 8.249656e-03 2.072220e-03 0 1 1 3 3.919556e-14 0.000000e+00
30 125 8.249656e-03 2.608770e-03 0 1 1 3 3.924567e-14 0.000000e+00
30 126 8.249656e-03 3.284247e-03 0 1 1 3 3.933481e-14 0.000000e+00
30 127 8.249656e-03 4.134622e-03 0 1 1 3 3.950532e-14 0.000000e+00
30 128 8.249656e-03 5.205181e-03 0 1 1 3 3.987592e-14 0.000000e+00
30 129 8.249656e-03 6.552935e-03 0 1 1 3 4.091935e-14 0.000000e+00
30 130 8.249656e-03 8.249656e-03 0 1 1 3 4.187468e-14 0.000000e+00
30 131 8.249656e-03 1.038570e-02 0 1 1 3 3.676857e-14 0.000000e+00
30 132 8.249656e-03 1.307482e-02 0 1 1 3 3.232478e-14 0.000000e+00
30 133 8.249656e-03 1.646023e-02 0 1 1 3 2.869885e-14 0.000000e+00
30 134 8.249656e-03 2.072220e-02 0 1 1 3 2.524565e-14 0.000000e+00
30 135 8.249656e-03 2.608770e-02 0 1 1 3 2.182173e-14 0.000000e+00
30 136 8.249656e-03 3.284247e-02 0 1 1 3 1.841671e-14 0.000000e+00
30 137 8.249656e-03 4.134622e-02 0 1 1 3 1.508063e-14 0.000000e+00
30 138 8.249656e-03 5.205181e-02 0 1 1 3 1.190019e-14 0.000000e+00
30 139 8.249656e-03 6.552935e-02 0 1 1 3 8.979776e-15 0.000000e+00
31 120 1.038570e-02 8.249656e-04 0 1 1 3 3.555291e-14 0.000000e+00
31 121 1.038570e-02 1.038570e-03 0 1 1 3 3.555517e-14 0.000000e+00
31 122 1.038570e-02 1.307482e-03 0 1 1 3 3.555847e-14 0.000000e+00
31 123 1.038570e-02 1.646023e-03 0 1 1 3 3.556404e-14 0.000000e+00
31 124 1.038570e-02 2.072220e-03 0 1 1 3 3.557308e-14 0.000000e+00
31 125 1.038570e-02 2.608770e-03 0 1 1 3 3.558835e-14 0.000000e+00
31 126 1.038570e-02 3.284247e-03 0 1 1 3 3.561507e-14 0.000000e+00
31 127 1.038570e-02 4.134622e-03 0 1 1 3 3.566452e-14 0.000000e+00
31 128 1.038570e-02 5.205181e-03 0 1 1 3 3.576474e-14 0.000000e+00
31 129 1.038570e-02 6.552935e-03 0 1 1 3 3.600168e-14 0.000000e+00
31 130 1.038570e-02 8.249656e-03 0 1 1 3 3.676857e-14 0.000000e+00
31 131 1.038570e-02 1.038570e-02 0 1 1 3 3.748440e-14 0.000000e+00
31 132 1.038570e-02 1.307482e-02 0 1 1 3 3.285790e-14 0.000000e+00
31 133 1.038570e-02 1.646023e-02 0 1 1 3 2.876525e-14 0.000000e+00
31 134 1.038570e-02 2.072220e-02 0 1 1 3 2.524927e-14 0.000000e+00
31 135 1.038570e-02 2.608770e-02 0 1 1 3 2.182516e-14 0.000000e+00
31 136 1.038570e-02 3.284247e-02 0 1 1 3 1.842837e-14 0.000000e+00
31 137 1.038570e-02 4.134622e-02 0 1 1 3 1.509776e-14 0.000000e+00
31 138 1.038570e-02 5.205181e-02 0 1 1 3 1.191846e-14 0.000000e+00
31 139 1.038570e-02 6.552935e-02 0 1 1 3 8.995708e-15 0.000000e+00
32 120 1.307482e-02 8.249656e-04 0 1 1 3 3.209488e-14 0.000000e+00
32 121 1.307482e-02 1.038570e-03 0 1 1 3 3.209545e-14 0.000000e+00
32 122 1.307482e-02 1.307482e-03 0 1 1 3 3.209603e-14 0.000000e+00
32 123 1.307482e-02 1.646023e-03 0 1 1 3 3.209722e-14 0.000000e+00
32 124 1.307482e-02 2.072220e-03 0 1 1 3 3.209904e-14 0.000000e+00
32 125 1.307482e-02 2.608770e-03 0 1 1 3 3.210219e-14 0.000000e+00
32 126 1.307482e-02 3.284247e-03 0 1 1 3 3.210778e-14 0.000000e+00
32 127 1.307482e-02 4.134622e-03 0 1 1 3 3.211834e-14 0.000000e+00
32 128 1.307482e-02 5.205181e-03 0 1 1 3 3.213991e-14 0.000000e+00
32 129 1.307482e-02 6.552935e-03 0 1 1 3 3.218934e-14 0.000000e+00
32 130 1.307482e-02 8.249656e-03 0 1 1 3 3.232478e-14 0.000000e+00
32 131 1.307482e-02 1.038570e-02 0 1 1 3 3.285790e-14 0.000000e+00
32 132 1.307482e-02 1.307482e-02 0 1 1 3 3.333322e-14 0.000000e+00
32 133 1.307482e-02 1.646023e-02 0 1 1 3 2.911591e-14 0.000000e+00
32 134 1.307482e-02 2.072220e-02 0 1 1 3 2.527841e-14 0.000000e+00
32 135 1.307482e-02 2.608770e-02 0 1 1 3 2.183235e-14 0.000000e+00
32 136 1.307482e-02 3.284247e-02 0 1 1 3 1.844621e-14 0.000000e+00
32 137 1.307482e-02 4.134622e-02 0 1 1 3 1.512438e-14 0.000000e+00
32 138 1.307482e-02 5.205181e-02 0 1 1 3 1.194714e-14 0.000000e+00
32 139 1.307482e-02 6.552935e-02 0 1 1 3 9.020850e-15 0.000000e+00
33 120 1.646023e-02 8.249656e-04 0 1 1 3 2.867549e-14 0.000000e+00
33 121 1.646023e-02 1.038570e-03 0 1 1 3 2.867560e-14 0.000000e+00
33 122 1.646023e-02 1.307482e-03 0 1 1 3 2.867547e-14 0.000000e+00
33 123 1.646023e-02 1.646023e-03 0 1 1 3 2.867545e-14 0.000000e+00
33 124 1.646023e-02 2.072220e-03 0 1 1 3 2.867529e-14 0.000000e+00
33 125 1.646023e-02 2.608770e-03 0 1 1 3 2.867514e-14 0.000000e+00
33 126 1.646023e-02 3.284247e-03 0 1 1 3 2.867500e-14 0.000000e+00
33 127 1.646023e-02 4.134622e-03 0 1 1 3 2.867517e-14 0.000000e+00
33 128 1.646023e-02 5.205181e-03 0 1 1 3 2.867641e-14 0.000000e+00
33 129 1.646023e-02 6.552935e-03 0 1 1 3 2.868134e-14 0.000000e+00
33 130 1.646023e-02 8.249656e-03 0 1 1 3 2.869885e-14 0.000000e+00
33 131 1.646023e-02 1.038570e-02 0 1 1 3 2.876525e-14 0.000000e+00
33 132 1.646023e-02 1.307482e-02 0 1 1 3 2.911591e-14 0.000000e+00
33 133 1.646023e-02 1.646023e-02 0 1 1 3 2.937135e-14 0.000000e+00
33 134 1.646023e-02 2.072220e-02 0 1 1 3 2.550230e-14 0.000000e+00
33 135 1.646023e-02 2.608770e-02 0 1 1 3 2.185490e-14 0.000000e+00
33 136 1.646023e-02 3.284247e-02 0 1 1 3 1.847347e-14 0.000000e+00
33 137 1.646023e-02 4.134622e-02 0 1 1 3 1.516527e-14 0.000000e+00
33 138 1.646023e-02 5.205181e-02 0 1 1 3 1.199195e-14 0.000000e+00
33 139 1.646023e-02 6.552935e-02 0 1 1 3 9.060447e-15 0.000000e+00
34 120 2.072220e-02 8.249656e-04 0 1 1 3 2.525197e-14 0.000000e+00
34 121 2.072220e-02 1.038570e-03 0 1 1 3 2.525205e-14 0.000000e+00
34 122 2.072220e-02 1.307482e-03 0 1 1 3 2.525184e-14 0.000000e+00
34 123 2.072220e-02 1.646023e-03 0 1 1 3 2.525174e-14 0.000000e+00
34 124 2.072220e-02 2.072220e-03 0 1 1 3 2.525149e-14 0.000000e+00
34 125 2.072220e-02 2.608770e-03 0 1 1 3 2.525108e-14 0.000000e+00
34 126 2.072220e-02 3.284247e-03 0 1 1 3 2.525046e-14 0.000000e+00
34 127 2.072220e-02 4.134622e-03 0 1 1 3 2.524955e-14 0.000000e+00
34 128 2.072220e-02 5.205181e-03 0 1 1 3 2.524826e-14 0.000000e+00
34 129 2.072220e-02 6.552935e-03 0 1 1 3 2.524668e-14 0.000000e+00
34 130 2.072220e-02 8.249656e-03 0 1 1 3 2.524565e-14 0.000000e+00
34 131 2.072220e-02 1.038570e-02 0 1 1 3 2.524927e-14 0.000000e+00
34 132 2.072220e-02 1.307482e-02 0 1 1 3 2.527841e-14 0.000000e+00
34 133 2.072220e-02 1.646023e-02 0 1 1 3 2.550230e-14 0.000000e+00
34 134 2.072220e-02 2.072220e-02 0 1 1 3 2.557669e-14 0.000000e+00
34 135 2.072220e-02 2.608770e-02 0 1 1 3 2.200887e-14 0.000000e+00
34 136 2.072220e-02 3.284247e-02 0 1 1 3 1.851815e-14 0.000000e+00
34 137 2.072220e-02 4.134622e-02 0 1 1 3 1.522694e-14 0.000000e+00
34 138 2.072220e-02 5.205181e-02 0 1 1 3 1.206126e-14 0.000000e+00
34 139 2.072220e-02 6.552935e-02 0 1 1 3 9.122560e-15 0.000000e+00
35 120 2.608770e-02 8.249656e-04 0 1 1 3 2.181648e-14 0.000000e+00
35 121 2.608770e-02 1.038570e-03 0 1 1 3 2.181665e-14 0.000000e+00
35 122 2.608770e-02 1.307482e-03 0 1 1 3 2.181662e-14 0.000000e+00
35 123 2.608770e-02 1.646023e-03 0 1 1 3 2.181679e-14 0.000000e+00
35 124 2.608770e-02 2.072220e-03 0 1 1 3 2.181690e-14 0.000000e+00
35 125 2.608770e-02 2.608770e-03 0 1 1 3 2.181708e-14 0.000000e+00
35 126 2.608770e-02 3.284247e-03 0 1 1 3 2.181738e-14 0.000000e+00
35 127 2.608770e-02 4.134622e-03 0 1 1 3 2.181784e-14 0.000000e+00
35 128 2.608770e-02 5.205181e-03 0 1 1 3 2.181860e-14 0.000000e+00
35 129 2.608770e-02 6.552935e-03 0 1 1 3 2.181978e-14 0.000000e+00
35 130 2.608770e-02 8.249656e-03 0 1 1 3 2.182173e-14 0.000000e+00
35 131 2.608770e-02 1.038570e-02 0 1 1 3 2.182516e-14 0.000000e+00
35 132 2.608770e-02 1.307482e-02 0 1 1 3 2.183235e-14 0.000000e+00
35 133 2.608770e-02 1.646023e-02 0 1 1 3 2.185490e-14 0.000000e+00
35 134 2.608770e-02 2.072220e-02 0 1 1 3 2.200887e-14 0.000000e+00
35 135 2.608770e-02 2.608770e-02 0 1 1 3 2.195469e-14 0.000000e+00
35 136 2.608770e-02 3.284247e-02 0 1 1 3 1.865714e-14 0.000000e+00
35 137 2.608770e-02 4.134622e-02 0 1 1 3 1.531874e-14 0.000000e+00
35 138 2.608770e-02 5.205181e-02 0 1 1 3 1.216663e-14 0.000000e+00
35 139 2.608770e-02 6.552935e-02 0 1 1 3 9.219363e-15 0.000000e+00
36 120 3.284247e-02 8.249656e-04 0 1 1 3 1.839599e-14 0.000000e+00
36 121 3.284247e-02 1.038570e-03 0 1 1 3 1.839627e-14 0.000000e+00
36 122 3.284247e-02 1.307482e-03 0 1 1 3 1.839638e-14 0.000000e+00
36 123 3.284247e-02 1.646023e-03 0 1 1 3 1.839677e-14 0.000000e+00
36 124 3.284247e-02 2.072220e-03 0 1 1 3 1.839726e-14 0.000000e+00
36 125 3.284247e-02 2.608770e-03 0 1 1 3 1.839805e-14 0.000000e+00
36 126 3.284247e-02 3.284247e-03 0 1 1 3 1.839929e-14 0.000000e+00
36 127 3.284247e-02 4.134622e-03 0 1 1 3 1.840125e-14 0.000000e+00
36 128 3.284247e-02 5.205181e-03 0 1 1 3 1.840434e-14 0.000000e+00
36 129 3.284247e-02 6.552935e-03 0 1 1 3 1.840917e-14 0.000000e+00
36 130 3.284247e-02 8.249656e-03 0 1 1 3 1.841671e-14 0.000000e+00
36 131 3.284247e-02 1.038570e-02 0 1 1 3 1.842837e-14 0.000000e+00
36 132 3.284247e-02 1.307482e-02 0 1 1 3 1.844621e-14 0.000000e+00
36 133 3.284247e-02 1.646023e-02 0 1 1 3 1.847347e-14 0.000000e+00
36 134 3.284247e-02 2.072220e-02 0 1 1 3 1.851815e-14 0.000000e+00
36 135 3.284247e-02 2.608770e-02 0 1 1 3 1.865714e-14 0.000000e+00
36 136 3.284247e-02 3.284247e-02 0 1 1 3 1.853509e-14 0.000000e+00
36 137 3.284247e-02 4.134622e-02 0 1 1 3 1.549177e-14 0.000000e+00
36 138 3.284247e-02 5.205181e-02 0 1 1 3 1.232252e-14 0.000000e+00
36 139 3.284247e-02 6.552935e-02 0 1 1 3 9.368431e-15 0.000000e+00
37 120 4.134622e-02 8.249656e-04 0 1 1 3 1.505092e-14 0.000000e+00
37 121 4.134622e-02 1.038570e-03 0 1 1 3 1.505125e-14 0.000000e+00
37 122 4.134622e-02 1.307482e-03 0 1 1 3 1.505147e-14 0.000000e+00
37 123 4.134622e-02 1.646023e-03 0 1 1 3 1.505200e-14 0.000000e+00
37 124 4.134622e-02 2.072220e-03 0 1 1 3 1.505269e-14 0.000000e+00
37 125 4.134622e-02 2.608770e-03 0 1 1 3 1.505379e-14 0.000000e+00
37 126 4.134622e-02 3.284247e-03 0 1 1 3 1.505554e-14 0.000000e+00
37 127 4.134622e-02 4.134622e-03 0 1 1 3 1.505834e-14 0.000000e+00
37 128 4.134622e-02 5.205181e-03 0 1 1 3 1.506274e-14 0.000000e+00
37 129 4.134622e-02 6.552935e-03 0 1 1 3 1.506969e-14 0.000000e+00
37 130 4.134622e-02 8.249656e-03 0 1 1 3 1.508063e-14 0.000000e+00
37 131 4.134622e-02 1.038570e-02 0 1 1 3 1.509776e-14 0.000000e+00
37 132 4.134622e-02 1.307482e-02 0 1 1 3 1.512438e-14 0.000000e+00
37 133 4.134622e-02 1.646023e-02 0 1 1 3 1.516527e-14 0.000000e+00
37 134 4.134622e-02 2.072220e-02 0 1 1 3 1.522694e-14 0.000000e+00
37 135 4.134622e-02 2.608770e-02 0 1 1 3 1.531874e-14 0.000000e+00
37 136 4.134622e-02 3.284247e-02 0 1 1 3 1.549177e-14 0.000000e+00
37 137 4.134622e-02 4.134622e-02 0 1 1 3 1.536279e-14 0.000000e+00
37 138 4.134622e-02 5.205181e-02 0 1 1 3 1.256606e-14 0.000000e+00
37 139 4.134622e-02 6.552935e-02 0 1 1 3 9.592638e-15 0.000000e+00
38 120 5.205181e-02 8.249656e-04 0 1 1 3 1.186887e-14 0.000000e+00
38 121 5.205181e-02 1.038570e-03 0 1 1 3 1.186919e-14 0.000000e+00
38 122 5.205181e-02 1.307482e-03 0 1 1 3 1.186941e-14 0.000000e+00
38 123 5.205181e-02 1.646023e-03 0 1 1 3 1.186995e-14 0.000000e+00
38 124 5.205181e-02 2.072220e-03 0 1 1 3 1.187067e-14 0.000000e+00
38 125 5.205181e-02 2.608770e-03 0 1 1 3 1.187184e-14 0.000000e+00
38 126 5.205181e-02 3.284247e-03 0 1 1 3 1.187370e-14 0.000000e+00
38 127 5.205181e-02 4.134622e-03 0 1 1 3 1.187663e-14 0.000000e+00
38 128 5.205181e-02 5.205181e-03 0 1 1 3 1.188127e-14 0.000000e+00
38 129 5.205181e-02 6.552935e-03 0 1 1 3 1.188861e-14 0.000000e+00
38 130 5.205181e-02 8.249656e-03 0 1 1 3 1.190019e-14 0.000000e+00
38 131 5.205181e-02 1.038570e-02 0 1 1 3 1.191846e-14 0.000000e+00
38 132 5.205181e-02 1.307482e-02 0 1 1 3 1.194714e-14 0.000000e+00
38 133 5.205181e-02 1.646023e-02 0 1 1 3 1.199195e-14 0.000000e+00
38 134 5.205181e-02 2.072220e-02 0 1 1 3 1.206126e-14 0.000000e+00
38 135 5.205181e-02 2.608770e-02 0 1 1 3 1.216663e-14 0.000000e+00
38 136 5.205181e-02 3.284247e-02 0 1 1 3 1.232252e-14 0.000000e+00
38 137 5.205181e-02 4.134622e-02 0 1 1 3 1.256606e-14 0.000000e+00
38 138 5.205181e-02 5.205181e-02 0 1 1 3 1.248163e-14 0.000000e+00
38 139 5.205181e-02 6.552935e-02 0 1 1 3 9.926965e-15 0.000000e+00
39 120 6.552935e-02 8.249656e-04 0 1 1 3 8.952562e-15 0.000000e+00
39 121 6.552935e-02 1.038570e-03 0 1 1 3 8.952864e-15 0.000000e+00
39 122 6.552935e-02 1.307482e-03 0 1 1 3 8.953052e-15 0.000000e+00
39 123 6.552935e-02 1.646023e-03 0 1 1 3 8.953530e-15 0.000000e+00
39 124 6.552935e-02 2.072220e-03 0 1 1 3 8.954157e-15 0.000000e+00
39 125 6.552935e-02 2.608770e-03 0 1 1 3 8.955167e-15 0.000000e+00
39 126 6.552935e-02 3.284247e-03 0 1 1 3 8.956767e-15 0.000000e+00
39 127 6.552935e-02 4.134622e-03 0 1 1 3 8.959308e-15 0.000000e+00
39 128 6.552935e-02 5.205181e-03 0 1 1 3 8.963336e-15 0.000000e+00
39 129 6.552935e-02 6.552935e-03 0 1 1 3 8.969702e-15 0.000000e+00
39 130 6.552935e-02 8.249656e-03 0 1 1 3 8.979776e-15 0.000000e+00
39 131 6.552935e-02 1.038570e-02 0 1 1 3 8.995708e-15 0.000000e+00
39 132 6.552935e-02 1.307482e-02 0 1 1 3 9.020850e-15 0.000000e+00
39 133 6.552935e-02 1.646023e-02 0 1 1 3 9.060447e-15 0.000000e+00
39 134 6.552935e-02 2.072220e-02 0 1 1 3 9.122560e-15 0.000000e+00
39 135 6.552935e-02 2.608770e-02 0 1 1 3 9.219363e-15 0.000000e+00
39 136 6.552935e-02 3.284247e-02 0 1 1 3 9.368431e-15 0.000000e+00
39 137 6.552935e-02 4.134622e-02 0 1 1 3 9.592638e-15 0.000000e+00
39 138 6.552935e-02 5.205181e-02 0 1 1 3 9.926965e-15 0.000000e+00
39 139 6.552935e-02 6.552935e-02 0 1 1 3 9.926904e-15 0.000000e+00
