# Please cite the following papers in research using this covariance:
# arXiv: 1601.05779, https://arxiv.org/abs/1601.05779
# arXiv: 1911.11947, https://arxiv.org/abs/1911.11947
# arXiv: 2004.04833, https://arxiv.org/abs/2004.04833
########################################################
40 120 8.249656e-04 8.249656e-04 0 2 1 3 5.343655e-14 0.000000e+00
40 121 8.249656e-04 1.038570e-03 0 2 1 3 5.292463e-14 0.000000e+00
40 122 8.249656e-04 1.307482e-03 0 2 1 3 5.218425e-14 0.000000e+00
40 123 8.249656e-04 1.646023e-03 0 2 1 3 5.122219e-14 0.000000e+00
40 124 8.249656e-04 2.072220e-03 0 2 1 3 5.006158e-14 0.000000e+00
40 125 8.249656e-04 2.608770e-03 0 2 1 3 4.873197e-14 0.000000e+00
40 126 8.249656e-04 3.284247e-03 0 2 1 3 4.725902e-14 0.000000e+00
40 127 8.249656e-04 4.134622e-03 0 2 1 3 4.565624e-14 0.000000e+00
40 128 8.249656e-04 5.205181e-03 0 2 1 3 4.391994e-14 0.000000e+00
40 129 8.249656e-04 6.552935e-03 0 2 1 3 4.202846e-14 0.000000e+00
40 130 8.249656e-04 8.249656e-03 0 2 1 3 3.994569e-14 0.000000e+00
40 131 8.249656e-04 1.038570e-02 0 2 1 3 3.762793e-14 0.000000e+00
40 132 8.249656e-04 1.307482e-02 0 2 1 3 3.503289e-14 0.000000e+00
40 133 8.249656e-04 1.646023e-02 0 2 1 3 3.213032e-14 0.000000e+00
40 134 8.249656e-04 2.072220e-02 0 2 1 3 2.891348e-14 0.000000e+00
40 135 8.249656e-04 2.608770e-02 0 2 1 3 2.541065e-14 0.000000e+00
40 136 8.249656e-04 3.284247e-02 0 2 1 3 2.169449e-14 0.000000e+00
40 137 8.249656e-04 4.134622e-02 0 2 1 3 1.788508e-14 0.000000e+00
40 138 8.249656e-04 5.205181e-02 0 2 1 3 1.414127e-14 0.000000e+00
40 139 8.249656e-04 6.552935e-02 0 2 1 3 1.063405e-14 0.000000e+00
41 120 1.038570e-03 8.249656e-04 0 2 1 3 5.292463e-14 0.000000e+00
41 121 1.038570e-03 1.038570e-03 0 2 1 3 5.256250e-14 0.000000e+00
41 122 1.038570e-03 1.307482e-03 0 2 1 3 5.196098e-14 0.000000e+00
41 123 1.038570e-03 1.646023e-03 0 2 1 3 5.109466e-14 0.000000e+00
41 124 1.038570e-03 2.072220e-03 0 2 1 3 4.999208e-14 0.000000e+00
41 125 1.038570e-03 2.608770e-03 0 2 1 3 4.869424e-14 0.000000e+00
41 126 1.038570e-03 3.284247e-03 0 2 1 3 4.723718e-14 0.000000e+00
41 127 1.038570e-03 4.134622e-03 0 2 1 3 4.564194e-14 0.000000e+00
41 128 1.038570e-03 5.205181e-03 0 2 1 3 4.390939e-14 0.000000e+00
41 129 1.038570e-03 6.552935e-03 0 2 1 3 4.202023e-14 0.000000e+00
41 130 1.038570e-03 8.249656e-03 0 2 1 3 3.993932e-14 0.000000e+00
41 131 1.038570e-03 1.038570e-02 0 2 1 3 3.762320e-14 0.000000e+00
41 132 1.038570e-03 1.307482e-02 0 2 1 3 3.502962e-14 0.000000e+00
41 133 1.038570e-03 1.646023e-02 0 2 1 3 3.212826e-14 0.000000e+00
41 134 1.038570e-03 2.072220e-02 0 2 1 3 2.891236e-14 0.000000e+00
41 135 1.038570e-03 2.608770e-02 0 2 1 3 2.541020e-14 0.000000e+00
41 136 1.038570e-03 3.284247e-02 0 2 1 3 2.169447e-14 0.000000e+00
41 137 1.038570e-03 4.134622e-02 0 2 1 3 1.788531e-14 0.000000e+00
41 138 1.038570e-03 5.205181e-02 0 2 1 3 1.414160e-14 0.000000e+00
41 139 1.038570e-03 6.552935e-02 0 2 1 3 1.063438e-14 0.000000e+00
42 120 1.307482e-03 8.249656e-04 0 2 1 3 5.218425e-14 0.000000e+00
42 121 1.307482e-03 1.038570e-03 0 2 1 3 5.196098e-14 0.000000e+00
42 122 1.307482e-03 1.307482e-03 0 2 1 3 5.155761e-14 0.000000e+00
42 123 1.307482e-03 1.646023e-03 0 2 1 3 5.086489e-14 0.000000e+00
42 124 1.307482e-03 2.072220e-03 0 2 1 3 4.986960e-14 0.000000e+00
42 125 1.307482e-03 2.608770e-03 0 2 1 3 4.862953e-14 0.000000e+00
42 126 1.307482e-03 3.284247e-03 0 2 1 3 4.720071e-14 0.000000e+00
42 127 1.307482e-03 4.134622e-03 0 2 1 3 4.561848e-14 0.000000e+00
42 128 1.307482e-03 5.205181e-03 0 2 1 3 4.389221e-14 0.000000e+00
42 129 1.307482e-03 6.552935e-03 0 2 1 3 4.200681e-14 0.000000e+00
42 130 1.307482e-03 8.249656e-03 0 2 1 3 3.992884e-14 0.000000e+00
42 131 1.307482e-03 1.038570e-02 0 2 1 3 3.761534e-14 0.000000e+00
42 132 1.307482e-03 1.307482e-02 0 2 1 3 3.502406e-14 0.000000e+00
42 133 1.307482e-03 1.646023e-02 0 2 1 3 3.212462e-14 0.000000e+00
42 134 1.307482e-03 2.072220e-02 0 2 1 3 2.891021e-14 0.000000e+00
42 135 1.307482e-03 2.608770e-02 0 2 1 3 2.540913e-14 0.000000e+00
42 136 1.307482e-03 3.284247e-02 0 2 1 3 2.169410e-14 0.000000e+00
42 137 1.307482e-03 4.134622e-02 0 2 1 3 1.788533e-14 0.000000e+00
42 138 1.307482e-03 5.205181e-02 0 2 1 3 1.414178e-14 0.000000e+00
42 139 1.307482e-03 6.552935e-02 0 2 1 3 1.063458e-14 0.000000e+00
43 120 1.646023e-03 8.249656e-04 0 2 1 3 5.122219e-14 0.000000e+00
43 121 1.646023e-03 1.038570e-03 0 2 1 3 5.109466e-14 0.000000e+00
43 122 1.646023e-03 1.307482e-03 0 2 1 3 5.086489e-14 0.000000e+00
43 123 1.646023e-03 1.646023e-03 0 2 1 3 5.042666e-14 0.000000e+00
43 124 1.646023e-03 2.072220e-03 0 2 1 3 4.964038e-14 0.000000e+00
43 125 1.646023e-03 2.608770e-03 0 2 1 3 4.851397e-14 0.000000e+00
43 126 1.646023e-03 3.284247e-03 0 2 1 3 4.713886e-14 0.000000e+00
43 127 1.646023e-03 4.134622e-03 0 2 1 3 4.558036e-14 0.000000e+00
43 128 1.646023e-03 5.205181e-03 0 2 1 3 4.386494e-14 0.000000e+00
43 129 1.646023e-03 6.552935e-03 0 2 1 3 4.198572e-14 0.000000e+00
43 130 1.646023e-03 8.249656e-03 0 2 1 3 3.991247e-14 0.000000e+00
43 131 1.646023e-03 1.038570e-02 0 2 1 3 3.760311e-14 0.000000e+00
43 132 1.646023e-03 1.307482e-02 0 2 1 3 3.501548e-14 0.000000e+00
43 133 1.646023e-03 1.646023e-02 0 2 1 3 3.211908e-14 0.000000e+00
43 134 1.646023e-03 2.072220e-02 0 2 1 3 2.890704e-14 0.000000e+00
43 135 1.646023e-03 2.608770e-02 0 2 1 3 2.540766e-14 0.000000e+00
43 136 1.646023e-03 3.284247e-02 0 2 1 3 2.169373e-14 0.000000e+00
43 137 1.646023e-03 4.134622e-02 0 2 1 3 1.788558e-14 0.000000e+00
43 138 1.646023e-03 5.205181e-02 0 2 1 3 1.414227e-14 0.000000e+00
43 139 1.646023e-03 6.552935e-02 0 2 1 3 1.063509e-14 0.000000e+00
44 120 2.072220e-03 8.249656e-04 0 2 1 3 5.006158e-14 0.000000e+00
44 121 2.072220e-03 1.038570e-03 0 2 1 3 4.999208e-14 0.000000e+00
44 122 2.072220e-03 1.307482e-03 0 2 1 3 4.986960e-14 0.000000e+00
44 123 2.072220e-03 1.646023e-03 0 2 1 3 4.964038e-14 0.000000e+00
44 124 2.072220e-03 2.072220e-03 0 2 1 3 4.917214e-14 0.000000e+00
44 125 2.072220e-03 2.608770e-03 0 2 1 3 4.828862e-14 0.000000e+00
44 126 2.072220e-03 3.284247e-03 0 2 1 3 4.702751e-14 0.000000e+00
44 127 2.072220e-03 4.134622e-03 0 2 1 3 4.551625e-14 0.000000e+00
44 128 2.072220e-03 5.205181e-03 0 2 1 3 4.382078e-14 0.000000e+00
44 129 2.072220e-03 6.552935e-03 0 2 1 3 4.195199e-14 0.000000e+00
44 130 2.072220e-03 8.249656e-03 0 2 1 3 3.988632e-14 0.000000e+00
44 131 2.072220e-03 1.038570e-02 0 2 1 3 3.758356e-14 0.000000e+00
44 132 2.072220e-03 1.307482e-02 0 2 1 3 3.500171e-14 0.000000e+00
44 133 2.072220e-03 1.646023e-02 0 2 1 3 3.211014e-14 0.000000e+00
44 134 2.072220e-03 2.072220e-02 0 2 1 3 2.890186e-14 0.000000e+00
44 135 2.072220e-03 2.608770e-02 0 2 1 3 2.540517e-14 0.000000e+00
44 136 2.072220e-03 3.284247e-02 0 2 1 3 2.169300e-14 0.000000e+00
44 137 2.072220e-03 4.134622e-02 0 2 1 3 1.788583e-14 0.000000e+00
44 138 2.072220e-03 5.205181e-02 0 2 1 3 1.414292e-14 0.000000e+00
44 139 2.072220e-03 6.552935e-02 0 2 1 3 1.063577e-14 0.000000e+00
45 120 2.608770e-03 8.249656e-04 0 2 1 3 4.873197e-14 0.000000e+00
45 121 2.608770e-03 1.038570e-03 0 2 1 3 4.869424e-14 0.000000e+00
45 122 2.608770e-03 1.307482e-03 0 2 1 3 4.862953e-14 0.000000e+00
45 123 2.608770e-03 1.646023e-03 0 2 1 3 4.851397e-14 0.000000e+00
45 124 2.608770e-03 2.072220e-03 0 2 1 3 4.828862e-14 0.000000e+00
45 125 2.608770e-03 2.608770e-03 0 2 1 3 4.779296e-14 0.000000e+00
45 126 2.608770e-03 3.284247e-03 0 2 1 3 4.680526e-14 0.000000e+00
45 127 2.608770e-03 4.134622e-03 0 2 1 3 4.540302e-14 0.000000e+00
45 128 2.608770e-03 5.205181e-03 0 2 1 3 4.374829e-14 0.000000e+00
45 129 2.608770e-03 6.552935e-03 0 2 1 3 4.189809e-14 0.000000e+00
45 130 2.608770e-03 8.249656e-03 0 2 1 3 3.984480e-14 0.000000e+00
45 131 2.608770e-03 1.038570e-02 0 2 1 3 3.755252e-14 0.000000e+00
45 132 2.608770e-03 1.307482e-02 0 2 1 3 3.497987e-14 0.000000e+00
45 133 2.608770e-03 1.646023e-02 0 2 1 3 3.209596e-14 0.000000e+00
45 134 2.608770e-03 2.072220e-02 0 2 1 3 2.889363e-14 0.000000e+00
45 135 2.608770e-03 2.608770e-02 0 2 1 3 2.540124e-14 0.000000e+00
45 136 2.608770e-03 3.284247e-02 0 2 1 3 2.169185e-14 0.000000e+00
45 137 2.608770e-03 4.134622e-02 0 2 1 3 1.788623e-14 0.000000e+00
45 138 2.608770e-03 5.205181e-02 0 2 1 3 1.414395e-14 0.000000e+00
45 139 2.608770e-03 6.552935e-02 0 2 1 3 1.063684e-14 0.000000e+00
46 120 3.284247e-03 8.249656e-04 0 2 1 3 4.725902e-14 0.000000e+00
46 121 3.284247e-03 1.038570e-03 0 2 1 3 4.723718e-14 0.000000e+00
46 122 3.284247e-03 1.307482e-03 0 2 1 3 4.720071e-14 0.000000e+00
46 123 3.284247e-03 1.646023e-03 0 2 1 3 4.713886e-14 0.000000e+00
46 124 3.284247e-03 2.072220e-03 0 2 1 3 4.702751e-14 0.000000e+00
46 125 3.284247e-03 2.608770e-03 0 2 1 3 4.680526e-14 0.000000e+00
46 126 3.284247e-03 3.284247e-03 0 2 1 3 4.628061e-14 0.000000e+00
46 127 3.284247e-03 4.134622e-03 0 2 1 3 4.517798e-14 0.000000e+00
46 128 3.284247e-03 5.205181e-03 0 2 1 3 4.362431e-14 0.000000e+00
46 129 3.284247e-03 6.552935e-03 0 2 1 3 4.181111e-14 0.000000e+00
46 130 3.284247e-03 8.249656e-03 0 2 1 3 3.977870e-14 0.000000e+00
46 131 3.284247e-03 1.038570e-02 0 2 1 3 3.750319e-14 0.000000e+00
46 132 3.284247e-03 1.307482e-02 0 2 1 3 3.494513e-14 0.000000e+00
46 133 3.284247e-03 1.646023e-02 0 2 1 3 3.207340e-14 0.000000e+00
46 134 3.284247e-03 2.072220e-02 0 2 1 3 2.888056e-14 0.000000e+00
46 135 3.284247e-03 2.608770e-02 0 2 1 3 2.539498e-14 0.000000e+00
46 136 3.284247e-03 3.284247e-02 0 2 1 3 2.169001e-14 0.000000e+00
46 137 3.284247e-03 4.134622e-02 0 2 1 3 1.788686e-14 0.000000e+00
46 138 3.284247e-03 5.205181e-02 0 2 1 3 1.414558e-14 0.000000e+00
46 139 3.284247e-03 6.552935e-02 0 2 1 3 1.063856e-14 0.000000e+00
47 120 4.134622e-03 8.249656e-04 0 2 1 3 4.565624e-14 0.000000e+00
47 121 4.134622e-03 1.038570e-03 0 2 1 3 4.564194e-14 0.000000e+00
47 122 4.134622e-03 1.307482e-03 0 2 1 3 4.561848e-14 0.000000e+00
47 123 4.134622e-03 1.646023e-03 0 2 1 3 4.558036e-14 0.000000e+00
47 124 4.134622e-03 2.072220e-03 0 2 1 3 4.551625e-14 0.000000e+00
47 125 4.134622e-03 2.608770e-03 0 2 1 3 4.540302e-14 0.000000e+00
47 126 4.134622e-03 3.284247e-03 0 2 1 3 4.517798e-14 0.000000e+00
47 127 4.134622e-03 4.134622e-03 0 2 1 3 4.461819e-14 0.000000e+00
47 128 4.134622e-03 5.205181e-03 0 2 1 3 4.338639e-14 0.000000e+00
47 129 4.134622e-03 6.552935e-03 0 2 1 3 4.166696e-14 0.000000e+00
47 130 4.134622e-03 8.249656e-03 0 2 1 3 3.967293e-14 0.000000e+00
47 131 4.134622e-03 1.038570e-02 0 2 1 3 3.742463e-14 0.000000e+00
47 132 4.134622e-03 1.307482e-02 0 2 1 3 3.488979e-14 0.000000e+00
47 133 4.134622e-03 1.646023e-02 0 2 1 3 3.203745e-14 0.000000e+00
47 134 4.134622e-03 2.072220e-02 0 2 1 3 2.885971e-14 0.000000e+00
47 135 4.134622e-03 2.608770e-02 0 2 1 3 2.538498e-14 0.000000e+00
47 136 4.134622e-03 3.284247e-02 0 2 1 3 2.168707e-14 0.000000e+00
47 137 4.134622e-03 4.134622e-02 0 2 1 3 1.788785e-14 0.000000e+00
47 138 4.134622e-03 5.205181e-02 0 2 1 3 1.414817e-14 0.000000e+00
47 139 4.134622e-03 6.552935e-02 0 2 1 3 1.064127e-14 0.000000e+00
48 120 5.205181e-03 8.249656e-04 0 2 1 3 4.391994e-14 0.000000e+00
48 121 5.205181e-03 1.038570e-03 0 2 1 3 4.390939e-14 0.000000e+00
48 122 5.205181e-03 1.307482e-03 0 2 1 3 4.389221e-14 0.000000e+00
48 123 5.205181e-03 1.646023e-03 0 2 1 3 4.386494e-14 0.000000e+00
48 124 5.205181e-03 2.072220e-03 0 2 1 3 4.382078e-14 0.000000e+00
48 125 5.205181e-03 2.608770e-03 0 2 1 3 4.374829e-14 0.000000e+00
48 126 5.205181e-03 3.284247e-03 0 2 1 3 4.362431e-14 0.000000e+00
48 127 5.205181e-03 4.134622e-03 0 2 1 3 4.338639e-14 0.000000e+00
48 128 5.205181e-03 5.205181e-03 0 2 1 3 4.278132e-14 0.000000e+00
48 129 5.205181e-03 6.552935e-03 0 2 1 3 4.140388e-14 0.000000e+00
48 130 5.205181e-03 8.249656e-03 0 2 1 3 3.950109e-14 0.000000e+00
48 131 5.205181e-03 1.038570e-02 0 2 1 3 3.729907e-14 0.000000e+00
48 132 5.205181e-03 1.307482e-02 0 2 1 3 3.480139e-14 0.000000e+00
48 133 5.205181e-03 1.646023e-02 0 2 1 3 3.197996e-14 0.000000e+00
48 134 5.205181e-03 2.072220e-02 0 2 1 3 2.882635e-14 0.000000e+00
48 135 5.205181e-03 2.608770e-02 0 2 1 3 2.536896e-14 0.000000e+00
48 136 5.205181e-03 3.284247e-02 0 2 1 3 2.168230e-14 0.000000e+00
48 137 5.205181e-03 4.134622e-02 0 2 1 3 1.788938e-14 0.000000e+00
48 138 5.205181e-03 5.205181e-02 0 2 1 3 1.415225e-14 0.000000e+00
48 139 5.205181e-03 6.552935e-02 0 2 1 3 1.064556e-14 0.000000e+00
49 120 6.552935e-03 8.249656e-04 0 2 1 3 4.202846e-14 0.000000e+00
49 121 6.552935e-03 1.038570e-03 0 2 1 3 4.202023e-14 0.000000e+00
49 122 6.552935e-03 1.307482e-03 0 2 1 3 4.200681e-14 0.000000e+00
49 123 6.552935e-03 1.646023e-03 0 2 1 3 4.198572e-14 0.000000e+00
49 124 6.552935e-03 2.072220e-03 0 2 1 3 4.195199e-14 0.000000e+00
49 125 6.552935e-03 2.608770e-03 0 2 1 3 4.189809e-14 0.000000e+00
49 126 6.552935e-03 3.284247e-03 0 2 1 3 4.181111e-14 0.000000e+00
49 127 6.552935e-03 4.134622e-03 0 2 1 3 4.166696e-14 0.000000e+00
49 128 6.552935e-03 5.205181e-03 0 2 1 3 4.140388e-14 0.000000e+00
49 129 6.552935e-03 6.552935e-03 0 2 1 3 4.074109e-14 0.000000e+00
49 130 6.552935e-03 8.249656e-03 0 2 1 3 3.920150e-14 0.000000e+00
49 131 6.552935e-03 1.038570e-02 0 2 1 3 3.709651e-14 0.000000e+00
49 132 6.552935e-03 1.307482e-02 0 2 1 3 3.465949e-14 0.000000e+00
49 133 6.552935e-03 1.646023e-02 0 2 1 3 3.188759e-14 0.000000e+00
49 134 6.552935e-03 2.072220e-02 0 2 1 3 2.877267e-14 0.000000e+00
49 135 6.552935e-03 2.608770e-02 0 2 1 3 2.534311e-14 0.000000e+00
49 136 6.552935e-03 3.284247e-02 0 2 1 3 2.167452e-14 0.000000e+00
49 137 6.552935e-03 4.134622e-02 0 2 1 3 1.789168e-14 0.000000e+00
49 138 6.552935e-03 5.205181e-02 0 2 1 3 1.415868e-14 0.000000e+00
49 139 6.552935e-03 6.552935e-02 0 2 1 3 1.065235e-14 0.000000e+00
50 120 8.249656e-03 8.249656e-04 0 2 1 3 3.994569e-14 0.000000e+00
50 121 8.249656e-03 1.038570e-03 0 2 1 3 3.993932e-14 0.000000e+00
50 122 8.249656e-03 1.307482e-03 0 2 1 3 3.992884e-14 0.000000e+00
50 123 8.249656e-03 1.646023e-03 0 2 1 3 3.991247e-14 0.000000e+00
50 124 8.249656e-03 2.072220e-03 0 2 1 3 3.988632e-14 0.000000e+00
50 125 8.249656e-03 2.608770e-03 0 2 1 3 3.984480e-14 0.000000e+00
50 126 8.249656e-03 3.284247e-03 0 2 1 3 3.977870e-14 0.000000e+00
50 127 8.249656e-03 4.134622e-03 0 2 1 3 3.967293e-14 0.000000e+00
50 128 8.249656e-03 5.205181e-03 0 2 1 3 3.950109e-14 0.000000e+00
50 129 8.249656e-03 6.552935e-03 0 2 1 3 3.920150e-14 0.000000e+00
50 130 8.249656e-03 8.249656e-03 0 2 1 3 3.846899e-14 0.000000e+00
50 131 8.249656e-03 1.038570e-02 0 2 1 3 3.675355e-14 0.000000e+00
50 132 8.249656e-03 1.307482e-02 0 2 1 3 3.442977e-14 0.000000e+00
50 133 8.249656e-03 1.646023e-02 0 2 1 3 3.173802e-14 0.000000e+00
50 134 8.249656e-03 2.072220e-02 0 2 1 3 2.868559e-14 0.000000e+00
50 135 8.249656e-03 2.608770e-02 0 2 1 3 2.530101e-14 0.000000e+00
50 136 8.249656e-03 3.284247e-02 0 2 1 3 2.166160e-14 0.000000e+00
50 137 8.249656e-03 4.134622e-02 0 2 1 3 1.789505e-14 0.000000e+00
50 138 8.249656e-03 5.205181e-02 0 2 1 3 1.416874e-14 0.000000e+00
50 139 8.249656e-03 6.552935e-02 0 2 1 3 1.066309e-14 0.000000e+00
51 120 1.038570e-02 8.249656e-04 0 2 1 3 3.762793e-14 0.000000e+00
51 121 1.038570e-02 1.038570e-03 0 2 1 3 3.762320e-14 0.000000e+00
51 122 1.038570e-02 1.307482e-03 0 2 1 3 3.761534e-14 0.000000e+00
51 123 1.038570e-02 1.646023e-03 0 2 1 3 3.760311e-14 0.000000e+00
51 124 1.038570e-02 2.072220e-03 0 2 1 3 3.758356e-14 0.000000e+00
51 125 1.038570e-02 2.608770e-03 0 2 1 3 3.755252e-14 0.000000e+00
51 126 1.038570e-02 3.284247e-03 0 2 1 3 3.750319e-14 0.000000e+00
51 127 1.038570e-02 4.134622e-03 0 2 1 3 3.742463e-14 0.000000e+00
51 128 1.038570e-02 5.205181e-03 0 2 1 3 3.729907e-14 0.000000e+00
51 129 1.038570e-02 6.552935e-03 0 2 1 3 3.709651e-14 0.000000e+00
51 130 1.038570e-02 8.249656e-03 0 2 1 3 3.675355e-14 0.000000e+00
51 131 1.038570e-02 1.038570e-02 0 2 1 3 3.594344e-14 0.000000e+00
51 132 1.038570e-02 1.307482e-02 0 2 1 3 3.404481e-14 0.000000e+00
51 133 1.038570e-02 1.646023e-02 0 2 1 3 3.149285e-14 0.000000e+00
51 134 1.038570e-02 2.072220e-02 0 2 1 3 2.854242e-14 0.000000e+00
51 135 1.038570e-02 2.608770e-02 0 2 1 3 2.523134e-14 0.000000e+00
51 136 1.038570e-02 3.284247e-02 0 2 1 3 2.163961e-14 0.000000e+00
51 137 1.038570e-02 4.134622e-02 0 2 1 3 1.789968e-14 0.000000e+00
51 138 1.038570e-02 5.205181e-02 0 2 1 3 1.418442e-14 0.000000e+00
51 139 1.038570e-02 6.552935e-02 0 2 1 3 1.068003e-14 0.000000e+00
52 120 1.307482e-02 8.249656e-04 0 2 1 3 3.503289e-14 0.000000e+00
52 121 1.307482e-02 1.038570e-03 0 2 1 3 3.502962e-14 0.000000e+00
52 122 1.307482e-02 1.307482e-03 0 2 1 3 3.502406e-14 0.000000e+00
52 123 1.307482e-02 1.646023e-03 0 2 1 3 3.501548e-14 0.000000e+00
52 124 1.307482e-02 2.072220e-03 0 2 1 3 3.500171e-14 0.000000e+00
52 125 1.307482e-02 2.608770e-03 0 2 1 3 3.497987e-14 0.000000e+00
52 126 1.307482e-02 3.284247e-03 0 2 1 3 3.494513e-14 0.000000e+00
52 127 1.307482e-02 4.134622e-03 0 2 1 3 3.488979e-14 0.000000e+00
52 128 1.307482e-02 5.205181e-03 0 2 1 3 3.480139e-14 0.000000e+00
52 129 1.307482e-02 6.552935e-03 0 2 1 3 3.465949e-14 0.000000e+00
52 130 1.307482e-02 8.249656e-03 0 2 1 3 3.442977e-14 0.000000e+00
52 131 1.307482e-02 1.038570e-02 0 2 1 3 3.404481e-14 0.000000e+00
52 132 1.307482e-02 1.307482e-02 0 2 1 3 3.315754e-14 0.000000e+00
52 133 1.307482e-02 1.646023e-02 0 2 1 3 3.107864e-14 0.000000e+00
52 134 1.307482e-02 2.072220e-02 0 2 1 3 2.830227e-14 0.000000e+00
52 135 1.307482e-02 2.608770e-02 0 2 1 3 2.511335e-14 0.000000e+00
52 136 1.307482e-02 3.284247e-02 0 2 1 3 2.160086e-14 0.000000e+00
52 137 1.307482e-02 4.134622e-02 0 2 1 3 1.790519e-14 0.000000e+00
52 138 1.307482e-02 5.205181e-02 0 2 1 3 1.420852e-14 0.000000e+00
52 139 1.307482e-02 6.552935e-02 0 2 1 3 1.070669e-14 0.000000e+00
53 120 1.646023e-02 8.249656e-04 0 2 1 3 3.213032e-14 0.000000e+00
53 121 1.646023e-02 1.038570e-03 0 2 1 3 3.212826e-14 0.000000e+00
53 122 1.646023e-02 1.307482e-03 0 2 1 3 3.212462e-14 0.000000e+00
53 123 1.646023e-02 1.646023e-03 0 2 1 3 3.211908e-14 0.000000e+00
53 124 1.646023e-02 2.072220e-03 0 2 1 3 3.211014e-14 0.000000e+00
53 125 1.646023e-02 2.608770e-03 0 2 1 3 3.209596e-14 0.000000e+00
53 126 1.646023e-02 3.284247e-03 0 2 1 3 3.207340e-14 0.000000e+00
53 127 1.646023e-02 4.134622e-03 0 2 1 3 3.203745e-14 0.000000e+00
53 128 1.646023e-02 5.205181e-03 0 2 1 3 3.197996e-14 0.000000e+00
53 129 1.646023e-02 6.552935e-03 0 2 1 3 3.188759e-14 0.000000e+00
53 130 1.646023e-02 8.249656e-03 0 2 1 3 3.173802e-14 0.000000e+00
53 131 1.646023e-02 1.038570e-02 0 2 1 3 3.149285e-14 0.000000e+00
53 132 1.646023e-02 1.307482e-02 0 2 1 3 3.107864e-14 0.000000e+00
53 133 1.646023e-02 1.646023e-02 0 2 1 3 3.012710e-14 0.000000e+00
53 134 1.646023e-02 2.072220e-02 0 2 1 3 2.788473e-14 0.000000e+00
53 135 1.646023e-02 2.608770e-02 0 2 1 3 2.490647e-14 0.000000e+00
53 136 1.646023e-02 3.284247e-02 0 2 1 3 2.152923e-14 0.000000e+00
53 137 1.646023e-02 4.134622e-02 0 2 1 3 1.790918e-14 0.000000e+00
53 138 1.646023e-02 5.205181e-02 0 2 1 3 1.424483e-14 0.000000e+00
53 139 1.646023e-02 6.552935e-02 0 2 1 3 1.074843e-14 0.000000e+00
54 120 2.072220e-02 8.249656e-04 0 2 1 3 2.891348e-14 0.000000e+00
54 121 2.072220e-02 1.038570e-03 0 2 1 3 2.891236e-14 0.000000e+00
54 122 2.072220e-02 1.307482e-03 0 2 1 3 2.891021e-14 0.000000e+00
54 123 2.072220e-02 1.646023e-03 0 2 1 3 2.890704e-14 0.000000e+00
54 124 2.072220e-02 2.072220e-03 0 2 1 3 2.890186e-14 0.000000e+00
54 125 2.072220e-02 2.608770e-03 0 2 1 3 2.889363e-14 0.000000e+00
54 126 2.072220e-02 3.284247e-03 0 2 1 3 2.888056e-14 0.000000e+00
54 127 2.072220e-02 4.134622e-03 0 2 1 3 2.885971e-14 0.000000e+00
54 128 2.072220e-02 5.205181e-03 0 2 1 3 2.882635e-14 0.000000e+00
54 129 2.072220e-02 6.552935e-03 0 2 1 3 2.877267e-14 0.000000e+00
54 130 2.072220e-02 8.249656e-03 0 2 1 3 2.868559e-14 0.000000e+00
54 131 2.072220e-02 1.038570e-02 0 2 1 3 2.854242e-14 0.000000e+00
54 132 2.072220e-02 1.307482e-02 0 2 1 3 2.830227e-14 0.000000e+00
54 133 2.072220e-02 1.646023e-02 0 2 1 3 2.788473e-14 0.000000e+00
54 134 2.072220e-02 2.072220e-02 0 2 1 3 2.689713e-14 0.000000e+00
54 135 2.072220e-02 2.608770e-02 0 2 1 3 2.452412e-14 0.000000e+00
54 136 2.072220e-02 3.284247e-02 0 2 1 3 2.138825e-14 0.000000e+00
54 137 2.072220e-02 4.134622e-02 0 2 1 3 1.790286e-14 0.000000e+00
54 138 2.072220e-02 5.205181e-02 0 2 1 3 1.429739e-14 0.000000e+00
54 139 2.072220e-02 6.552935e-02 0 2 1 3 1.081319e-14 0.000000e+00
55 120 2.608770e-02 8.249656e-04 0 2 1 3 2.541065e-14 0.000000e+00
55 121 2.608770e-02 1.038570e-03 0 2 1 3 2.541020e-14 0.000000e+00
55 122 2.608770e-02 1.307482e-03 0 2 1 3 2.540913e-14 0.000000e+00
55 123 2.608770e-02 1.646023e-03 0 2 1 3 2.540766e-14 0.000000e+00
55 124 2.608770e-02 2.072220e-03 0 2 1 3 2.540517e-14 0.000000e+00
55 125 2.608770e-02 2.608770e-03 0 2 1 3 2.540124e-14 0.000000e+00
55 126 2.608770e-02 3.284247e-03 0 2 1 3 2.539498e-14 0.000000e+00
55 127 2.608770e-02 4.134622e-03 0 2 1 3 2.538498e-14 0.000000e+00
55 128 2.608770e-02 5.205181e-03 0 2 1 3 2.536896e-14 0.000000e+00
55 129 2.608770e-02 6.552935e-03 0 2 1 3 2.534311e-14 0.000000e+00
55 130 2.608770e-02 8.249656e-03 0 2 1 3 2.530101e-14 0.000000e+00
55 131 2.608770e-02 1.038570e-02 0 2 1 3 2.523134e-14 0.000000e+00
55 132 2.608770e-02 1.307482e-02 0 2 1 3 2.511335e-14 0.000000e+00
55 133 2.608770e-02 1.646023e-02 0 2 1 3 2.490647e-14 0.000000e+00
55 134 2.608770e-02 2.072220e-02 0 2 1 3 2.452412e-14 0.000000e+00
55 135 2.608770e-02 2.608770e-02 0 2 1 3 2.354404e-14 0.000000e+00
55 136 2.608770e-02 3.284247e-02 0 2 1 3 2.108783e-14 0.000000e+00
55 137 2.608770e-02 4.134622e-02 0 2 1 3 1.785812e-14 0.000000e+00
55 138 2.608770e-02 5.205181e-02 0 2 1 3 1.436713e-14 0.000000e+00
55 139 2.608770e-02 6.552935e-02 0 2 1 3 1.091192e-14 0.000000e+00
56 120 3.284247e-02 8.249656e-04 0 2 1 3 2.169449e-14 0.000000e+00
56 121 3.284247e-02 1.038570e-03 0 2 1 3 2.169447e-14 0.000000e+00
56 122 3.284247e-02 1.307482e-03 0 2 1 3 2.169410e-14 0.000000e+00
56 123 3.284247e-02 1.646023e-03 0 2 1 3 2.169373e-14 0.000000e+00
56 124 3.284247e-02 2.072220e-03 0 2 1 3 2.169300e-14 0.000000e+00
56 125 3.284247e-02 2.608770e-03 0 2 1 3 2.169185e-14 0.000000e+00
56 126 3.284247e-02 3.284247e-03 0 2 1 3 2.169001e-14 0.000000e+00
56 127 3.284247e-02 4.134622e-03 0 2 1 3 2.168707e-14 0.000000e+00
56 128 3.284247e-02 5.205181e-03 0 2 1 3 2.168230e-14 0.000000e+00
56 129 3.284247e-02 6.552935e-03 0 2 1 3 2.167452e-14 0.000000e+00
56 130 3.284247e-02 8.249656e-03 0 2 1 3 2.166160e-14 0.000000e+00
56 131 3.284247e-02 1.038570e-02 0 2 1 3 2.163961e-14 0.000000e+00
56 132 3.284247e-02 1.307482e-02 0 2 1 3 2.160086e-14 0.000000e+00
56 133 3.284247e-02 1.646023e-02 0 2 1 3 2.152923e-14 0.000000e+00
56 134 3.284247e-02 2.072220e-02 0 2 1 3 2.138825e-14 0.000000e+00
56 135 3.284247e-02 2.608770e-02 0 2 1 3 2.108783e-14 0.000000e+00
56 136 3.284247e-02 3.284247e-02 0 2 1 3 2.016949e-14 0.000000e+00
56 137 3.284247e-02 4.134622e-02 0 2 1 3 1.768598e-14 0.000000e+00
56 138 3.284247e-02 5.205181e-02 0 2 1 3 1.443887e-14 0.000000e+00
56 139 3.284247e-02 6.552935e-02 0 2 1 3 1.105692e-14 0.000000e+00
57 120 4.134622e-02 8.249656e-04 0 2 1 3 1.788508e-14 0.000000e+00
57 121 4.134622e-02 1.038570e-03 0 2 1 3 1.788531e-14 0.000000e+00
57 122 4.134622e-02 1.307482e-03 0 2 1 3 1.788533e-14 0.000000e+00
57 123 4.134622e-02 1.646023e-03 0 2 1 3 1.788558e-14 0.000000e+00
57 124 4.134622e-02 2.072220e-03 0 2 1 3 1.788583e-14 0.000000e+00
57 125 4.134622e-02 2.608770e-03 0 2 1 3 1.788623e-14 0.000000e+00
57 126 4.134622e-02 3.284247e-03 0 2 1 3 1.788686e-14 0.000000e+00
57 127 4.134622e-02 4.134622e-03 0 2 1 3 1.788785e-14 0.000000e+00
57 128 4.134622e-02 5.205181e-03 0 2 1 3 1.788938e-14 0.000000e+00
57 129 4.134622e-02 6.552935e-03 0 2 1 3 1.789168e-14 0.000000e+00
57 130 4.134622e-02 8.249656e-03 0 2 1 3 1.789505e-14 0.000000e+00
57 131 4.134622e-02 1.038570e-02 0 2 1 3 1.789968e-14 0.000000e+00
57 132 4.134622e-02 1.307482e-02 0 2 1 3 1.790519e-14 0.000000e+00
57 133 4.134622e-02 1.646023e-02 0 2 1 3 1.790918e-14 0.000000e+00
57 134 4.134622e-02 2.072220e-02 0 2 1 3 1.790286e-14 0.000000e+00
57 135 4.134622e-02 2.608770e-02 0 2 1 3 1.785812e-14 0.000000e+00
57 136 4.134622e-02 3.284247e-02 0 2 1 3 1.768598e-14 0.000000e+00
57 137 4.134622e-02 4.134622e-02 0 2 1 3 1.688563e-14 0.000000e+00
57 138 4.134622e-02 5.205181e-02 0 2 1 3 1.443191e-14 0.000000e+00
57 139 4.134622e-02 6.552935e-02 0 2 1 3 1.125052e-14 0.000000e+00
58 120 5.205181e-02 8.249656e-04 0 2 1 3 1.414127e-14 0.000000e+00
58 121 5.205181e-02 1.038570e-03 0 2 1 3 1.414160e-14 0.000000e+00
58 122 5.205181e-02 1.307482e-03 0 2 1 3 1.414178e-14 0.000000e+00
58 123 5.205181e-02 1.646023e-03 0 2 1 3 1.414227e-14 0.000000e+00
58 124 5.205181e-02 2.072220e-03 0 2 1 3 1.414292e-14 0.000000e+00
58 125 5.205181e-02 2.608770e-03 0 2 1 3 1.414395e-14 0.000000e+00
58 126 5.205181e-02 3.284247e-03 0 2 1 3 1.414558e-14 0.000000e+00
58 127 5.205181e-02 4.134622e-03 0 2 1 3 1.414817e-14 0.000000e+00
58 128 5.205181e-02 5.205181e-03 0 2 1 3 1.415225e-14 0.000000e+00
58 129 5.205181e-02 6.552935e-03 0 2 1 3 1.415868e-14 0.000000e+00
58 130 5.205181e-02 8.249656e-03 0 2 1 3 1.416874e-14 0.000000e+00
58 131 5.205181e-02 1.038570e-02 0 2 1 3 1.418442e-14 0.000000e+00
58 132 5.205181e-02 1.307482e-02 0 2 1 3 1.420852e-14 0.000000e+00
58 133 5.205181e-02 1.646023e-02 0 2 1 3 1.424483e-14 0.000000e+00
58 134 5.205181e-02 2.072220e-02 0 2 1 3 1.429739e-14 0.000000e+00
58 135 5.205181e-02 2.608770e-02 0 2 1 3 1.436713e-14 0.000000e+00
58 136 5.205181e-02 3.284247e-02 0 2 1 3 1.443887e-14 0.000000e+00
58 137 5.205181e-02 4.134622e-02 0 2 1 3 1.443191e-14 0.000000e+00
58 138 5.205181e-02 5.205181e-02 0 2 1 3 1.380025e-14 0.000000e+00
58 139 5.205181e-02 6.552935e-02 0 2 1 3 1.143007e-14 0.000000e+00
59 120 6.552935e-02 8.249656e-04 0 2 1 3 1.063405e-14 0.000000e+00
59 121 6.552935e-02 1.038570e-03 0 2 1 3 1.063438e-14 0.000000e+00
59 122 6.552935e-02 1.307482e-03 0 2 1 3 1.063458e-14 0.000000e+00
59 123 6.552935e-02 1.646023e-03 0 2 1 3 1.063509e-14 0.000000e+00
59 124 6.552935e-02 2.072220e-03 0 2 1 3 1.063577e-14 0.000000e+00
59 125 6.552935e-02 2.608770e-03 0 2 1 3 1.063684e-14 0.000000e+00
59 126 6.552935e-02 3.284247e-03 0 2 1 3 1.063856e-14 0.000000e+00
59 127 6.552935e-02 4.134622e-03 0 2 1 3 1.064127e-14 0.000000e+00
59 128 6.552935e-02 5.205181e-03 0 2 1 3 1.064556e-14 0.000000e+00
59 129 6.552935e-02 6.552935e-03 0 2 1 3 1.065235e-14 0.000000e+00
59 130 6.552935e-02 8.249656e-03 0 2 1 3 1.066309e-14 0.000000e+00
59 131 6.552935e-02 1.038570e-02 0 2 1 3 1.068003e-14 0.000000e+00
59 132 6.552935e-02 1.307482e-02 0 2 1 3 1.070669e-14 0.000000e+00
59 133 6.552935e-02 1.646023e-02 0 2 1 3 1.074843e-14 0.000000e+00
59 134 6.552935e-02 2.072220e-02 0 2 1 3 1.081319e-14 0.000000e+00
59 135 6.552935e-02 2.608770e-02 0 2 1 3 1.091192e-14 0.000000e+00
59 136 6.552935e-02 3.284247e-02 0 2 1 3 1.105692e-14 0.000000e+00
59 137 6.552935e-02 4.134622e-02 0 2 1 3 1.125052e-14 0.000000e+00
59 138 6.552935e-02 5.205181e-02 0 2 1 3 1.143007e-14 0.000000e+00
59 139 6.552935e-02 6.552935e-02 0 2 1 3 1.100678e-14 0.000000e+00
