# Please cite the following papers in research using this covariance:
# arXiv: 1601.05779, https://arxiv.org/abs/1601.05779
# arXiv: 1911.11947, https://arxiv.org/abs/1911.11947
# arXiv: 2004.04833, https://arxiv.org/abs/2004.04833
########################################################
0 120 8.249656e-04 8.249656e-04 0 0 1 3 2.546716e-14 0.000000e+00
0 121 8.249656e-04 1.038570e-03 0 0 1 3 2.524513e-14 0.000000e+00
0 122 8.249656e-04 1.307482e-03 0 0 1 3 2.492314e-14 0.000000e+00
0 123 8.249656e-04 1.646023e-03 0 0 1 3 2.449906e-14 0.000000e+00
0 124 8.249656e-04 2.072220e-03 0 0 1 3 2.397892e-14 0.000000e+00
0 125 8.249656e-04 2.608770e-03 0 0 1 3 2.337456e-14 0.000000e+00
0 126 8.249656e-04 3.284247e-03 0 0 1 3 2.269945e-14 0.000000e+00
0 127 8.249656e-04 4.134622e-03 0 0 1 3 2.196447e-14 0.000000e+00
0 128 8.249656e-04 5.205181e-03 0 0 1 3 2.117416e-14 0.000000e+00
0 129 8.249656e-04 6.552935e-03 0 0 1 3 2.032458e-14 0.000000e+00
0 130 8.249656e-04 8.249656e-03 0 0 1 3 1.940338e-14 0.000000e+00
0 131 8.249656e-04 1.038570e-02 0 0 1 3 1.839185e-14 0.000000e+00
0 132 8.249656e-04 1.307482e-02 0 0 1 3 1.726851e-14 0.000000e+00
0 133 8.249656e-04 1.646023e-02 0 0 1 3 1.601373e-14 0.000000e+00
0 134 8.249656e-04 2.072220e-02 0 0 1 3 1.461486e-14 0.000000e+00
0 135 8.249656e-04 2.608770e-02 0 0 1 3 1.307171e-14 0.000000e+00
0 136 8.249656e-04 3.284247e-02 0 0 1 3 1.140187e-14 0.000000e+00
0 137 8.249656e-04 4.134622e-02 0 0 1 3 9.644566e-15 0.000000e+00
0 138 8.249656e-04 5.205181e-02 0 0 1 3 7.861215e-15 0.000000e+00
0 139 8.249656e-04 6.552935e-02 0 0 1 3 6.130200e-15 0.000000e+00
1 120 1.038570e-03 8.249656e-04 0 0 1 3 2.524513e-14 0.000000e+00
1 121 1.038570e-03 1.038570e-03 0 0 1 3 2.508276e-14 0.000000e+00
1 122 1.038570e-03 1.307482e-03 0 0 1 3 2.481811e-14 0.000000e+00
1 123 1.038570e-03 1.646023e-03 0 0 1 3 2.443637e-14 0.000000e+00
1 124 1.038570e-03 2.072220e-03 0 0 1 3 2.394391e-14 0.000000e+00
1 125 1.038570e-03 2.608770e-03 0 0 1 3 2.335586e-14 0.000000e+00
1 126 1.038570e-03 3.284247e-03 0 0 1 3 2.268941e-14 0.000000e+00
1 127 1.038570e-03 4.134622e-03 0 0 1 3 2.195861e-14 0.000000e+00
1 128 1.038570e-03 5.205181e-03 0 0 1 3 2.117019e-14 0.000000e+00
1 129 1.038570e-03 6.552935e-03 0 0 1 3 2.032156e-14 0.000000e+00
1 130 1.038570e-03 8.249656e-03 0 0 1 3 1.940098e-14 0.000000e+00
1 131 1.038570e-03 1.038570e-02 0 0 1 3 1.838999e-14 0.000000e+00
1 132 1.038570e-03 1.307482e-02 0 0 1 3 1.726715e-14 0.000000e+00
1 133 1.038570e-03 1.646023e-02 0 0 1 3 1.601281e-14 0.000000e+00
1 134 1.038570e-03 2.072220e-02 0 0 1 3 1.461432e-14 0.000000e+00
1 135 1.038570e-03 2.608770e-02 0 0 1 3 1.307145e-14 0.000000e+00
1 136 1.038570e-03 3.284247e-02 0 0 1 3 1.140181e-14 0.000000e+00
1 137 1.038570e-03 4.134622e-02 0 0 1 3 9.644636e-15 0.000000e+00
1 138 1.038570e-03 5.205181e-02 0 0 1 3 7.861352e-15 0.000000e+00
1 139 1.038570e-03 6.552935e-02 0 0 1 3 6.130359e-15 0.000000e+00
2 120 1.307482e-03 8.249656e-04 0 0 1 3 2.492314e-14 0.000000e+00
2 121 1.307482e-03 1.038570e-03 0 0 1 3 2.481811e-14 0.000000e+00
2 122 1.307482e-03 1.307482e-03 0 0 1 3 2.463415e-14 0.000000e+00
2 123 1.307482e-03 1.646023e-03 0 0 1 3 2.432609e-14 0.000000e+00
2 124 1.307482e-03 2.072220e-03 0 0 1 3 2.388298e-14 0.000000e+00
2 125 1.307482e-03 2.608770e-03 0 0 1 3 2.332379e-14 0.000000e+00
2 126 1.307482e-03 3.284247e-03 0 0 1 3 2.267247e-14 0.000000e+00
2 127 1.307482e-03 4.134622e-03 0 0 1 3 2.194883e-14 0.000000e+00
2 128 1.307482e-03 5.205181e-03 0 0 1 3 2.116362e-14 0.000000e+00
2 129 1.307482e-03 6.552935e-03 0 0 1 3 2.031653e-14 0.000000e+00
2 130 1.307482e-03 8.249656e-03 0 0 1 3 1.939696e-14 0.000000e+00
2 131 1.307482e-03 1.038570e-02 0 0 1 3 1.838682e-14 0.000000e+00
2 132 1.307482e-03 1.307482e-02 0 0 1 3 1.726477e-14 0.000000e+00
2 133 1.307482e-03 1.646023e-02 0 0 1 3 1.601114e-14 0.000000e+00
2 134 1.307482e-03 2.072220e-02 0 0 1 3 1.461323e-14 0.000000e+00
2 135 1.307482e-03 2.608770e-02 0 0 1 3 1.307082e-14 0.000000e+00
2 136 1.307482e-03 3.284247e-02 0 0 1 3 1.140150e-14 0.000000e+00
2 137 1.307482e-03 4.134622e-02 0 0 1 3 9.644532e-15 0.000000e+00
2 138 1.307482e-03 5.205181e-02 0 0 1 3 7.861358e-15 0.000000e+00
2 139 1.307482e-03 6.552935e-02 0 0 1 3 6.130408e-15 0.000000e+00
3 120 1.646023e-03 8.249656e-04 0 0 1 3 2.449906e-14 0.000000e+00
3 121 1.646023e-03 1.038570e-03 0 0 1 3 2.443637e-14 0.000000e+00
3 122 1.646023e-03 1.307482e-03 0 0 1 3 2.432609e-14 0.000000e+00
3 123 1.646023e-03 1.646023e-03 0 0 1 3 2.412384e-14 0.000000e+00
3 124 1.646023e-03 2.072220e-03 0 0 1 3 2.377178e-14 0.000000e+00
3 125 1.646023e-03 2.608770e-03 0 0 1 3 2.326687e-14 0.000000e+00
3 126 1.646023e-03 3.284247e-03 0 0 1 3 2.264349e-14 0.000000e+00
3 127 1.646023e-03 4.134622e-03 0 0 1 3 2.193278e-14 0.000000e+00
3 128 1.646023e-03 5.205181e-03 0 0 1 3 2.115317e-14 0.000000e+00
3 129 1.646023e-03 6.552935e-03 0 0 1 3 2.030868e-14 0.000000e+00
3 130 1.646023e-03 8.249656e-03 0 0 1 3 1.939072e-14 0.000000e+00
3 131 1.646023e-03 1.038570e-02 0 0 1 3 1.838193e-14 0.000000e+00
3 132 1.646023e-03 1.307482e-02 0 0 1 3 1.726114e-14 0.000000e+00
3 133 1.646023e-03 1.646023e-02 0 0 1 3 1.600863e-14 0.000000e+00
3 134 1.646023e-03 2.072220e-02 0 0 1 3 1.461166e-14 0.000000e+00
3 135 1.646023e-03 2.608770e-02 0 0 1 3 1.306997e-14 0.000000e+00
3 136 1.646023e-03 3.284247e-02 0 0 1 3 1.140115e-14 0.000000e+00
3 137 1.646023e-03 4.134622e-02 0 0 1 3 9.644505e-15 0.000000e+00
3 138 1.646023e-03 5.205181e-02 0 0 1 3 7.861501e-15 0.000000e+00
3 139 1.646023e-03 6.552935e-02 0 0 1 3 6.130611e-15 0.000000e+00
4 120 2.072220e-03 8.249656e-04 0 0 1 3 2.397892e-14 0.000000e+00
4 121 2.072220e-03 1.038570e-03 0 0 1 3 2.394391e-14 0.000000e+00
4 122 2.072220e-03 1.307482e-03 0 0 1 3 2.388298e-14 0.000000e+00
4 123 2.072220e-03 1.646023e-03 0 0 1 3 2.377178e-14 0.000000e+00
4 124 2.072220e-03 2.072220e-03 0 0 1 3 2.355440e-14 0.000000e+00
4 125 2.072220e-03 2.608770e-03 0 0 1 3 2.315783e-14 0.000000e+00
4 126 2.072220e-03 3.284247e-03 0 0 1 3 2.259076e-14 0.000000e+00
4 127 2.072220e-03 4.134622e-03 0 0 1 3 2.190519e-14 0.000000e+00
4 128 2.072220e-03 5.205181e-03 0 0 1 3 2.113598e-14 0.000000e+00
4 129 2.072220e-03 6.552935e-03 0 0 1 3 2.029603e-14 0.000000e+00
4 130 2.072220e-03 8.249656e-03 0 0 1 3 1.938071e-14 0.000000e+00
4 131 2.072220e-03 1.038570e-02 0 0 1 3 1.837409e-14 0.000000e+00
4 132 2.072220e-03 1.307482e-02 0 0 1 3 1.725529e-14 0.000000e+00
4 133 2.072220e-03 1.646023e-02 0 0 1 3 1.600456e-14 0.000000e+00
4 134 2.072220e-03 2.072220e-02 0 0 1 3 1.460906e-14 0.000000e+00
4 135 2.072220e-03 2.608770e-02 0 0 1 3 1.306851e-14 0.000000e+00
4 136 2.072220e-03 3.284247e-02 0 0 1 3 1.140050e-14 0.000000e+00
4 137 2.072220e-03 4.134622e-02 0 0 1 3 9.644362e-15 0.000000e+00
4 138 2.072220e-03 5.205181e-02 0 0 1 3 7.861630e-15 0.000000e+00
4 139 2.072220e-03 6.552935e-02 0 0 1 3 6.130838e-15 0.000000e+00
5 120 2.608770e-03 8.249656e-04 0 0 1 3 2.337456e-14 0.000000e+00
5 121 2.608770e-03 1.038570e-03 0 0 1 3 2.335586e-14 0.000000e+00
5 122 2.608770e-03 1.307482e-03 0 0 1 3 2.332379e-14 0.000000e+00
5 123 2.608770e-03 1.646023e-03 0 0 1 3 2.326687e-14 0.000000e+00
5 124 2.608770e-03 2.072220e-03 0 0 1 3 2.315783e-14 0.000000e+00
5 125 2.608770e-03 2.608770e-03 0 0 1 3 2.292813e-14 0.000000e+00
5 126 2.608770e-03 3.284247e-03 0 0 1 3 2.248545e-14 0.000000e+00
5 127 2.608770e-03 4.134622e-03 0 0 1 3 2.185504e-14 0.000000e+00
5 128 2.608770e-03 5.205181e-03 0 0 1 3 2.110716e-14 0.000000e+00
5 129 2.608770e-03 6.552935e-03 0 0 1 3 2.027567e-14 0.000000e+00
5 130 2.608770e-03 8.249656e-03 0 0 1 3 1.936481e-14 0.000000e+00
5 131 2.608770e-03 1.038570e-02 0 0 1 3 1.836165e-14 0.000000e+00
5 132 2.608770e-03 1.307482e-02 0 0 1 3 1.724601e-14 0.000000e+00
5 133 2.608770e-03 1.646023e-02 0 0 1 3 1.599810e-14 0.000000e+00
5 134 2.608770e-03 2.072220e-02 0 0 1 3 1.460495e-14 0.000000e+00
5 135 2.608770e-03 2.608770e-02 0 0 1 3 1.306621e-14 0.000000e+00
5 136 2.608770e-03 3.284247e-02 0 0 1 3 1.139948e-14 0.000000e+00
5 137 2.608770e-03 4.134622e-02 0 0 1 3 9.644147e-15 0.000000e+00
5 138 2.608770e-03 5.205181e-02 0 0 1 3 7.861846e-15 0.000000e+00
5 139 2.608770e-03 6.552935e-02 0 0 1 3 6.131211e-15 0.000000e+00
6 120 3.284247e-03 8.249656e-04 0 0 1 3 2.269945e-14 0.000000e+00
6 121 3.284247e-03 1.038570e-03 0 0 1 3 2.268941e-14 0.000000e+00
6 122 3.284247e-03 1.307482e-03 0 0 1 3 2.267247e-14 0.000000e+00
6 123 3.284247e-03 1.646023e-03 0 0 1 3 2.264349e-14 0.000000e+00
6 124 3.284247e-03 2.072220e-03 0 0 1 3 2.259076e-14 0.000000e+00
6 125 3.284247e-03 2.608770e-03 0 0 1 3 2.248545e-14 0.000000e+00
6 126 3.284247e-03 3.284247e-03 0 0 1 3 2.224460e-14 0.000000e+00
6 127 3.284247e-03 4.134622e-03 0 0 1 3 2.175252e-14 0.000000e+00
6 128 3.284247e-03 5.205181e-03 0 0 1 3 2.105606e-14 0.000000e+00
6 129 3.284247e-03 6.552935e-03 0 0 1 3 2.024238e-14 0.000000e+00
6 130 3.284247e-03 8.249656e-03 0 0 1 3 1.933946e-14 0.000000e+00
6 131 3.284247e-03 1.038570e-02 0 0 1 3 1.834191e-14 0.000000e+00
6 132 3.284247e-03 1.307482e-02 0 0 1 3 1.723128e-14 0.000000e+00
6 133 3.284247e-03 1.646023e-02 0 0 1 3 1.598784e-14 0.000000e+00
6 134 3.284247e-03 2.072220e-02 0 0 1 3 1.459842e-14 0.000000e+00
6 135 3.284247e-03 2.608770e-02 0 0 1 3 1.306255e-14 0.000000e+00
6 136 3.284247e-03 3.284247e-02 0 0 1 3 1.139785e-14 0.000000e+00
6 137 3.284247e-03 4.134622e-02 0 0 1 3 9.643804e-15 0.000000e+00
6 138 3.284247e-03 5.205181e-02 0 0 1 3 7.862189e-15 0.000000e+00
6 139 3.284247e-03 6.552935e-02 0 0 1 3 6.131801e-15 0.000000e+00
7 120 4.134622e-03 8.249656e-04 0 0 1 3 2.196447e-14 0.000000e+00
7 121 4.134622e-03 1.038570e-03 0 0 1 3 2.195861e-14 0.000000e+00
7 122 4.134622e-03 1.307482e-03 0 0 1 3 2.194883e-14 0.000000e+00
7 123 4.134622e-03 1.646023e-03 0 0 1 3 2.193278e-14 0.000000e+00
7 124 4.134622e-03 2.072220e-03 0 0 1 3 2.190519e-14 0.000000e+00
7 125 4.134622e-03 2.608770e-03 0 0 1 3 2.185504e-14 0.000000e+00
7 126 4.134622e-03 3.284247e-03 0 0 1 3 2.175252e-14 0.000000e+00
7 127 4.134622e-03 4.134622e-03 0 0 1 3 2.149951e-14 0.000000e+00
7 128 4.134622e-03 5.205181e-03 0 0 1 3 2.095285e-14 0.000000e+00
7 129 4.134622e-03 6.552935e-03 0 0 1 3 2.018565e-14 0.000000e+00
7 130 4.134622e-03 8.249656e-03 0 0 1 3 1.929873e-14 0.000000e+00
7 131 4.134622e-03 1.038570e-02 0 0 1 3 1.831054e-14 0.000000e+00
7 132 4.134622e-03 1.307482e-02 0 0 1 3 1.720787e-14 0.000000e+00
7 133 4.134622e-03 1.646023e-02 0 0 1 3 1.597153e-14 0.000000e+00
7 134 4.134622e-03 2.072220e-02 0 0 1 3 1.458803e-14 0.000000e+00
7 135 4.134622e-03 2.608770e-02 0 0 1 3 1.305673e-14 0.000000e+00
7 136 4.134622e-03 3.284247e-02 0 0 1 3 1.139526e-14 0.000000e+00
7 137 4.134622e-03 4.134622e-02 0 0 1 3 9.643254e-15 0.000000e+00
7 138 4.134622e-03 5.205181e-02 0 0 1 3 7.862729e-15 0.000000e+00
7 139 4.134622e-03 6.552935e-02 0 0 1 3 6.132736e-15 0.000000e+00
8 120 5.205181e-03 8.249656e-04 0 0 1 3 2.117416e-14 0.000000e+00
8 121 5.205181e-03 1.038570e-03 0 0 1 3 2.117019e-14 0.000000e+00
8 122 5.205181e-03 1.307482e-03 0 0 1 3 2.116362e-14 0.000000e+00
8 123 5.205181e-03 1.646023e-03 0 0 1 3 2.115317e-14 0.000000e+00
8 124 5.205181e-03 2.072220e-03 0 0 1 3 2.113598e-14 0.000000e+00
8 125 5.205181e-03 2.608770e-03 0 0 1 3 2.110716e-14 0.000000e+00
8 126 5.205181e-03 3.284247e-03 0 0 1 3 2.105606e-14 0.000000e+00
8 127 5.205181e-03 4.134622e-03 0 0 1 3 2.095285e-14 0.000000e+00
8 128 5.205181e-03 5.205181e-03 0 0 1 3 2.068433e-14 0.000000e+00
8 129 5.205181e-03 6.552935e-03 0 0 1 3 2.007628e-14 0.000000e+00
8 130 5.205181e-03 8.249656e-03 0 0 1 3 1.923166e-14 0.000000e+00
8 131 5.205181e-03 1.038570e-02 0 0 1 3 1.826050e-14 0.000000e+00
8 132 5.205181e-03 1.307482e-02 0 0 1 3 1.717063e-14 0.000000e+00
8 133 5.205181e-03 1.646023e-02 0 0 1 3 1.594554e-14 0.000000e+00
8 134 5.205181e-03 2.072220e-02 0 0 1 3 1.457146e-14 0.000000e+00
8 135 5.205181e-03 2.608770e-02 0 0 1 3 1.304744e-14 0.000000e+00
8 136 5.205181e-03 3.284247e-02 0 0 1 3 1.139112e-14 0.000000e+00
8 137 5.205181e-03 4.134622e-02 0 0 1 3 9.642365e-15 0.000000e+00
8 138 5.205181e-03 5.205181e-02 0 0 1 3 7.863578e-15 0.000000e+00
8 139 5.205181e-03 6.552935e-02 0 0 1 3 6.134216e-15 0.000000e+00
9 120 6.552935e-03 8.249656e-04 0 0 1 3 2.032458e-14 0.000000e+00
9 121 6.552935e-03 1.038570e-03 0 0 1 3 2.032156e-14 0.000000e+00
9 122 6.552935e-03 1.307482e-03 0 0 1 3 2.031653e-14 0.000000e+00
9 123 6.552935e-03 1.646023e-03 0 0 1 3 2.030868e-14 0.000000e+00
9 124 6.552935e-03 2.072220e-03 0 0 1 3 2.029603e-14 0.000000e+00
9 125 6.552935e-03 2.608770e-03 0 0 1 3 2.027567e-14 0.000000e+00
9 126 6.552935e-03 3.284247e-03 0 0 1 3 2.024238e-14 0.000000e+00
9 127 6.552935e-03 4.134622e-03 0 0 1 3 2.018565e-14 0.000000e+00
9 128 6.552935e-03 5.205181e-03 0 0 1 3 2.007628e-14 0.000000e+00
9 129 6.552935e-03 6.552935e-03 0 0 1 3 1.978700e-14 0.000000e+00
9 130 6.552935e-03 8.249656e-03 0 0 1 3 1.910986e-14 0.000000e+00
9 131 6.552935e-03 1.038570e-02 0 0 1 3 1.817968e-14 0.000000e+00
9 132 6.552935e-03 1.307482e-02 0 0 1 3 1.711119e-14 0.000000e+00
9 133 6.552935e-03 1.646023e-02 0 0 1 3 1.590401e-14 0.000000e+00
9 134 6.552935e-03 2.072220e-02 0 0 1 3 1.454495e-14 0.000000e+00
9 135 6.552935e-03 2.608770e-02 0 0 1 3 1.303256e-14 0.000000e+00
9 136 6.552935e-03 3.284247e-02 0 0 1 3 1.138446e-14 0.000000e+00
9 137 6.552935e-03 4.134622e-02 0 0 1 3 9.640911e-15 0.000000e+00
9 138 6.552935e-03 5.205181e-02 0 0 1 3 7.864901e-15 0.000000e+00
9 139 6.552935e-03 6.552935e-02 0 0 1 3 6.136551e-15 0.000000e+00
10 120 8.249656e-03 8.249656e-04 0 0 1 3 1.940338e-14 0.000000e+00
10 121 8.249656e-03 1.038570e-03 0 0 1 3 1.940098e-14 0.000000e+00
10 122 8.249656e-03 1.307482e-03 0 0 1 3 1.939696e-14 0.000000e+00
10 123 8.249656e-03 1.646023e-03 0 0 1 3 1.939072e-14 0.000000e+00
10 124 8.249656e-03 2.072220e-03 0 0 1 3 1.938071e-14 0.000000e+00
10 125 8.249656e-03 2.608770e-03 0 0 1 3 1.936481e-14 0.000000e+00
10 126 8.249656e-03 3.284247e-03 0 0 1 3 1.933946e-14 0.000000e+00
10 127 8.249656e-03 4.134622e-03 0 0 1 3 1.929873e-14 0.000000e+00
10 128 8.249656e-03 5.205181e-03 0 0 1 3 1.923166e-14 0.000000e+00
10 129 8.249656e-03 6.552935e-03 0 0 1 3 1.910986e-14 0.000000e+00
10 130 8.249656e-03 8.249656e-03 0 0 1 3 1.879363e-14 0.000000e+00
10 131 8.249656e-03 1.038570e-02 0 0 1 3 1.803997e-14 0.000000e+00
10 132 8.249656e-03 1.307482e-02 0 0 1 3 1.701566e-14 0.000000e+00
10 133 8.249656e-03 1.646023e-02 0 0 1 3 1.583735e-14 0.000000e+00
10 134 8.249656e-03 2.072220e-02 0 0 1 3 1.450231e-14 0.000000e+00
10 135 8.249656e-03 2.608770e-02 0 0 1 3 1.300858e-14 0.000000e+00
10 136 8.249656e-03 3.284247e-02 0 0 1 3 1.137369e-14 0.000000e+00
10 137 8.249656e-03 4.134622e-02 0 0 1 3 9.638493e-15 0.000000e+00
10 138 8.249656e-03 5.205181e-02 0 0 1 3 7.866945e-15 0.000000e+00
10 139 8.249656e-03 6.552935e-02 0 0 1 3 6.140230e-15 0.000000e+00
11 120 1.038570e-02 8.249656e-04 0 0 1 3 1.839185e-14 0.000000e+00
11 121 1.038570e-02 1.038570e-03 0 0 1 3 1.838999e-14 0.000000e+00
11 122 1.038570e-02 1.307482e-03 0 0 1 3 1.838682e-14 0.000000e+00
11 123 1.038570e-02 1.646023e-03 0 0 1 3 1.838193e-14 0.000000e+00
11 124 1.038570e-02 2.072220e-03 0 0 1 3 1.837409e-14 0.000000e+00
11 125 1.038570e-02 2.608770e-03 0 0 1 3 1.836165e-14 0.000000e+00
11 126 1.038570e-02 3.284247e-03 0 0 1 3 1.834191e-14 0.000000e+00
11 127 1.038570e-02 4.134622e-03 0 0 1 3 1.831054e-14 0.000000e+00
11 128 1.038570e-02 5.205181e-03 0 0 1 3 1.826050e-14 0.000000e+00
11 129 1.038570e-02 6.552935e-03 0 0 1 3 1.817968e-14 0.000000e+00
11 130 1.038570e-02 8.249656e-03 0 0 1 3 1.803997e-14 0.000000e+00
11 131 1.038570e-02 1.038570e-02 0 0 1 3 1.769112e-14 0.000000e+00
11 132 1.038570e-02 1.307482e-02 0 0 1 3 1.685518e-14 0.000000e+00
11 133 1.038570e-02 1.646023e-02 0 0 1 3 1.572955e-14 0.000000e+00
11 134 1.038570e-02 2.072220e-02 0 0 1 3 1.443314e-14 0.000000e+00
11 135 1.038570e-02 2.608770e-02 0 0 1 3 1.296956e-14 0.000000e+00
11 136 1.038570e-02 3.284247e-02 0 0 1 3 1.135605e-14 0.000000e+00
11 137 1.038570e-02 4.134622e-02 0 0 1 3 9.634372e-15 0.000000e+00
11 138 1.038570e-02 5.205181e-02 0 0 1 3 7.870054e-15 0.000000e+00
11 139 1.038570e-02 6.552935e-02 0 0 1 3 6.146009e-15 0.000000e+00
12 120 1.307482e-02 8.249656e-04 0 0 1 3 1.726851e-14 0.000000e+00
12 121 1.307482e-02 1.038570e-03 0 0 1 3 1.726715e-14 0.000000e+00
12 122 1.307482e-02 1.307482e-03 0 0 1 3 1.726477e-14 0.000000e+00
12 123 1.307482e-02 1.646023e-03 0 0 1 3 1.726114e-14 0.000000e+00
12 124 1.307482e-02 2.072220e-03 0 0 1 3 1.725529e-14 0.000000e+00
12 125 1.307482e-02 2.608770e-03 0 0 1 3 1.724601e-14 0.000000e+00
12 126 1.307482e-02 3.284247e-03 0 0 1 3 1.723128e-14 0.000000e+00
12 127 1.307482e-02 4.134622e-03 0 0 1 3 1.720787e-14 0.000000e+00
12 128 1.307482e-02 5.205181e-03 0 0 1 3 1.717063e-14 0.000000e+00
12 129 1.307482e-02 6.552935e-03 0 0 1 3 1.711119e-14 0.000000e+00
12 130 1.307482e-02 8.249656e-03 0 0 1 3 1.701566e-14 0.000000e+00
12 131 1.307482e-02 1.038570e-02 0 0 1 3 1.685518e-14 0.000000e+00
12 132 1.307482e-02 1.307482e-02 0 0 1 3 1.647039e-14 0.000000e+00
12 133 1.307482e-02 1.646023e-02 0 0 1 3 1.554982e-14 0.000000e+00
12 134 1.307482e-02 2.072220e-02 0 0 1 3 1.431956e-14 0.000000e+00
12 135 1.307482e-02 2.608770e-02 0 0 1 3 1.290512e-14 0.000000e+00
12 136 1.307482e-02 3.284247e-02 0 0 1 3 1.132663e-14 0.000000e+00
12 137 1.307482e-02 4.134622e-02 0 0 1 3 9.627105e-15 0.000000e+00
12 138 1.307482e-02 5.205181e-02 0 0 1 3 7.874643e-15 0.000000e+00
12 139 1.307482e-02 6.552935e-02 0 0 1 3 6.155031e-15 0.000000e+00
13 120 1.646023e-02 8.249656e-04 0 0 1 3 1.601373e-14 0.000000e+00
13 121 1.646023e-02 1.038570e-03 0 0 1 3 1.601281e-14 0.000000e+00
13 122 1.646023e-02 1.307482e-03 0 0 1 3 1.601114e-14 0.000000e+00
13 123 1.646023e-02 1.646023e-03 0 0 1 3 1.600863e-14 0.000000e+00
13 124 1.646023e-02 2.072220e-03 0 0 1 3 1.600456e-14 0.000000e+00
13 125 1.646023e-02 2.608770e-03 0 0 1 3 1.599810e-14 0.000000e+00
13 126 1.646023e-02 3.284247e-03 0 0 1 3 1.598784e-14 0.000000e+00
13 127 1.646023e-02 4.134622e-03 0 0 1 3 1.597153e-14 0.000000e+00
13 128 1.646023e-02 5.205181e-03 0 0 1 3 1.594554e-14 0.000000e+00
13 129 1.646023e-02 6.552935e-03 0 0 1 3 1.590401e-14 0.000000e+00
13 130 1.646023e-02 8.249656e-03 0 0 1 3 1.583735e-14 0.000000e+00
13 131 1.646023e-02 1.038570e-02 0 0 1 3 1.572955e-14 0.000000e+00
13 132 1.646023e-02 1.307482e-02 0 0 1 3 1.554982e-14 0.000000e+00
13 133 1.646023e-02 1.646023e-02 0 0 1 3 1.513016e-14 0.000000e+00
13 134 1.646023e-02 2.072220e-02 0 0 1 3 1.412783e-14 0.000000e+00
13 135 1.646023e-02 2.608770e-02 0 0 1 3 1.279640e-14 0.000000e+00
13 136 1.646023e-02 3.284247e-02 0 0 1 3 1.127622e-14 0.000000e+00
13 137 1.646023e-02 4.134622e-02 0 0 1 3 9.613680e-15 0.000000e+00
13 138 1.646023e-02 5.205181e-02 0 0 1 3 7.881049e-15 0.000000e+00
13 139 1.646023e-02 6.552935e-02 0 0 1 3 6.168984e-15 0.000000e+00
14 120 2.072220e-02 8.249656e-04 0 0 1 3 1.461486e-14 0.000000e+00
14 121 2.072220e-02 1.038570e-03 0 0 1 3 1.461432e-14 0.000000e+00
14 122 2.072220e-02 1.307482e-03 0 0 1 3 1.461323e-14 0.000000e+00
14 123 2.072220e-02 1.646023e-03 0 0 1 3 1.461166e-14 0.000000e+00
14 124 2.072220e-02 2.072220e-03 0 0 1 3 1.460906e-14 0.000000e+00
14 125 2.072220e-02 2.608770e-03 0 0 1 3 1.460495e-14 0.000000e+00
14 126 2.072220e-02 3.284247e-03 0 0 1 3 1.459842e-14 0.000000e+00
14 127 2.072220e-02 4.134622e-03 0 0 1 3 1.458803e-14 0.000000e+00
14 128 2.072220e-02 5.205181e-03 0 0 1 3 1.457146e-14 0.000000e+00
14 129 2.072220e-02 6.552935e-03 0 0 1 3 1.454495e-14 0.000000e+00
14 130 2.072220e-02 8.249656e-03 0 0 1 3 1.450231e-14 0.000000e+00
14 131 2.072220e-02 1.038570e-02 0 0 1 3 1.443314e-14 0.000000e+00
14 132 2.072220e-02 1.307482e-02 0 0 1 3 1.431956e-14 0.000000e+00
14 133 2.072220e-02 1.646023e-02 0 0 1 3 1.412783e-14 0.000000e+00
14 134 2.072220e-02 2.072220e-02 0 0 1 3 1.368069e-14 0.000000e+00
14 135 2.072220e-02 2.608770e-02 0 0 1 3 1.260630e-14 0.000000e+00
14 136 2.072220e-02 3.284247e-02 0 0 1 3 1.118642e-14 0.000000e+00
14 137 2.072220e-02 4.134622e-02 0 0 1 3 9.587391e-15 0.000000e+00
14 138 2.072220e-02 5.205181e-02 0 0 1 3 7.888934e-15 0.000000e+00
14 139 2.072220e-02 6.552935e-02 0 0 1 3 6.190201e-15 0.000000e+00
15 120 2.608770e-02 8.249656e-04 0 0 1 3 1.307171e-14 0.000000e+00
15 121 2.608770e-02 1.038570e-03 0 0 1 3 1.307145e-14 0.000000e+00
15 122 2.608770e-02 1.307482e-03 0 0 1 3 1.307082e-14 0.000000e+00
15 123 2.608770e-02 1.646023e-03 0 0 1 3 1.306997e-14 0.000000e+00
15 124 2.608770e-02 2.072220e-03 0 0 1 3 1.306851e-14 0.000000e+00
15 125 2.608770e-02 2.608770e-03 0 0 1 3 1.306621e-14 0.000000e+00
15 126 2.608770e-02 3.284247e-03 0 0 1 3 1.306255e-14 0.000000e+00
15 127 2.608770e-02 4.134622e-03 0 0 1 3 1.305673e-14 0.000000e+00
15 128 2.608770e-02 5.205181e-03 0 0 1 3 1.304744e-14 0.000000e+00
15 129 2.608770e-02 6.552935e-03 0 0 1 3 1.303256e-14 0.000000e+00
15 130 2.608770e-02 8.249656e-03 0 0 1 3 1.300858e-14 0.000000e+00
15 131 2.608770e-02 1.038570e-02 0 0 1 3 1.296956e-14 0.000000e+00
15 132 2.608770e-02 1.307482e-02 0 0 1 3 1.290512e-14 0.000000e+00
15 133 2.608770e-02 1.646023e-02 0 0 1 3 1.279640e-14 0.000000e+00
15 134 2.608770e-02 2.072220e-02 0 0 1 3 1.260630e-14 0.000000e+00
15 135 2.608770e-02 2.608770e-02 0 0 1 3 1.214652e-14 0.000000e+00
15 136 2.608770e-02 3.284247e-02 0 0 1 3 1.101736e-14 0.000000e+00
15 137 2.608770e-02 4.134622e-02 0 0 1 3 9.532219e-15 0.000000e+00
15 138 2.608770e-02 5.205181e-02 0 0 1 3 7.895371e-15 0.000000e+00
15 139 2.608770e-02 6.552935e-02 0 0 1 3 6.221462e-15 0.000000e+00
16 120 3.284247e-02 8.249656e-04 0 0 1 3 1.140187e-14 0.000000e+00
16 121 3.284247e-02 1.038570e-03 0 0 1 3 1.140181e-14 0.000000e+00
16 122 3.284247e-02 1.307482e-03 0 0 1 3 1.140150e-14 0.000000e+00
16 123 3.284247e-02 1.646023e-03 0 0 1 3 1.140115e-14 0.000000e+00
16 124 3.284247e-02 2.072220e-03 0 0 1 3 1.140050e-14 0.000000e+00
16 125 3.284247e-02 2.608770e-03 0 0 1 3 1.139948e-14 0.000000e+00
16 126 3.284247e-02 3.284247e-03 0 0 1 3 1.139785e-14 0.000000e+00
16 127 3.284247e-02 4.134622e-03 0 0 1 3 1.139526e-14 0.000000e+00
16 128 3.284247e-02 5.205181e-03 0 0 1 3 1.139112e-14 0.000000e+00
16 129 3.284247e-02 6.552935e-03 0 0 1 3 1.138446e-14 0.000000e+00
16 130 3.284247e-02 8.249656e-03 0 0 1 3 1.137369e-14 0.000000e+00
16 131 3.284247e-02 1.038570e-02 0 0 1 3 1.135605e-14 0.000000e+00
16 132 3.284247e-02 1.307482e-02 0 0 1 3 1.132663e-14 0.000000e+00
16 133 3.284247e-02 1.646023e-02 0 0 1 3 1.127622e-14 0.000000e+00
16 134 3.284247e-02 2.072220e-02 0 0 1 3 1.118642e-14 0.000000e+00
16 135 3.284247e-02 2.608770e-02 0 0 1 3 1.101736e-14 0.000000e+00
16 136 3.284247e-02 3.284247e-02 0 0 1 3 1.056695e-14 0.000000e+00
16 137 3.284247e-02 4.134622e-02 0 0 1 3 9.406989e-15 0.000000e+00
16 138 3.284247e-02 5.205181e-02 0 0 1 3 7.888768e-15 0.000000e+00
16 139 3.284247e-02 6.552935e-02 0 0 1 3 6.264572e-15 0.000000e+00
17 120 4.134622e-02 8.249656e-04 0 0 1 3 9.644566e-15 0.000000e+00
17 121 4.134622e-02 1.038570e-03 0 0 1 3 9.644636e-15 0.000000e+00
17 122 4.134622e-02 1.307482e-03 0 0 1 3 9.644532e-15 0.000000e+00
17 123 4.134622e-02 1.646023e-03 0 0 1 3 9.644505e-15 0.000000e+00
17 124 4.134622e-02 2.072220e-03 0 0 1 3 9.644362e-15 0.000000e+00
17 125 4.134622e-02 2.608770e-03 0 0 1 3 9.644147e-15 0.000000e+00
17 126 4.134622e-02 3.284247e-03 0 0 1 3 9.643804e-15 0.000000e+00
17 127 4.134622e-02 4.134622e-03 0 0 1 3 9.643254e-15 0.000000e+00
17 128 4.134622e-02 5.205181e-03 0 0 1 3 9.642365e-15 0.000000e+00
17 129 4.134622e-02 6.552935e-03 0 0 1 3 9.640911e-15 0.000000e+00
17 130 4.134622e-02 8.249656e-03 0 0 1 3 9.638493e-15 0.000000e+00
17 131 4.134622e-02 1.038570e-02 0 0 1 3 9.634372e-15 0.000000e+00
17 132 4.134622e-02 1.307482e-02 0 0 1 3 9.627105e-15 0.000000e+00
17 133 4.134622e-02 1.646023e-02 0 0 1 3 9.613680e-15 0.000000e+00
17 134 4.134622e-02 2.072220e-02 0 0 1 3 9.587391e-15 0.000000e+00
17 135 4.134622e-02 2.608770e-02 0 0 1 3 9.532219e-15 0.000000e+00
17 136 4.134622e-02 3.284247e-02 0 0 1 3 9.406989e-15 0.000000e+00
17 137 4.134622e-02 4.134622e-02 0 0 1 3 8.992545e-15 0.000000e+00
17 138 4.134622e-02 5.205181e-02 0 0 1 3 7.828962e-15 0.000000e+00
17 139 4.134622e-02 6.552935e-02 0 0 1 3 6.314407e-15 0.000000e+00
18 120 5.205181e-02 8.249656e-04 0 0 1 3 7.861215e-15 0.000000e+00
18 121 5.205181e-02 1.038570e-03 0 0 1 3 7.861352e-15 0.000000e+00
18 122 5.205181e-02 1.307482e-03 0 0 1 3 7.861358e-15 0.000000e+00
18 123 5.205181e-02 1.646023e-03 0 0 1 3 7.861501e-15 0.000000e+00
18 124 5.205181e-02 2.072220e-03 0 0 1 3 7.861630e-15 0.000000e+00
18 125 5.205181e-02 2.608770e-03 0 0 1 3 7.861846e-15 0.000000e+00
18 126 5.205181e-02 3.284247e-03 0 0 1 3 7.862189e-15 0.000000e+00
18 127 5.205181e-02 4.134622e-03 0 0 1 3 7.862729e-15 0.000000e+00
18 128 5.205181e-02 5.205181e-03 0 0 1 3 7.863578e-15 0.000000e+00
18 129 5.205181e-02 6.552935e-03 0 0 1 3 7.864901e-15 0.000000e+00
18 130 5.205181e-02 8.249656e-03 0 0 1 3 7.866945e-15 0.000000e+00
18 131 5.205181e-02 1.038570e-02 0 0 1 3 7.870054e-15 0.000000e+00
18 132 5.205181e-02 1.307482e-02 0 0 1 3 7.874643e-15 0.000000e+00
18 133 5.205181e-02 1.646023e-02 0 0 1 3 7.881049e-15 0.000000e+00
18 134 5.205181e-02 2.072220e-02 0 0 1 3 7.888934e-15 0.000000e+00
18 135 5.205181e-02 2.608770e-02 0 0 1 3 7.895371e-15 0.000000e+00
18 136 5.205181e-02 3.284247e-02 0 0 1 3 7.888768e-15 0.000000e+00
18 137 5.205181e-02 4.134622e-02 0 0 1 3 7.828962e-15 0.000000e+00
18 138 5.205181e-02 5.205181e-02 0 0 1 3 7.476658e-15 0.000000e+00
18 139 5.205181e-02 6.552935e-02 0 0 1 3 6.335363e-15 0.000000e+00
19 120 6.552935e-02 8.249656e-04 0 0 1 3 6.130200e-15 0.000000e+00
19 121 6.552935e-02 1.038570e-03 0 0 1 3 6.130359e-15 0.000000e+00
19 122 6.552935e-02 1.307482e-03 0 0 1 3 6.130408e-15 0.000000e+00
19 123 6.552935e-02 1.646023e-03 0 0 1 3 6.130611e-15 0.000000e+00
19 124 6.552935e-02 2.072220e-03 0 0 1 3 6.130838e-15 0.000000e+00
19 125 6.552935e-02 2.608770e-03 0 0 1 3 6.131211e-15 0.000000e+00
19 126 6.552935e-02 3.284247e-03 0 0 1 3 6.131801e-15 0.000000e+00
19 127 6.552935e-02 4.134622e-03 0 0 1 3 6.132736e-15 0.000000e+00
19 128 6.552935e-02 5.205181e-03 0 0 1 3 6.134216e-15 0.000000e+00
19 129 6.552935e-02 6.552935e-03 0 0 1 3 6.136551e-15 0.000000e+00
19 130 6.552935e-02 8.249656e-03 0 0 1 3 6.140230e-15 0.000000e+00
19 131 6.552935e-02 1.038570e-02 0 0 1 3 6.146009e-15 0.000000e+00
19 132 6.552935e-02 1.307482e-02 0 0 1 3 6.155031e-15 0.000000e+00
19 133 6.552935e-02 1.646023e-02 0 0 1 3 6.168984e-15 0.000000e+00
19 134 6.552935e-02 2.072220e-02 0 0 1 3 6.190201e-15 0.000000e+00
19 135 6.552935e-02 2.608770e-02 0 0 1 3 6.221462e-15 0.000000e+00
19 136 6.552935e-02 3.284247e-02 0 0 1 3 6.264572e-15 0.000000e+00
19 137 6.552935e-02 4.134622e-02 0 0 1 3 6.314407e-15 0.000000e+00
19 138 6.552935e-02 5.205181e-02 0 0 1 3 6.335363e-15 0.000000e+00
19 139 6.552935e-02 6.552935e-02 0 0 1 3 6.067016e-15 0.000000e+00
