# Please cite the following papers in research using this covariance:
# arXiv: 1601.05779, https://arxiv.org/abs/1601.05779
# arXiv: 1911.11947, https://arxiv.org/abs/1911.11947
# arXiv: 2004.04833, https://arxiv.org/abs/2004.04833
########################################################
100 100 8.249656e-04 8.249656e-04 1 2 1 2 2.449362e-11 0.000000e+00
100 101 8.249656e-04 1.038570e-03 1 2 1 2 2.906378e-13 0.000000e+00
100 102 8.249656e-04 1.307482e-03 1 2 1 2 2.445723e-13 0.000000e+00
100 103 8.249656e-04 1.646023e-03 1 2 1 2 2.067349e-13 0.000000e+00
100 104 8.249656e-04 2.072220e-03 1 2 1 2 1.765632e-13 0.000000e+00
100 105 8.249656e-04 2.608770e-03 1 2 1 2 1.526607e-13 0.000000e+00
100 106 8.249656e-04 3.284247e-03 1 2 1 2 1.335950e-13 0.000000e+00
100 107 8.249656e-04 4.134622e-03 1 2 1 2 1.181048e-13 0.000000e+00
100 108 8.249656e-04 5.205181e-03 1 2 1 2 1.051594e-13 0.000000e+00
100 109 8.249656e-04 6.552935e-03 1 2 1 2 9.396105e-14 0.000000e+00
100 110 8.249656e-04 8.249656e-03 1 2 1 2 8.392282e-14 0.000000e+00
100 111 8.249656e-04 1.038570e-02 1 2 1 2 7.463653e-14 0.000000e+00
100 112 8.249656e-04 1.307482e-02 1 2 1 2 6.583844e-14 0.000000e+00
100 113 8.249656e-04 1.646023e-02 1 2 1 2 5.737785e-14 0.000000e+00
100 114 8.249656e-04 2.072220e-02 1 2 1 2 4.919428e-14 0.000000e+00
100 115 8.249656e-04 2.608770e-02 1 2 1 2 4.130056e-14 0.000000e+00
100 116 8.249656e-04 3.284247e-02 1 2 1 2 3.377298e-14 0.000000e+00
100 117 8.249656e-04 4.134622e-02 1 2 1 2 2.674004e-14 0.000000e+00
100 118 8.249656e-04 5.205181e-02 1 2 1 2 2.036602e-14 0.000000e+00
100 119 8.249656e-04 6.552935e-02 1 2 1 2 1.480147e-14 0.000000e+00
101 100 1.038570e-03 8.249656e-04 1 2 1 2 2.906378e-13 0.000000e+00
101 101 1.038570e-03 1.038570e-03 1 2 1 2 1.553634e-11 0.000000e+00
101 102 1.038570e-03 1.307482e-03 1 2 1 2 2.530903e-13 0.000000e+00
101 103 1.038570e-03 1.646023e-03 1 2 1 2 2.116651e-13 0.000000e+00
101 104 1.038570e-03 2.072220e-03 1 2 1 2 1.791445e-13 0.000000e+00
101 105 1.038570e-03 2.608770e-03 1 2 1 2 1.539398e-13 0.000000e+00
101 106 1.038570e-03 3.284247e-03 1 2 1 2 1.342012e-13 0.000000e+00
101 107 1.038570e-03 4.134622e-03 1 2 1 2 1.183806e-13 0.000000e+00
101 108 1.038570e-03 5.205181e-03 1 2 1 2 1.052801e-13 0.000000e+00
101 109 1.038570e-03 6.552935e-03 1 2 1 2 9.401206e-14 0.000000e+00
101 110 1.038570e-03 8.249656e-03 1 2 1 2 8.394388e-14 0.000000e+00
101 111 1.038570e-03 1.038570e-02 1 2 1 2 7.464537e-14 0.000000e+00
101 112 1.038570e-03 1.307482e-02 1 2 1 2 6.584240e-14 0.000000e+00
101 113 1.038570e-03 1.646023e-02 1 2 1 2 5.738001e-14 0.000000e+00
101 114 1.038570e-03 2.072220e-02 1 2 1 2 4.919578e-14 0.000000e+00
101 115 1.038570e-03 2.608770e-02 1 2 1 2 4.130178e-14 0.000000e+00
101 116 1.038570e-03 3.284247e-02 1 2 1 2 3.377407e-14 0.000000e+00
101 117 1.038570e-03 4.134622e-02 1 2 1 2 2.674103e-14 0.000000e+00
101 118 1.038570e-03 5.205181e-02 1 2 1 2 2.036681e-14 0.000000e+00
101 119 1.038570e-03 6.552935e-02 1 2 1 2 1.480208e-14 0.000000e+00
102 100 1.307482e-03 8.249656e-04 1 2 1 2 2.445723e-13 0.000000e+00
102 101 1.307482e-03 1.038570e-03 1 2 1 2 2.530903e-13 0.000000e+00
102 102 1.307482e-03 1.307482e-03 1 2 1 2 9.874514e-12 0.000000e+00
102 103 1.307482e-03 1.646023e-03 1 2 1 2 2.204291e-13 0.000000e+00
102 104 1.307482e-03 2.072220e-03 1 2 1 2 1.837122e-13 0.000000e+00
102 105 1.307482e-03 2.608770e-03 1 2 1 2 1.561459e-13 0.000000e+00
102 106 1.307482e-03 3.284247e-03 1 2 1 2 1.352230e-13 0.000000e+00
102 107 1.307482e-03 4.134622e-03 1 2 1 2 1.188371e-13 0.000000e+00
102 108 1.307482e-03 5.205181e-03 1 2 1 2 1.054771e-13 0.000000e+00
102 109 1.307482e-03 6.552935e-03 1 2 1 2 9.409426e-14 0.000000e+00
102 110 1.307482e-03 8.249656e-03 1 2 1 2 8.397732e-14 0.000000e+00
102 111 1.307482e-03 1.038570e-02 1 2 1 2 7.465891e-14 0.000000e+00
102 112 1.307482e-03 1.307482e-02 1 2 1 2 6.584815e-14 0.000000e+00
102 113 1.307482e-03 1.646023e-02 1 2 1 2 5.738294e-14 0.000000e+00
102 114 1.307482e-03 2.072220e-02 1 2 1 2 4.919757e-14 0.000000e+00
102 115 1.307482e-03 2.608770e-02 1 2 1 2 4.130326e-14 0.000000e+00
102 116 1.307482e-03 3.284247e-02 1 2 1 2 3.377529e-14 0.000000e+00
102 117 1.307482e-03 4.134622e-02 1 2 1 2 2.674208e-14 0.000000e+00
102 118 1.307482e-03 5.205181e-02 1 2 1 2 2.036759e-14 0.000000e+00
102 119 1.307482e-03 6.552935e-02 1 2 1 2 1.480259e-14 0.000000e+00
103 100 1.646023e-03 8.249656e-04 1 2 1 2 2.067349e-13 0.000000e+00
103 101 1.646023e-03 1.038570e-03 1 2 1 2 2.116651e-13 0.000000e+00
103 102 1.646023e-03 1.307482e-03 1 2 1 2 2.204291e-13 0.000000e+00
103 103 1.646023e-03 1.646023e-03 1 2 1 2 6.293468e-12 0.000000e+00
103 104 1.646023e-03 2.072220e-03 1 2 1 2 1.922902e-13 0.000000e+00
103 105 1.646023e-03 2.608770e-03 1 2 1 2 1.601688e-13 0.000000e+00
103 106 1.646023e-03 3.284247e-03 1 2 1 2 1.370169e-13 0.000000e+00
103 107 1.646023e-03 4.134622e-03 1 2 1 2 1.196154e-13 0.000000e+00
103 108 1.646023e-03 5.205181e-03 1 2 1 2 1.058059e-13 0.000000e+00
103 109 1.646023e-03 6.552935e-03 1 2 1 2 9.422951e-14 0.000000e+00
103 110 1.646023e-03 8.249656e-03 1 2 1 2 8.403188e-14 0.000000e+00
103 111 1.646023e-03 1.038570e-02 1 2 1 2 7.468104e-14 0.000000e+00
103 112 1.646023e-03 1.307482e-02 1 2 1 2 6.585778e-14 0.000000e+00
103 113 1.646023e-03 1.646023e-02 1 2 1 2 5.738789e-14 0.000000e+00
103 114 1.646023e-03 2.072220e-02 1 2 1 2 4.920084e-14 0.000000e+00
103 115 1.646023e-03 2.608770e-02 1 2 1 2 4.130595e-14 0.000000e+00
103 116 1.646023e-03 3.284247e-02 1 2 1 2 3.377757e-14 0.000000e+00
103 117 1.646023e-03 4.134622e-02 1 2 1 2 2.674406e-14 0.000000e+00
103 118 1.646023e-03 5.205181e-02 1 2 1 2 2.036913e-14 0.000000e+00
103 119 1.646023e-03 6.552935e-02 1 2 1 2 1.480370e-14 0.000000e+00
104 100 2.072220e-03 8.249656e-04 1 2 1 2 1.765632e-13 0.000000e+00
104 101 2.072220e-03 1.038570e-03 1 2 1 2 1.791445e-13 0.000000e+00
104 102 2.072220e-03 1.307482e-03 1 2 1 2 1.837122e-13 0.000000e+00
104 103 2.072220e-03 1.646023e-03 1 2 1 2 1.922902e-13 0.000000e+00
104 104 2.072220e-03 2.072220e-03 1 2 1 2 4.026544e-12 0.000000e+00
104 105 2.072220e-03 2.608770e-03 1 2 1 2 1.681870e-13 0.000000e+00
104 106 2.072220e-03 3.284247e-03 1 2 1 2 1.403920e-13 0.000000e+00
104 107 2.072220e-03 4.134622e-03 1 2 1 2 1.210057e-13 0.000000e+00
104 108 2.072220e-03 5.205181e-03 1 2 1 2 1.063718e-13 0.000000e+00
104 109 2.072220e-03 6.552935e-03 1 2 1 2 9.445629e-14 0.000000e+00
104 110 2.072220e-03 8.249656e-03 1 2 1 2 8.412162e-14 0.000000e+00
104 111 2.072220e-03 1.038570e-02 1 2 1 2 7.471679e-14 0.000000e+00
104 112 2.072220e-03 1.307482e-02 1 2 1 2 6.587298e-14 0.000000e+00
104 113 2.072220e-03 1.646023e-02 1 2 1 2 5.739557e-14 0.000000e+00
104 114 2.072220e-03 2.072220e-02 1 2 1 2 4.920590e-14 0.000000e+00
104 115 2.072220e-03 2.608770e-02 1 2 1 2 4.130994e-14 0.000000e+00
104 116 2.072220e-03 3.284247e-02 1 2 1 2 3.378099e-14 0.000000e+00
104 117 2.072220e-03 4.134622e-02 1 2 1 2 2.674695e-14 0.000000e+00
104 118 2.072220e-03 5.205181e-02 1 2 1 2 2.037139e-14 0.000000e+00
104 119 2.072220e-03 6.552935e-02 1 2 1 2 1.480524e-14 0.000000e+00
105 100 2.608770e-03 8.249656e-04 1 2 1 2 1.526607e-13 0.000000e+00
105 101 2.608770e-03 1.038570e-03 1 2 1 2 1.539398e-13 0.000000e+00
105 102 2.608770e-03 1.307482e-03 1 2 1 2 1.561459e-13 0.000000e+00
105 103 2.608770e-03 1.646023e-03 1 2 1 2 1.601688e-13 0.000000e+00
105 104 2.608770e-03 2.072220e-03 1 2 1 2 1.681870e-13 0.000000e+00
105 105 2.608770e-03 2.608770e-03 1 2 1 2 2.589786e-12 0.000000e+00
105 106 2.608770e-03 3.284247e-03 1 2 1 2 1.475698e-13 0.000000e+00
105 107 2.608770e-03 4.134622e-03 1 2 1 2 1.237088e-13 0.000000e+00
105 108 2.608770e-03 5.205181e-03 1 2 1 2 1.074015e-13 0.000000e+00
105 109 2.608770e-03 6.552935e-03 1 2 1 2 9.485093e-14 0.000000e+00
105 110 2.608770e-03 8.249656e-03 1 2 1 2 8.427299e-14 0.000000e+00
105 111 2.608770e-03 1.038570e-02 1 2 1 2 7.477582e-14 0.000000e+00
105 112 2.608770e-03 1.307482e-02 1 2 1 2 6.589774e-14 0.000000e+00
105 113 2.608770e-03 1.646023e-02 1 2 1 2 5.740796e-14 0.000000e+00
105 114 2.608770e-03 2.072220e-02 1 2 1 2 4.921391e-14 0.000000e+00
105 115 2.608770e-03 2.608770e-02 1 2 1 2 4.131627e-14 0.000000e+00
105 116 2.608770e-03 3.284247e-02 1 2 1 2 3.378645e-14 0.000000e+00
105 117 2.608770e-03 4.134622e-02 1 2 1 2 2.675151e-14 0.000000e+00
105 118 2.608770e-03 5.205181e-02 1 2 1 2 2.037502e-14 0.000000e+00
105 119 2.608770e-03 6.552935e-02 1 2 1 2 1.480772e-14 0.000000e+00
106 100 3.284247e-03 8.249656e-04 1 2 1 2 1.335950e-13 0.000000e+00
106 101 3.284247e-03 1.038570e-03 1 2 1 2 1.342012e-13 0.000000e+00
106 102 3.284247e-03 1.307482e-03 1 2 1 2 1.352230e-13 0.000000e+00
106 103 3.284247e-03 1.646023e-03 1 2 1 2 1.370169e-13 0.000000e+00
106 104 3.284247e-03 2.072220e-03 1 2 1 2 1.403920e-13 0.000000e+00
106 105 3.284247e-03 2.608770e-03 1 2 1 2 1.475698e-13 0.000000e+00
106 106 3.284247e-03 3.284247e-03 1 2 1 2 1.677634e-12 0.000000e+00
106 107 3.284247e-03 4.134622e-03 1 2 1 2 1.298757e-13 0.000000e+00
106 108 3.284247e-03 5.205181e-03 1 2 1 2 1.094723e-13 0.000000e+00
106 109 3.284247e-03 6.552935e-03 1 2 1 2 9.558210e-14 0.000000e+00
106 110 3.284247e-03 8.249656e-03 1 2 1 2 8.453891e-14 0.000000e+00
106 111 3.284247e-03 1.038570e-02 1 2 1 2 7.487575e-14 0.000000e+00
106 112 3.284247e-03 1.307482e-02 1 2 1 2 6.593842e-14 0.000000e+00
106 113 3.284247e-03 1.646023e-02 1 2 1 2 5.742788e-14 0.000000e+00
106 114 3.284247e-03 2.072220e-02 1 2 1 2 4.922668e-14 0.000000e+00
106 115 3.284247e-03 2.608770e-02 1 2 1 2 4.132636e-14 0.000000e+00
106 116 3.284247e-03 3.284247e-02 1 2 1 2 3.379505e-14 0.000000e+00
106 117 3.284247e-03 4.134622e-02 1 2 1 2 2.675879e-14 0.000000e+00
106 118 3.284247e-03 5.205181e-02 1 2 1 2 2.038079e-14 0.000000e+00
106 119 3.284247e-03 6.552935e-02 1 2 1 2 1.481164e-14 0.000000e+00
107 100 4.134622e-03 8.249656e-04 1 2 1 2 1.181048e-13 0.000000e+00
107 101 4.134622e-03 1.038570e-03 1 2 1 2 1.183806e-13 0.000000e+00
107 102 4.134622e-03 1.307482e-03 1 2 1 2 1.188371e-13 0.000000e+00
107 103 4.134622e-03 1.646023e-03 1 2 1 2 1.196154e-13 0.000000e+00
107 104 4.134622e-03 2.072220e-03 1 2 1 2 1.210057e-13 0.000000e+00
107 105 4.134622e-03 2.608770e-03 1 2 1 2 1.237088e-13 0.000000e+00
107 106 4.134622e-03 3.284247e-03 1 2 1 2 1.298757e-13 0.000000e+00
107 107 4.134622e-03 4.134622e-03 1 2 1 2 1.097118e-12 0.000000e+00
107 108 4.134622e-03 5.205181e-03 1 2 1 2 1.145679e-13 0.000000e+00
107 109 4.134622e-03 6.552935e-03 1 2 1 2 9.710393e-14 0.000000e+00
107 110 4.134622e-03 8.249656e-03 1 2 1 2 8.504000e-14 0.000000e+00
107 111 4.134622e-03 1.038570e-02 1 2 1 2 7.505229e-14 0.000000e+00
107 112 4.134622e-03 1.307482e-02 1 2 1 2 6.600711e-14 0.000000e+00
107 113 4.134622e-03 1.646023e-02 1 2 1 2 5.746046e-14 0.000000e+00
107 114 4.134622e-03 2.072220e-02 1 2 1 2 4.924710e-14 0.000000e+00
107 115 4.134622e-03 2.608770e-02 1 2 1 2 4.134234e-14 0.000000e+00
107 116 4.134622e-03 3.284247e-02 1 2 1 2 3.380869e-14 0.000000e+00
107 117 4.134622e-03 4.134622e-02 1 2 1 2 2.677038e-14 0.000000e+00
107 118 4.134622e-03 5.205181e-02 1 2 1 2 2.038989e-14 0.000000e+00
107 119 4.134622e-03 6.552935e-02 1 2 1 2 1.481787e-14 0.000000e+00
108 100 5.205181e-03 8.249656e-04 1 2 1 2 1.051594e-13 0.000000e+00
108 101 5.205181e-03 1.038570e-03 1 2 1 2 1.052801e-13 0.000000e+00
108 102 5.205181e-03 1.307482e-03 1 2 1 2 1.054771e-13 0.000000e+00
108 103 5.205181e-03 1.646023e-03 1 2 1 2 1.058059e-13 0.000000e+00
108 104 5.205181e-03 2.072220e-03 1 2 1 2 1.063718e-13 0.000000e+00
108 105 5.205181e-03 2.608770e-03 1 2 1 2 1.074015e-13 0.000000e+00
108 106 5.205181e-03 3.284247e-03 1 2 1 2 1.094723e-13 0.000000e+00
108 107 5.205181e-03 4.134622e-03 1 2 1 2 1.145679e-13 0.000000e+00
108 108 5.205181e-03 5.205181e-03 1 2 1 2 7.263461e-13 0.000000e+00
108 109 5.205181e-03 6.552935e-03 1 2 1 2 1.011622e-13 0.000000e+00
108 110 5.205181e-03 8.249656e-03 1 2 1 2 8.611801e-14 0.000000e+00
108 111 5.205181e-03 1.038570e-02 1 2 1 2 7.538894e-14 0.000000e+00
108 112 5.205181e-03 1.307482e-02 1 2 1 2 6.612805e-14 0.000000e+00
108 113 5.205181e-03 1.646023e-02 1 2 1 2 5.751462e-14 0.000000e+00
108 114 5.205181e-03 2.072220e-02 1 2 1 2 4.928001e-14 0.000000e+00
108 115 5.205181e-03 2.608770e-02 1 2 1 2 4.136781e-14 0.000000e+00
108 116 5.205181e-03 3.284247e-02 1 2 1 2 3.383035e-14 0.000000e+00
108 117 5.205181e-03 4.134622e-02 1 2 1 2 2.678869e-14 0.000000e+00
108 118 5.205181e-03 5.205181e-02 1 2 1 2 2.040428e-14 0.000000e+00
108 119 5.205181e-03 6.552935e-02 1 2 1 2 1.482777e-14 0.000000e+00
109 100 6.552935e-03 8.249656e-04 1 2 1 2 9.396105e-14 0.000000e+00
109 101 6.552935e-03 1.038570e-03 1 2 1 2 9.401206e-14 0.000000e+00
109 102 6.552935e-03 1.307482e-03 1 2 1 2 9.409426e-14 0.000000e+00
109 103 6.552935e-03 1.646023e-03 1 2 1 2 9.422951e-14 0.000000e+00
109 104 6.552935e-03 2.072220e-03 1 2 1 2 9.445629e-14 0.000000e+00
109 105 6.552935e-03 2.608770e-03 1 2 1 2 9.485093e-14 0.000000e+00
109 106 6.552935e-03 3.284247e-03 1 2 1 2 9.558210e-14 0.000000e+00
109 107 6.552935e-03 4.134622e-03 1 2 1 2 9.710393e-14 0.000000e+00
109 108 6.552935e-03 5.205181e-03 1 2 1 2 1.011622e-13 0.000000e+00
109 109 6.552935e-03 6.552935e-03 1 2 1 2 4.883023e-13 0.000000e+00
109 110 6.552935e-03 8.249656e-03 1 2 1 2 8.924293e-14 0.000000e+00
109 111 6.552935e-03 1.038570e-02 1 2 1 2 7.613290e-14 0.000000e+00
109 112 6.552935e-03 1.307482e-02 1 2 1 2 6.635821e-14 0.000000e+00
109 113 6.552935e-03 1.646023e-02 1 2 1 2 5.760804e-14 0.000000e+00
109 114 6.552935e-03 2.072220e-02 1 2 1 2 4.933363e-14 0.000000e+00
109 115 6.552935e-03 2.608770e-02 1 2 1 2 4.140836e-14 0.000000e+00
109 116 6.552935e-03 3.284247e-02 1 2 1 2 3.386465e-14 0.000000e+00
109 117 6.552935e-03 4.134622e-02 1 2 1 2 2.681770e-14 0.000000e+00
109 118 6.552935e-03 5.205181e-02 1 2 1 2 2.042712e-14 0.000000e+00
109 119 6.552935e-03 6.552935e-02 1 2 1 2 1.484344e-14 0.000000e+00
110 100 8.249656e-03 8.249656e-04 1 2 1 2 8.392282e-14 0.000000e+00
110 101 8.249656e-03 1.038570e-03 1 2 1 2 8.394388e-14 0.000000e+00
110 102 8.249656e-03 1.307482e-03 1 2 1 2 8.397732e-14 0.000000e+00
110 103 8.249656e-03 1.646023e-03 1 2 1 2 8.403188e-14 0.000000e+00
110 104 8.249656e-03 2.072220e-03 1 2 1 2 8.412162e-14 0.000000e+00
110 105 8.249656e-03 2.608770e-03 1 2 1 2 8.427299e-14 0.000000e+00
110 106 8.249656e-03 3.284247e-03 1 2 1 2 8.453891e-14 0.000000e+00
110 107 8.249656e-03 4.134622e-03 1 2 1 2 8.504000e-14 0.000000e+00
110 108 8.249656e-03 5.205181e-03 1 2 1 2 8.611801e-14 0.000000e+00
110 109 8.249656e-03 6.552935e-03 1 2 1 2 8.924293e-14 0.000000e+00
110 110 8.249656e-03 8.249656e-03 1 2 1 2 3.343139e-13 0.000000e+00
110 111 8.249656e-03 1.038570e-02 1 2 1 2 7.847174e-14 0.000000e+00
110 112 8.249656e-03 1.307482e-02 1 2 1 2 6.687116e-14 0.000000e+00
110 113 8.249656e-03 1.646023e-02 1 2 1 2 5.778075e-14 0.000000e+00
110 114 8.249656e-03 2.072220e-02 1 2 1 2 4.942295e-14 0.000000e+00
110 115 8.249656e-03 2.608770e-02 1 2 1 2 4.147336e-14 0.000000e+00
110 116 8.249656e-03 3.284247e-02 1 2 1 2 3.391911e-14 0.000000e+00
110 117 8.249656e-03 4.134622e-02 1 2 1 2 2.686363e-14 0.000000e+00
110 118 8.249656e-03 5.205181e-02 1 2 1 2 2.046324e-14 0.000000e+00
110 119 8.249656e-03 6.552935e-02 1 2 1 2 1.486830e-14 0.000000e+00
111 100 1.038570e-02 8.249656e-04 1 2 1 2 7.463653e-14 0.000000e+00
111 101 1.038570e-02 1.038570e-03 1 2 1 2 7.464537e-14 0.000000e+00
111 102 1.038570e-02 1.307482e-03 1 2 1 2 7.465891e-14 0.000000e+00
111 103 1.038570e-02 1.646023e-03 1 2 1 2 7.468104e-14 0.000000e+00
111 104 1.038570e-02 2.072220e-03 1 2 1 2 7.471679e-14 0.000000e+00
111 105 1.038570e-02 2.608770e-03 1 2 1 2 7.477582e-14 0.000000e+00
111 106 1.038570e-02 3.284247e-03 1 2 1 2 7.487575e-14 0.000000e+00
111 107 1.038570e-02 4.134622e-03 1 2 1 2 7.505229e-14 0.000000e+00
111 108 1.038570e-02 5.205181e-03 1 2 1 2 7.538894e-14 0.000000e+00
111 109 1.038570e-02 6.552935e-03 1 2 1 2 7.613290e-14 0.000000e+00
111 110 1.038570e-02 8.249656e-03 1 2 1 2 7.847174e-14 0.000000e+00
111 111 1.038570e-02 1.038570e-02 1 2 1 2 2.336170e-13 0.000000e+00
111 112 1.038570e-02 1.307482e-02 1 2 1 2 6.859067e-14 0.000000e+00
111 113 1.038570e-02 1.646023e-02 1 2 1 2 5.815344e-14 0.000000e+00
111 114 1.038570e-02 2.072220e-02 1 2 1 2 4.957925e-14 0.000000e+00
111 115 1.038570e-02 2.608770e-02 1 2 1 2 4.157854e-14 0.000000e+00
111 116 1.038570e-02 3.284247e-02 1 2 1 2 3.400558e-14 0.000000e+00
111 117 1.038570e-02 4.134622e-02 1 2 1 2 2.693634e-14 0.000000e+00
111 118 1.038570e-02 5.205181e-02 1 2 1 2 2.052041e-14 0.000000e+00
111 119 1.038570e-02 6.552935e-02 1 2 1 2 1.490782e-14 0.000000e+00
112 100 1.307482e-02 8.249656e-04 1 2 1 2 6.583844e-14 0.000000e+00
112 101 1.307482e-02 1.038570e-03 1 2 1 2 6.584240e-14 0.000000e+00
112 102 1.307482e-02 1.307482e-03 1 2 1 2 6.584815e-14 0.000000e+00
112 103 1.307482e-02 1.646023e-03 1 2 1 2 6.585778e-14 0.000000e+00
112 104 1.307482e-02 2.072220e-03 1 2 1 2 6.587298e-14 0.000000e+00
112 105 1.307482e-02 2.608770e-03 1 2 1 2 6.589774e-14 0.000000e+00
112 106 1.307482e-02 3.284247e-03 1 2 1 2 6.593842e-14 0.000000e+00
112 107 1.307482e-02 4.134622e-03 1 2 1 2 6.600711e-14 0.000000e+00
112 108 1.307482e-02 5.205181e-03 1 2 1 2 6.612805e-14 0.000000e+00
112 109 1.307482e-02 6.552935e-03 1 2 1 2 6.635821e-14 0.000000e+00
112 110 1.307482e-02 8.249656e-03 1 2 1 2 6.687116e-14 0.000000e+00
112 111 1.307482e-02 1.038570e-02 1 2 1 2 6.859067e-14 0.000000e+00
112 112 1.307482e-02 1.307482e-02 1 2 1 2 1.667710e-13 0.000000e+00
112 113 1.307482e-02 1.646023e-02 1 2 1 2 5.942196e-14 0.000000e+00
112 114 1.307482e-02 2.072220e-02 1 2 1 2 4.988921e-14 0.000000e+00
112 115 1.307482e-02 2.608770e-02 1 2 1 2 4.175303e-14 0.000000e+00
112 116 1.307482e-02 3.284247e-02 1 2 1 2 3.414332e-14 0.000000e+00
112 117 1.307482e-02 4.134622e-02 1 2 1 2 2.705134e-14 0.000000e+00
112 118 1.307482e-02 5.205181e-02 1 2 1 2 2.061076e-14 0.000000e+00
112 119 1.307482e-02 6.552935e-02 1 2 1 2 1.497061e-14 0.000000e+00
113 100 1.646023e-02 8.249656e-04 1 2 1 2 5.737785e-14 0.000000e+00
113 101 1.646023e-02 1.038570e-03 1 2 1 2 5.738001e-14 0.000000e+00
113 102 1.646023e-02 1.307482e-03 1 2 1 2 5.738294e-14 0.000000e+00
113 103 1.646023e-02 1.646023e-03 1 2 1 2 5.738789e-14 0.000000e+00
113 104 1.646023e-02 2.072220e-03 1 2 1 2 5.739557e-14 0.000000e+00
113 105 1.646023e-02 2.608770e-03 1 2 1 2 5.740796e-14 0.000000e+00
113 106 1.646023e-02 3.284247e-03 1 2 1 2 5.742788e-14 0.000000e+00
113 107 1.646023e-02 4.134622e-03 1 2 1 2 5.746046e-14 0.000000e+00
113 108 1.646023e-02 5.205181e-03 1 2 1 2 5.751462e-14 0.000000e+00
113 109 1.646023e-02 6.552935e-03 1 2 1 2 5.760804e-14 0.000000e+00
113 110 1.646023e-02 8.249656e-03 1 2 1 2 5.778075e-14 0.000000e+00
113 111 1.646023e-02 1.038570e-02 1 2 1 2 5.815344e-14 0.000000e+00
113 112 1.646023e-02 1.307482e-02 1 2 1 2 5.942196e-14 0.000000e+00
113 113 1.646023e-02 1.646023e-02 1 2 1 2 1.215024e-13 0.000000e+00
113 114 1.646023e-02 2.072220e-02 1 2 1 2 5.086534e-14 0.000000e+00
113 115 1.646023e-02 2.608770e-02 1 2 1 2 4.206557e-14 0.000000e+00
113 116 1.646023e-02 3.284247e-02 1 2 1 2 3.436469e-14 0.000000e+00
113 117 1.646023e-02 4.134622e-02 1 2 1 2 2.723312e-14 0.000000e+00
113 118 1.646023e-02 5.205181e-02 1 2 1 2 2.075346e-14 0.000000e+00
113 119 1.646023e-02 6.552935e-02 1 2 1 2 1.507058e-14 0.000000e+00
114 100 2.072220e-02 8.249656e-04 1 2 1 2 4.919428e-14 0.000000e+00
114 101 2.072220e-02 1.038570e-03 1 2 1 2 4.919578e-14 0.000000e+00
114 102 2.072220e-02 1.307482e-03 1 2 1 2 4.919757e-14 0.000000e+00
114 103 2.072220e-02 1.646023e-03 1 2 1 2 4.920084e-14 0.000000e+00
114 104 2.072220e-02 2.072220e-03 1 2 1 2 4.920590e-14 0.000000e+00
114 105 2.072220e-02 2.608770e-03 1 2 1 2 4.921391e-14 0.000000e+00
114 106 2.072220e-02 3.284247e-03 1 2 1 2 4.922668e-14 0.000000e+00
114 107 2.072220e-02 4.134622e-03 1 2 1 2 4.924710e-14 0.000000e+00
114 108 2.072220e-02 5.205181e-03 1 2 1 2 4.928001e-14 0.000000e+00
114 109 2.072220e-02 6.552935e-03 1 2 1 2 4.933363e-14 0.000000e+00
114 110 2.072220e-02 8.249656e-03 1 2 1 2 4.942295e-14 0.000000e+00
114 111 2.072220e-02 1.038570e-02 1 2 1 2 4.957925e-14 0.000000e+00
114 112 2.072220e-02 1.307482e-02 1 2 1 2 4.988921e-14 0.000000e+00
114 113 2.072220e-02 1.646023e-02 1 2 1 2 5.086534e-14 0.000000e+00
114 114 2.072220e-02 2.072220e-02 1 2 1 2 9.008069e-14 0.000000e+00
114 115 2.072220e-02 2.608770e-02 1 2 1 2 4.289167e-14 0.000000e+00
114 116 2.072220e-02 3.284247e-02 1 2 1 2 3.473322e-14 0.000000e+00
114 117 2.072220e-02 4.134622e-02 1 2 1 2 2.752073e-14 0.000000e+00
114 118 2.072220e-02 5.205181e-02 1 2 1 2 2.097856e-14 0.000000e+00
114 119 2.072220e-02 6.552935e-02 1 2 1 2 1.522993e-14 0.000000e+00
115 100 2.608770e-02 8.249656e-04 1 2 1 2 4.130056e-14 0.000000e+00
115 101 2.608770e-02 1.038570e-03 1 2 1 2 4.130178e-14 0.000000e+00
115 102 2.608770e-02 1.307482e-03 1 2 1 2 4.130326e-14 0.000000e+00
115 103 2.608770e-02 1.646023e-03 1 2 1 2 4.130595e-14 0.000000e+00
115 104 2.608770e-02 2.072220e-03 1 2 1 2 4.130994e-14 0.000000e+00
115 105 2.608770e-02 2.608770e-03 1 2 1 2 4.131627e-14 0.000000e+00
115 106 2.608770e-02 3.284247e-03 1 2 1 2 4.132636e-14 0.000000e+00
115 107 2.608770e-02 4.134622e-03 1 2 1 2 4.134234e-14 0.000000e+00
115 108 2.608770e-02 5.205181e-03 1 2 1 2 4.136781e-14 0.000000e+00
115 109 2.608770e-02 6.552935e-03 1 2 1 2 4.140836e-14 0.000000e+00
115 110 2.608770e-02 8.249656e-03 1 2 1 2 4.147336e-14 0.000000e+00
115 111 2.608770e-02 1.038570e-02 1 2 1 2 4.157854e-14 0.000000e+00
115 112 2.608770e-02 1.307482e-02 1 2 1 2 4.175303e-14 0.000000e+00
115 113 2.608770e-02 1.646023e-02 1 2 1 2 4.206557e-14 0.000000e+00
115 114 2.608770e-02 2.072220e-02 1 2 1 2 4.289167e-14 0.000000e+00
115 115 2.608770e-02 2.608770e-02 1 2 1 2 6.765924e-14 0.000000e+00
115 116 2.608770e-02 3.284247e-02 1 2 1 2 3.552977e-14 0.000000e+00
115 117 2.608770e-02 4.134622e-02 1 2 1 2 2.798105e-14 0.000000e+00
115 118 2.608770e-02 5.205181e-02 1 2 1 2 2.133341e-14 0.000000e+00
115 119 2.608770e-02 6.552935e-02 1 2 1 2 1.548433e-14 0.000000e+00
116 100 3.284247e-02 8.249656e-04 1 2 1 2 3.377298e-14 0.000000e+00
116 101 3.284247e-02 1.038570e-03 1 2 1 2 3.377407e-14 0.000000e+00
116 102 3.284247e-02 1.307482e-03 1 2 1 2 3.377529e-14 0.000000e+00
116 103 3.284247e-02 1.646023e-03 1 2 1 2 3.377757e-14 0.000000e+00
116 104 3.284247e-02 2.072220e-03 1 2 1 2 3.378099e-14 0.000000e+00
116 105 3.284247e-02 2.608770e-03 1 2 1 2 3.378645e-14 0.000000e+00
116 106 3.284247e-02 3.284247e-03 1 2 1 2 3.379505e-14 0.000000e+00
116 107 3.284247e-02 4.134622e-03 1 2 1 2 3.380869e-14 0.000000e+00
116 108 3.284247e-02 5.205181e-03 1 2 1 2 3.383035e-14 0.000000e+00
116 109 3.284247e-02 6.552935e-03 1 2 1 2 3.386465e-14 0.000000e+00
116 110 3.284247e-02 8.249656e-03 1 2 1 2 3.391911e-14 0.000000e+00
116 111 3.284247e-02 1.038570e-02 1 2 1 2 3.400558e-14 0.000000e+00
116 112 3.284247e-02 1.307482e-02 1 2 1 2 3.414332e-14 0.000000e+00
116 113 3.284247e-02 1.646023e-02 1 2 1 2 3.436469e-14 0.000000e+00
116 114 3.284247e-02 2.072220e-02 1 2 1 2 3.473322e-14 0.000000e+00
116 115 3.284247e-02 2.608770e-02 1 2 1 2 3.552977e-14 0.000000e+00
116 116 3.284247e-02 3.284247e-02 1 2 1 2 5.121463e-14 0.000000e+00
116 117 3.284247e-02 4.134622e-02 1 2 1 2 2.883513e-14 0.000000e+00
116 118 3.284247e-02 5.205181e-02 1 2 1 2 2.189479e-14 0.000000e+00
116 119 3.284247e-02 6.552935e-02 1 2 1 2 1.589112e-14 0.000000e+00
117 100 4.134622e-02 8.249656e-04 1 2 1 2 2.674004e-14 0.000000e+00
117 101 4.134622e-02 1.038570e-03 1 2 1 2 2.674103e-14 0.000000e+00
117 102 4.134622e-02 1.307482e-03 1 2 1 2 2.674208e-14 0.000000e+00
117 103 4.134622e-02 1.646023e-03 1 2 1 2 2.674406e-14 0.000000e+00
117 104 4.134622e-02 2.072220e-03 1 2 1 2 2.674695e-14 0.000000e+00
117 105 4.134622e-02 2.608770e-03 1 2 1 2 2.675151e-14 0.000000e+00
117 106 4.134622e-02 3.284247e-03 1 2 1 2 2.675879e-14 0.000000e+00
117 107 4.134622e-02 4.134622e-03 1 2 1 2 2.677038e-14 0.000000e+00
117 108 4.134622e-02 5.205181e-03 1 2 1 2 2.678869e-14 0.000000e+00
117 109 4.134622e-02 6.552935e-03 1 2 1 2 2.681770e-14 0.000000e+00
117 110 4.134622e-02 8.249656e-03 1 2 1 2 2.686363e-14 0.000000e+00
117 111 4.134622e-02 1.038570e-02 1 2 1 2 2.693634e-14 0.000000e+00
117 112 4.134622e-02 1.307482e-02 1 2 1 2 2.705134e-14 0.000000e+00
117 113 4.134622e-02 1.646023e-02 1 2 1 2 2.723312e-14 0.000000e+00
117 114 4.134622e-02 2.072220e-02 1 2 1 2 2.752073e-14 0.000000e+00
117 115 4.134622e-02 2.608770e-02 1 2 1 2 2.798105e-14 0.000000e+00
117 116 4.134622e-02 3.284247e-02 1 2 1 2 2.883513e-14 0.000000e+00
117 117 4.134622e-02 4.134622e-02 1 2 1 2 3.885278e-14 0.000000e+00
117 118 4.134622e-02 5.205181e-02 1 2 1 2 2.285485e-14 0.000000e+00
117 119 4.134622e-02 6.552935e-02 1 2 1 2 1.654306e-14 0.000000e+00
118 100 5.205181e-02 8.249656e-04 1 2 1 2 2.036602e-14 0.000000e+00
118 101 5.205181e-02 1.038570e-03 1 2 1 2 2.036681e-14 0.000000e+00
118 102 5.205181e-02 1.307482e-03 1 2 1 2 2.036759e-14 0.000000e+00
118 103 5.205181e-02 1.646023e-03 1 2 1 2 2.036913e-14 0.000000e+00
118 104 5.205181e-02 2.072220e-03 1 2 1 2 2.037139e-14 0.000000e+00
118 105 5.205181e-02 2.608770e-03 1 2 1 2 2.037502e-14 0.000000e+00
118 106 5.205181e-02 3.284247e-03 1 2 1 2 2.038079e-14 0.000000e+00
118 107 5.205181e-02 4.134622e-03 1 2 1 2 2.038989e-14 0.000000e+00
118 108 5.205181e-02 5.205181e-03 1 2 1 2 2.040428e-14 0.000000e+00
118 109 5.205181e-02 6.552935e-03 1 2 1 2 2.042712e-14 0.000000e+00
118 110 5.205181e-02 8.249656e-03 1 2 1 2 2.046324e-14 0.000000e+00
118 111 5.205181e-02 1.038570e-02 1 2 1 2 2.052041e-14 0.000000e+00
118 112 5.205181e-02 1.307482e-02 1 2 1 2 2.061076e-14 0.000000e+00
118 113 5.205181e-02 1.646023e-02 1 2 1 2 2.075346e-14 0.000000e+00
118 114 5.205181e-02 2.072220e-02 1 2 1 2 2.097856e-14 0.000000e+00
118 115 5.205181e-02 2.608770e-02 1 2 1 2 2.133341e-14 0.000000e+00
118 116 5.205181e-02 3.284247e-02 1 2 1 2 2.189479e-14 0.000000e+00
118 117 5.205181e-02 4.134622e-02 1 2 1 2 2.285485e-14 0.000000e+00
118 118 5.205181e-02 5.205181e-02 1 2 1 2 2.937787e-14 0.000000e+00
118 119 5.205181e-02 6.552935e-02 1 2 1 2 1.763003e-14 0.000000e+00
119 100 6.552935e-02 8.249656e-04 1 2 1 2 1.480147e-14 0.000000e+00
119 101 6.552935e-02 1.038570e-03 1 2 1 2 1.480208e-14 0.000000e+00
119 102 6.552935e-02 1.307482e-03 1 2 1 2 1.480259e-14 0.000000e+00
119 103 6.552935e-02 1.646023e-03 1 2 1 2 1.480370e-14 0.000000e+00
119 104 6.552935e-02 2.072220e-03 1 2 1 2 1.480524e-14 0.000000e+00
119 105 6.552935e-02 2.608770e-03 1 2 1 2 1.480772e-14 0.000000e+00
119 106 6.552935e-02 3.284247e-03 1 2 1 2 1.481164e-14 0.000000e+00
119 107 6.552935e-02 4.134622e-03 1 2 1 2 1.481787e-14 0.000000e+00
119 108 6.552935e-02 5.205181e-03 1 2 1 2 1.482777e-14 0.000000e+00
119 109 6.552935e-02 6.552935e-03 1 2 1 2 1.484344e-14 0.000000e+00
119 110 6.552935e-02 8.249656e-03 1 2 1 2 1.486830e-14 0.000000e+00
119 111 6.552935e-02 1.038570e-02 1 2 1 2 1.490782e-14 0.000000e+00
119 112 6.552935e-02 1.307482e-02 1 2 1 2 1.497061e-14 0.000000e+00
119 113 6.552935e-02 1.646023e-02 1 2 1 2 1.507058e-14 0.000000e+00
119 114 6.552935e-02 2.072220e-02 1 2 1 2 1.522993e-14 0.000000e+00
119 115 6.552935e-02 2.608770e-02 1 2 1 2 1.548433e-14 0.000000e+00
119 116 6.552935e-02 3.284247e-02 1 2 1 2 1.589112e-14 0.000000e+00
119 117 6.552935e-02 4.134622e-02 1 2 1 2 1.654306e-14 0.000000e+00
119 118 6.552935e-02 5.205181e-02 1 2 1 2 1.763003e-14 0.000000e+00
119 119 6.552935e-02 6.552935e-02 1 2 1 2 2.204208e-14 0.000000e+00
