# Please cite the following papers in research using this covariance:
# arXiv: 1601.05779, https://arxiv.org/abs/1601.05779
# arXiv: 1911.11947, https://arxiv.org/abs/1911.11947
# arXiv: 2004.04833, https://arxiv.org/abs/2004.04833
########################################################
80 160 8.249656e-04 8.249656e-04 1 1 2 3 7.283435e-14 0.000000e+00
80 161 8.249656e-04 1.038570e-03 1 1 2 3 7.210796e-14 0.000000e+00
80 162 8.249656e-04 1.307482e-03 1 1 2 3 7.105908e-14 0.000000e+00
80 163 8.249656e-04 1.646023e-03 1 1 2 3 6.970588e-14 0.000000e+00
80 164 8.249656e-04 2.072220e-03 1 1 2 3 6.808892e-14 0.000000e+00
80 165 8.249656e-04 2.608770e-03 1 1 2 3 6.625412e-14 0.000000e+00
80 166 8.249656e-04 3.284247e-03 1 1 2 3 6.423710e-14 0.000000e+00
80 167 8.249656e-04 4.134622e-03 1 1 2 3 6.205205e-14 0.000000e+00
80 168 8.249656e-04 5.205181e-03 1 1 2 3 5.968617e-14 0.000000e+00
80 169 8.249656e-04 6.552935e-03 1 1 2 3 5.710070e-14 0.000000e+00
80 170 8.249656e-04 8.249656e-03 1 1 2 3 5.423746e-14 0.000000e+00
80 171 8.249656e-04 1.038570e-02 1 1 2 3 5.102963e-14 0.000000e+00
80 172 8.249656e-04 1.307482e-02 1 1 2 3 4.741532e-14 0.000000e+00
80 173 8.249656e-04 1.646023e-02 1 1 2 3 4.335341e-14 0.000000e+00
80 174 8.249656e-04 2.072220e-02 1 1 2 3 3.884073e-14 0.000000e+00
80 175 8.249656e-04 2.608770e-02 1 1 2 3 3.392904e-14 0.000000e+00
80 176 8.249656e-04 3.284247e-02 1 1 2 3 2.873712e-14 0.000000e+00
80 177 8.249656e-04 4.134622e-02 1 1 2 3 2.345241e-14 0.000000e+00
80 178 8.249656e-04 5.205181e-02 1 1 2 3 1.831474e-14 0.000000e+00
80 179 8.249656e-04 6.552935e-02 1 1 2 3 1.357427e-14 0.000000e+00
81 160 1.038570e-03 8.249656e-04 1 1 2 3 7.210796e-14 0.000000e+00
81 161 1.038570e-03 1.038570e-03 1 1 2 3 7.160281e-14 0.000000e+00
81 162 1.038570e-03 1.307482e-03 1 1 2 3 7.075617e-14 0.000000e+00
81 163 1.038570e-03 1.646023e-03 1 1 2 3 6.953830e-14 0.000000e+00
81 164 1.038570e-03 2.072220e-03 1 1 2 3 6.800014e-14 0.000000e+00
81 165 1.038570e-03 2.608770e-03 1 1 2 3 6.620645e-14 0.000000e+00
81 166 1.038570e-03 3.284247e-03 1 1 2 3 6.420891e-14 0.000000e+00
81 167 1.038570e-03 4.134622e-03 1 1 2 3 6.203267e-14 0.000000e+00
81 168 1.038570e-03 5.205181e-03 1 1 2 3 5.967121e-14 0.000000e+00
81 169 1.038570e-03 6.552935e-03 1 1 2 3 5.708871e-14 0.000000e+00
81 170 1.038570e-03 8.249656e-03 1 1 2 3 5.422807e-14 0.000000e+00
81 171 1.038570e-03 1.038570e-02 1 1 2 3 5.102265e-14 0.000000e+00
81 172 1.038570e-03 1.307482e-02 1 1 2 3 4.741052e-14 0.000000e+00
81 173 1.038570e-03 1.646023e-02 1 1 2 3 4.335041e-14 0.000000e+00
81 174 1.038570e-03 2.072220e-02 1 1 2 3 3.883913e-14 0.000000e+00
81 175 1.038570e-03 2.608770e-02 1 1 2 3 3.392843e-14 0.000000e+00
81 176 1.038570e-03 3.284247e-02 1 1 2 3 2.873714e-14 0.000000e+00
81 177 1.038570e-03 4.134622e-02 1 1 2 3 2.345277e-14 0.000000e+00
81 178 1.038570e-03 5.205181e-02 1 1 2 3 1.831522e-14 0.000000e+00
81 179 1.038570e-03 6.552935e-02 1 1 2 3 1.357473e-14 0.000000e+00
82 160 1.307482e-03 8.249656e-04 1 1 2 3 7.105908e-14 0.000000e+00
82 161 1.307482e-03 1.038570e-03 1 1 2 3 7.075617e-14 0.000000e+00
82 162 1.307482e-03 1.307482e-03 1 1 2 3 7.019957e-14 0.000000e+00
82 163 1.307482e-03 1.646023e-03 1 1 2 3 6.923144e-14 0.000000e+00
82 164 1.307482e-03 2.072220e-03 1 1 2 3 6.784186e-14 0.000000e+00
82 165 1.307482e-03 2.608770e-03 1 1 2 3 6.612427e-14 0.000000e+00
82 166 1.307482e-03 3.284247e-03 1 1 2 3 6.416186e-14 0.000000e+00
82 167 1.307482e-03 4.134622e-03 1 1 2 3 6.200100e-14 0.000000e+00
82 168 1.307482e-03 5.205181e-03 1 1 2 3 5.964693e-14 0.000000e+00
82 169 1.307482e-03 6.552935e-03 1 1 2 3 5.706924e-14 0.000000e+00
82 170 1.307482e-03 8.249656e-03 1 1 2 3 5.421272e-14 0.000000e+00
82 171 1.307482e-03 1.038570e-02 1 1 2 3 5.101114e-14 0.000000e+00
82 172 1.307482e-03 1.307482e-02 1 1 2 3 4.740243e-14 0.000000e+00
82 173 1.307482e-03 1.646023e-02 1 1 2 3 4.334519e-14 0.000000e+00
82 174 1.307482e-03 2.072220e-02 1 1 2 3 3.883614e-14 0.000000e+00
82 175 1.307482e-03 2.608770e-02 1 1 2 3 3.392702e-14 0.000000e+00
82 176 1.307482e-03 3.284247e-02 1 1 2 3 2.873673e-14 0.000000e+00
82 177 1.307482e-03 4.134622e-02 1 1 2 3 2.345291e-14 0.000000e+00
82 178 1.307482e-03 5.205181e-02 1 1 2 3 1.831555e-14 0.000000e+00
82 179 1.307482e-03 6.552935e-02 1 1 2 3 1.357506e-14 0.000000e+00
83 160 1.646023e-03 8.249656e-04 1 1 2 3 6.970588e-14 0.000000e+00
83 161 1.646023e-03 1.038570e-03 1 1 2 3 6.953830e-14 0.000000e+00
83 162 1.646023e-03 1.307482e-03 1 1 2 3 6.923144e-14 0.000000e+00
83 163 1.646023e-03 1.646023e-03 1 1 2 3 6.863245e-14 0.000000e+00
83 164 1.646023e-03 2.072220e-03 1 1 2 3 6.753981e-14 0.000000e+00
83 165 1.646023e-03 2.608770e-03 1 1 2 3 6.597607e-14 0.000000e+00
83 166 1.646023e-03 3.284247e-03 1 1 2 3 6.408209e-14 0.000000e+00
83 167 1.646023e-03 4.134622e-03 1 1 2 3 6.194974e-14 0.000000e+00
83 168 1.646023e-03 5.205181e-03 1 1 2 3 5.960849e-14 0.000000e+00
83 169 1.646023e-03 6.552935e-03 1 1 2 3 5.703863e-14 0.000000e+00
83 170 1.646023e-03 8.249656e-03 1 1 2 3 5.418869e-14 0.000000e+00
83 171 1.646023e-03 1.038570e-02 1 1 2 3 5.099318e-14 0.000000e+00
83 172 1.646023e-03 1.307482e-02 1 1 2 3 4.738991e-14 0.000000e+00
83 173 1.646023e-03 1.646023e-02 1 1 2 3 4.333722e-14 0.000000e+00
83 174 1.646023e-03 2.072220e-02 1 1 2 3 3.883169e-14 0.000000e+00
83 175 1.646023e-03 2.608770e-02 1 1 2 3 3.392507e-14 0.000000e+00
83 176 1.646023e-03 3.284247e-02 1 1 2 3 2.873637e-14 0.000000e+00
83 177 1.646023e-03 4.134622e-02 1 1 2 3 2.345340e-14 0.000000e+00
83 178 1.646023e-03 5.205181e-02 1 1 2 3 1.831635e-14 0.000000e+00
83 179 1.646023e-03 6.552935e-02 1 1 2 3 1.357583e-14 0.000000e+00
84 160 2.072220e-03 8.249656e-04 1 1 2 3 6.808892e-14 0.000000e+00
84 161 2.072220e-03 1.038570e-03 1 1 2 3 6.800014e-14 0.000000e+00
84 162 2.072220e-03 1.307482e-03 1 1 2 3 6.784186e-14 0.000000e+00
84 163 2.072220e-03 1.646023e-03 1 1 2 3 6.753981e-14 0.000000e+00
84 164 2.072220e-03 2.072220e-03 1 1 2 3 6.690446e-14 0.000000e+00
84 165 2.072220e-03 2.608770e-03 1 1 2 3 6.568145e-14 0.000000e+00
84 166 2.072220e-03 3.284247e-03 1 1 2 3 6.393810e-14 0.000000e+00
84 167 2.072220e-03 4.134622e-03 1 1 2 3 6.186406e-14 0.000000e+00
84 168 2.072220e-03 5.205181e-03 1 1 2 3 5.954656e-14 0.000000e+00
84 169 2.072220e-03 6.552935e-03 1 1 2 3 5.698982e-14 0.000000e+00
84 170 2.072220e-03 8.249656e-03 1 1 2 3 5.415037e-14 0.000000e+00
84 171 2.072220e-03 1.038570e-02 1 1 2 3 5.096450e-14 0.000000e+00
84 172 2.072220e-03 1.307482e-02 1 1 2 3 4.736986e-14 0.000000e+00
84 173 2.072220e-03 1.646023e-02 1 1 2 3 4.332438e-14 0.000000e+00
84 174 2.072220e-03 2.072220e-02 1 1 2 3 3.882444e-14 0.000000e+00
84 175 2.072220e-03 2.608770e-02 1 1 2 3 3.392179e-14 0.000000e+00
84 176 2.072220e-03 3.284247e-02 1 1 2 3 2.873561e-14 0.000000e+00
84 177 2.072220e-03 4.134622e-02 1 1 2 3 2.345399e-14 0.000000e+00
84 178 2.072220e-03 5.205181e-02 1 1 2 3 1.831744e-14 0.000000e+00
84 179 2.072220e-03 6.552935e-02 1 1 2 3 1.357687e-14 0.000000e+00
85 160 2.608770e-03 8.249656e-04 1 1 2 3 6.625412e-14 0.000000e+00
85 161 2.608770e-03 1.038570e-03 1 1 2 3 6.620645e-14 0.000000e+00
85 162 2.608770e-03 1.307482e-03 1 1 2 3 6.612427e-14 0.000000e+00
85 163 2.608770e-03 1.646023e-03 1 1 2 3 6.597607e-14 0.000000e+00
85 164 2.608770e-03 2.072220e-03 1 1 2 3 6.568145e-14 0.000000e+00
85 165 2.608770e-03 2.608770e-03 1 1 2 3 6.501160e-14 0.000000e+00
85 166 2.608770e-03 3.284247e-03 1 1 2 3 6.364713e-14 0.000000e+00
85 167 2.608770e-03 4.134622e-03 1 1 2 3 6.171374e-14 0.000000e+00
85 168 2.608770e-03 5.205181e-03 1 1 2 3 5.944568e-14 0.000000e+00
85 169 2.608770e-03 6.552935e-03 1 1 2 3 5.691206e-14 0.000000e+00
85 170 2.608770e-03 8.249656e-03 1 1 2 3 5.408958e-14 0.000000e+00
85 171 2.608770e-03 1.038570e-02 1 1 2 3 5.091899e-14 0.000000e+00
85 172 2.608770e-03 1.307482e-02 1 1 2 3 4.733802e-14 0.000000e+00
85 173 2.608770e-03 1.646023e-02 1 1 2 3 4.330399e-14 0.000000e+00
85 174 2.608770e-03 2.072220e-02 1 1 2 3 3.881293e-14 0.000000e+00
85 175 2.608770e-03 2.608770e-02 1 1 2 3 3.391658e-14 0.000000e+00
85 176 2.608770e-03 3.284247e-02 1 1 2 3 2.873441e-14 0.000000e+00
85 177 2.608770e-03 4.134622e-02 1 1 2 3 2.345494e-14 0.000000e+00
85 178 2.608770e-03 5.205181e-02 1 1 2 3 1.831919e-14 0.000000e+00
85 179 2.608770e-03 6.552935e-02 1 1 2 3 1.357854e-14 0.000000e+00
86 160 3.284247e-03 8.249656e-04 1 1 2 3 6.423710e-14 0.000000e+00
86 161 3.284247e-03 1.038570e-03 1 1 2 3 6.420891e-14 0.000000e+00
86 162 3.284247e-03 1.307482e-03 1 1 2 3 6.416186e-14 0.000000e+00
86 163 3.284247e-03 1.646023e-03 1 1 2 3 6.408209e-14 0.000000e+00
86 164 3.284247e-03 2.072220e-03 1 1 2 3 6.393810e-14 0.000000e+00
86 165 3.284247e-03 2.608770e-03 1 1 2 3 6.364713e-14 0.000000e+00
86 166 3.284247e-03 3.284247e-03 1 1 2 3 6.293810e-14 0.000000e+00
86 167 3.284247e-03 4.134622e-03 1 1 2 3 6.141532e-14 0.000000e+00
86 168 3.284247e-03 5.205181e-03 1 1 2 3 5.927525e-14 0.000000e+00
86 169 3.284247e-03 6.552935e-03 1 1 2 3 5.678737e-14 0.000000e+00
86 170 3.284247e-03 8.249656e-03 1 1 2 3 5.399298e-14 0.000000e+00
86 171 3.284247e-03 1.038570e-02 1 1 2 3 5.084668e-14 0.000000e+00
86 172 3.284247e-03 1.307482e-02 1 1 2 3 4.728740e-14 0.000000e+00
86 173 3.284247e-03 1.646023e-02 1 1 2 3 4.327157e-14 0.000000e+00
86 174 3.284247e-03 2.072220e-02 1 1 2 3 3.879462e-14 0.000000e+00
86 175 3.284247e-03 2.608770e-02 1 1 2 3 3.390830e-14 0.000000e+00
86 176 3.284247e-03 3.284247e-02 1 1 2 3 2.873249e-14 0.000000e+00
86 177 3.284247e-03 4.134622e-02 1 1 2 3 2.345644e-14 0.000000e+00
86 178 3.284247e-03 5.205181e-02 1 1 2 3 1.832195e-14 0.000000e+00
86 179 3.284247e-03 6.552935e-02 1 1 2 3 1.358119e-14 0.000000e+00
87 160 4.134622e-03 8.249656e-04 1 1 2 3 6.205205e-14 0.000000e+00
87 161 4.134622e-03 1.038570e-03 1 1 2 3 6.203267e-14 0.000000e+00
87 162 4.134622e-03 1.307482e-03 1 1 2 3 6.200100e-14 0.000000e+00
87 163 4.134622e-03 1.646023e-03 1 1 2 3 6.194974e-14 0.000000e+00
87 164 4.134622e-03 2.072220e-03 1 1 2 3 6.186406e-14 0.000000e+00
87 165 4.134622e-03 2.608770e-03 1 1 2 3 6.171374e-14 0.000000e+00
87 166 4.134622e-03 3.284247e-03 1 1 2 3 6.141532e-14 0.000000e+00
87 167 4.134622e-03 4.134622e-03 1 1 2 3 6.065568e-14 0.000000e+00
87 168 4.134622e-03 5.205181e-03 1 1 2 3 5.895275e-14 0.000000e+00
87 169 4.134622e-03 6.552935e-03 1 1 2 3 5.658311e-14 0.000000e+00
87 170 4.134622e-03 8.249656e-03 1 1 2 3 5.383900e-14 0.000000e+00
87 171 4.134622e-03 1.038570e-02 1 1 2 3 5.073162e-14 0.000000e+00
87 172 4.134622e-03 1.307482e-02 1 1 2 3 4.720677e-14 0.000000e+00
87 173 4.134622e-03 1.646023e-02 1 1 2 3 4.321988e-14 0.000000e+00
87 174 4.134622e-03 2.072220e-02 1 1 2 3 3.876542e-14 0.000000e+00
87 175 4.134622e-03 2.608770e-02 1 1 2 3 3.389506e-14 0.000000e+00
87 176 4.134622e-03 3.284247e-02 1 1 2 3 2.872940e-14 0.000000e+00
87 177 4.134622e-03 4.134622e-02 1 1 2 3 2.345880e-14 0.000000e+00
87 178 4.134622e-03 5.205181e-02 1 1 2 3 1.832633e-14 0.000000e+00
87 179 4.134622e-03 6.552935e-02 1 1 2 3 1.358539e-14 0.000000e+00
88 160 5.205181e-03 8.249656e-04 1 1 2 3 5.968617e-14 0.000000e+00
88 161 5.205181e-03 1.038570e-03 1 1 2 3 5.967121e-14 0.000000e+00
88 162 5.205181e-03 1.307482e-03 1 1 2 3 5.964693e-14 0.000000e+00
88 163 5.205181e-03 1.646023e-03 1 1 2 3 5.960849e-14 0.000000e+00
88 164 5.205181e-03 2.072220e-03 1 1 2 3 5.954656e-14 0.000000e+00
88 165 5.205181e-03 2.608770e-03 1 1 2 3 5.944568e-14 0.000000e+00
88 166 5.205181e-03 3.284247e-03 1 1 2 3 5.927525e-14 0.000000e+00
88 167 5.205181e-03 4.134622e-03 1 1 2 3 5.895275e-14 0.000000e+00
88 168 5.205181e-03 5.205181e-03 1 1 2 3 5.812558e-14 0.000000e+00
88 169 5.205181e-03 6.552935e-03 1 1 2 3 5.621777e-14 0.000000e+00
88 170 5.205181e-03 8.249656e-03 1 1 2 3 5.359089e-14 0.000000e+00
88 171 5.205181e-03 1.038570e-02 1 1 2 3 5.054807e-14 0.000000e+00
88 172 5.205181e-03 1.307482e-02 1 1 2 3 4.707796e-14 0.000000e+00
88 173 5.205181e-03 1.646023e-02 1 1 2 3 4.313720e-14 0.000000e+00
88 174 5.205181e-03 2.072220e-02 1 1 2 3 3.871864e-14 0.000000e+00
88 175 5.205181e-03 2.608770e-02 1 1 2 3 3.387380e-14 0.000000e+00
88 176 5.205181e-03 3.284247e-02 1 1 2 3 2.872436e-14 0.000000e+00
88 177 5.205181e-03 4.134622e-02 1 1 2 3 2.346247e-14 0.000000e+00
88 178 5.205181e-03 5.205181e-02 1 1 2 3 1.833323e-14 0.000000e+00
88 179 5.205181e-03 6.552935e-02 1 1 2 3 1.359205e-14 0.000000e+00
89 160 6.552935e-03 8.249656e-04 1 1 2 3 5.710070e-14 0.000000e+00
89 161 6.552935e-03 1.038570e-03 1 1 2 3 5.708871e-14 0.000000e+00
89 162 6.552935e-03 1.307482e-03 1 1 2 3 5.706924e-14 0.000000e+00
89 163 6.552935e-03 1.646023e-03 1 1 2 3 5.703863e-14 0.000000e+00
89 164 6.552935e-03 2.072220e-03 1 1 2 3 5.698982e-14 0.000000e+00
89 165 6.552935e-03 2.608770e-03 1 1 2 3 5.691206e-14 0.000000e+00
89 166 6.552935e-03 3.284247e-03 1 1 2 3 5.678737e-14 0.000000e+00
89 167 6.552935e-03 4.134622e-03 1 1 2 3 5.658311e-14 0.000000e+00
89 168 6.552935e-03 5.205181e-03 1 1 2 3 5.621777e-14 0.000000e+00
89 169 6.552935e-03 6.552935e-03 1 1 2 3 5.530348e-14 0.000000e+00
89 170 6.552935e-03 8.249656e-03 1 1 2 3 5.316646e-14 0.000000e+00
89 171 6.552935e-03 1.038570e-02 1 1 2 3 5.025333e-14 0.000000e+00
89 172 6.552935e-03 1.307482e-02 1 1 2 3 4.687130e-14 0.000000e+00
89 173 6.552935e-03 1.646023e-02 1 1 2 3 4.300425e-14 0.000000e+00
89 174 6.552935e-03 2.072220e-02 1 1 2 3 3.864329e-14 0.000000e+00
89 175 6.552935e-03 2.608770e-02 1 1 2 3 3.383942e-14 0.000000e+00
89 176 6.552935e-03 3.284247e-02 1 1 2 3 2.871602e-14 0.000000e+00
89 177 6.552935e-03 4.134622e-02 1 1 2 3 2.346813e-14 0.000000e+00
89 178 6.552935e-03 5.205181e-02 1 1 2 3 1.834411e-14 0.000000e+00
89 179 6.552935e-03 6.552935e-02 1 1 2 3 1.360256e-14 0.000000e+00
90 160 8.249656e-03 8.249656e-04 1 1 2 3 5.423746e-14 0.000000e+00
90 161 8.249656e-03 1.038570e-03 1 1 2 3 5.422807e-14 0.000000e+00
90 162 8.249656e-03 1.307482e-03 1 1 2 3 5.421272e-14 0.000000e+00
90 163 8.249656e-03 1.646023e-03 1 1 2 3 5.418869e-14 0.000000e+00
90 164 8.249656e-03 2.072220e-03 1 1 2 3 5.415037e-14 0.000000e+00
90 165 8.249656e-03 2.608770e-03 1 1 2 3 5.408958e-14 0.000000e+00
90 166 8.249656e-03 3.284247e-03 1 1 2 3 5.399298e-14 0.000000e+00
90 167 8.249656e-03 4.134622e-03 1 1 2 3 5.383900e-14 0.000000e+00
90 168 8.249656e-03 5.205181e-03 1 1 2 3 5.359089e-14 0.000000e+00
90 169 8.249656e-03 6.552935e-03 1 1 2 3 5.316646e-14 0.000000e+00
90 170 8.249656e-03 8.249656e-03 1 1 2 3 5.214715e-14 0.000000e+00
90 171 8.249656e-03 1.038570e-02 1 1 2 3 4.976146e-14 0.000000e+00
90 172 8.249656e-03 1.307482e-02 1 1 2 3 4.653738e-14 0.000000e+00
90 173 8.249656e-03 1.646023e-02 1 1 2 3 4.278879e-14 0.000000e+00
90 174 8.249656e-03 2.072220e-02 1 1 2 3 3.852077e-14 0.000000e+00
90 175 8.249656e-03 2.608770e-02 1 1 2 3 3.378318e-14 0.000000e+00
90 176 8.249656e-03 3.284247e-02 1 1 2 3 2.870191e-14 0.000000e+00
90 177 8.249656e-03 4.134622e-02 1 1 2 3 2.347668e-14 0.000000e+00
90 178 8.249656e-03 5.205181e-02 1 1 2 3 1.836118e-14 0.000000e+00
90 179 8.249656e-03 6.552935e-02 1 1 2 3 1.361919e-14 0.000000e+00
91 160 1.038570e-02 8.249656e-04 1 1 2 3 5.102963e-14 0.000000e+00
91 161 1.038570e-02 1.038570e-03 1 1 2 3 5.102265e-14 0.000000e+00
91 162 1.038570e-02 1.307482e-03 1 1 2 3 5.101114e-14 0.000000e+00
91 163 1.038570e-02 1.646023e-03 1 1 2 3 5.099318e-14 0.000000e+00
91 164 1.038570e-02 2.072220e-03 1 1 2 3 5.096450e-14 0.000000e+00
91 165 1.038570e-02 2.608770e-03 1 1 2 3 5.091899e-14 0.000000e+00
91 166 1.038570e-02 3.284247e-03 1 1 2 3 5.084668e-14 0.000000e+00
91 167 1.038570e-02 4.134622e-03 1 1 2 3 5.073162e-14 0.000000e+00
91 168 1.038570e-02 5.205181e-03 1 1 2 3 5.054807e-14 0.000000e+00
91 169 1.038570e-02 6.552935e-03 1 1 2 3 5.025333e-14 0.000000e+00
91 170 1.038570e-02 8.249656e-03 1 1 2 3 4.976146e-14 0.000000e+00
91 171 1.038570e-02 1.038570e-02 1 1 2 3 4.862653e-14 0.000000e+00
91 172 1.038570e-02 1.307482e-02 1 1 2 3 4.598295e-14 0.000000e+00
91 173 1.038570e-02 1.646023e-02 1 1 2 3 4.243543e-14 0.000000e+00
91 174 1.038570e-02 2.072220e-02 1 1 2 3 3.831871e-14 0.000000e+00
91 175 1.038570e-02 2.608770e-02 1 1 2 3 3.368956e-14 0.000000e+00
91 176 1.038570e-02 3.284247e-02 1 1 2 3 2.867727e-14 0.000000e+00
91 177 1.038570e-02 4.134622e-02 1 1 2 3 2.348919e-14 0.000000e+00
91 178 1.038570e-02 5.205181e-02 1 1 2 3 1.838782e-14 0.000000e+00
91 179 1.038570e-02 6.552935e-02 1 1 2 3 1.364543e-14 0.000000e+00
92 160 1.307482e-02 8.249656e-04 1 1 2 3 4.741532e-14 0.000000e+00
92 161 1.307482e-02 1.038570e-03 1 1 2 3 4.741052e-14 0.000000e+00
92 162 1.307482e-02 1.307482e-03 1 1 2 3 4.740243e-14 0.000000e+00
92 163 1.307482e-02 1.646023e-03 1 1 2 3 4.738991e-14 0.000000e+00
92 164 1.307482e-02 2.072220e-03 1 1 2 3 4.736986e-14 0.000000e+00
92 165 1.307482e-02 2.608770e-03 1 1 2 3 4.733802e-14 0.000000e+00
92 166 1.307482e-02 3.284247e-03 1 1 2 3 4.728740e-14 0.000000e+00
92 167 1.307482e-02 4.134622e-03 1 1 2 3 4.720677e-14 0.000000e+00
92 168 1.307482e-02 5.205181e-03 1 1 2 3 4.707796e-14 0.000000e+00
92 169 1.307482e-02 6.552935e-03 1 1 2 3 4.687130e-14 0.000000e+00
92 170 1.307482e-02 8.249656e-03 1 1 2 3 4.653738e-14 0.000000e+00
92 171 1.307482e-02 1.038570e-02 1 1 2 3 4.598295e-14 0.000000e+00
92 172 1.307482e-02 1.307482e-02 1 1 2 3 4.473550e-14 0.000000e+00
92 173 1.307482e-02 1.646023e-02 1 1 2 3 4.184087e-14 0.000000e+00
92 174 1.307482e-02 2.072220e-02 1 1 2 3 3.797845e-14 0.000000e+00
92 175 1.307482e-02 2.608770e-02 1 1 2 3 3.352957e-14 0.000000e+00
92 176 1.307482e-02 3.284247e-02 1 1 2 3 2.863232e-14 0.000000e+00
92 177 1.307482e-02 4.134622e-02 1 1 2 3 2.350631e-14 0.000000e+00
92 178 1.307482e-02 5.205181e-02 1 1 2 3 1.842895e-14 0.000000e+00
92 179 1.307482e-02 6.552935e-02 1 1 2 3 1.368671e-14 0.000000e+00
93 160 1.646023e-02 8.249656e-04 1 1 2 3 4.335341e-14 0.000000e+00
93 161 1.646023e-02 1.038570e-03 1 1 2 3 4.335041e-14 0.000000e+00
93 162 1.646023e-02 1.307482e-03 1 1 2 3 4.334519e-14 0.000000e+00
93 163 1.646023e-02 1.646023e-03 1 1 2 3 4.333722e-14 0.000000e+00
93 164 1.646023e-02 2.072220e-03 1 1 2 3 4.332438e-14 0.000000e+00
93 165 1.646023e-02 2.608770e-03 1 1 2 3 4.330399e-14 0.000000e+00
93 166 1.646023e-02 3.284247e-03 1 1 2 3 4.327157e-14 0.000000e+00
93 167 1.646023e-02 4.134622e-03 1 1 2 3 4.321988e-14 0.000000e+00
93 168 1.646023e-02 5.205181e-03 1 1 2 3 4.313720e-14 0.000000e+00
93 169 1.646023e-02 6.552935e-03 1 1 2 3 4.300425e-14 0.000000e+00
93 170 1.646023e-02 8.249656e-03 1 1 2 3 4.278879e-14 0.000000e+00
93 171 1.646023e-02 1.038570e-02 1 1 2 3 4.243543e-14 0.000000e+00
93 172 1.646023e-02 1.307482e-02 1 1 2 3 4.184087e-14 0.000000e+00
93 173 1.646023e-02 1.646023e-02 1 1 2 3 4.050343e-14 0.000000e+00
93 174 1.646023e-02 2.072220e-02 1 1 2 3 3.738568e-14 0.000000e+00
93 175 1.646023e-02 2.608770e-02 1 1 2 3 3.324570e-14 0.000000e+00
93 176 1.646023e-02 3.284247e-02 1 1 2 3 2.854559e-14 0.000000e+00
93 177 1.646023e-02 4.134622e-02 1 1 2 3 2.352643e-14 0.000000e+00
93 178 1.646023e-02 5.205181e-02 1 1 2 3 1.849135e-14 0.000000e+00
93 179 1.646023e-02 6.552935e-02 1 1 2 3 1.375136e-14 0.000000e+00
94 160 2.072220e-02 8.249656e-04 1 1 2 3 3.884073e-14 0.000000e+00
94 161 2.072220e-02 1.038570e-03 1 1 2 3 3.883913e-14 0.000000e+00
94 162 2.072220e-02 1.307482e-03 1 1 2 3 3.883614e-14 0.000000e+00
94 163 2.072220e-02 1.646023e-03 1 1 2 3 3.883169e-14 0.000000e+00
94 164 2.072220e-02 2.072220e-03 1 1 2 3 3.882444e-14 0.000000e+00
94 165 2.072220e-02 2.608770e-03 1 1 2 3 3.881293e-14 0.000000e+00
94 166 2.072220e-02 3.284247e-03 1 1 2 3 3.879462e-14 0.000000e+00
94 167 2.072220e-02 4.134622e-03 1 1 2 3 3.876542e-14 0.000000e+00
94 168 2.072220e-02 5.205181e-03 1 1 2 3 3.871864e-14 0.000000e+00
94 169 2.072220e-02 6.552935e-03 1 1 2 3 3.864329e-14 0.000000e+00
94 170 2.072220e-02 8.249656e-03 1 1 2 3 3.852077e-14 0.000000e+00
94 171 2.072220e-02 1.038570e-02 1 1 2 3 3.831871e-14 0.000000e+00
94 172 2.072220e-02 1.307482e-02 1 1 2 3 3.797845e-14 0.000000e+00
94 173 2.072220e-02 1.646023e-02 1 1 2 3 3.738568e-14 0.000000e+00
94 174 2.072220e-02 2.072220e-02 1 1 2 3 3.600382e-14 0.000000e+00
94 175 2.072220e-02 2.608770e-02 1 1 2 3 3.271442e-14 0.000000e+00
94 176 2.072220e-02 3.284247e-02 1 1 2 3 2.836651e-14 0.000000e+00
94 177 2.072220e-02 4.134622e-02 1 1 2 3 2.353953e-14 0.000000e+00
94 178 2.072220e-02 5.205181e-02 1 1 2 3 1.858284e-14 0.000000e+00
94 179 2.072220e-02 6.552935e-02 1 1 2 3 1.385178e-14 0.000000e+00
95 160 2.608770e-02 8.249656e-04 1 1 2 3 3.392904e-14 0.000000e+00
95 161 2.608770e-02 1.038570e-03 1 1 2 3 3.392843e-14 0.000000e+00
95 162 2.608770e-02 1.307482e-03 1 1 2 3 3.392702e-14 0.000000e+00
95 163 2.608770e-02 1.646023e-03 1 1 2 3 3.392507e-14 0.000000e+00
95 164 2.608770e-02 2.072220e-03 1 1 2 3 3.392179e-14 0.000000e+00
95 165 2.608770e-02 2.608770e-03 1 1 2 3 3.391658e-14 0.000000e+00
95 166 2.608770e-02 3.284247e-03 1 1 2 3 3.390830e-14 0.000000e+00
95 167 2.608770e-02 4.134622e-03 1 1 2 3 3.389506e-14 0.000000e+00
95 168 2.608770e-02 5.205181e-03 1 1 2 3 3.387380e-14 0.000000e+00
95 169 2.608770e-02 6.552935e-03 1 1 2 3 3.383942e-14 0.000000e+00
95 170 2.608770e-02 8.249656e-03 1 1 2 3 3.378318e-14 0.000000e+00
95 171 2.608770e-02 1.038570e-02 1 1 2 3 3.368956e-14 0.000000e+00
95 172 2.608770e-02 1.307482e-02 1 1 2 3 3.352957e-14 0.000000e+00
95 173 2.608770e-02 1.646023e-02 1 1 2 3 3.324570e-14 0.000000e+00
95 174 2.608770e-02 2.072220e-02 1 1 2 3 3.271442e-14 0.000000e+00
95 175 2.608770e-02 2.608770e-02 1 1 2 3 3.135576e-14 0.000000e+00
95 176 2.608770e-02 3.284247e-02 1 1 2 3 2.796685e-14 0.000000e+00
95 177 2.608770e-02 4.134622e-02 1 1 2 3 2.350832e-14 0.000000e+00
95 178 2.608770e-02 5.205181e-02 1 1 2 3 1.870767e-14 0.000000e+00
95 179 2.608770e-02 6.552935e-02 1 1 2 3 1.400530e-14 0.000000e+00
96 160 3.284247e-02 8.249656e-04 1 1 2 3 2.873712e-14 0.000000e+00
96 161 3.284247e-02 1.038570e-03 1 1 2 3 2.873714e-14 0.000000e+00
96 162 3.284247e-02 1.307482e-03 1 1 2 3 2.873673e-14 0.000000e+00
96 163 3.284247e-02 1.646023e-03 1 1 2 3 2.873637e-14 0.000000e+00
96 164 3.284247e-02 2.072220e-03 1 1 2 3 2.873561e-14 0.000000e+00
96 165 3.284247e-02 2.608770e-03 1 1 2 3 2.873441e-14 0.000000e+00
96 166 3.284247e-02 3.284247e-03 1 1 2 3 2.873249e-14 0.000000e+00
96 167 3.284247e-02 4.134622e-03 1 1 2 3 2.872940e-14 0.000000e+00
96 168 3.284247e-02 5.205181e-03 1 1 2 3 2.872436e-14 0.000000e+00
96 169 3.284247e-02 6.552935e-03 1 1 2 3 2.871602e-14 0.000000e+00
96 170 3.284247e-02 8.249656e-03 1 1 2 3 2.870191e-14 0.000000e+00
96 171 3.284247e-02 1.038570e-02 1 1 2 3 2.867727e-14 0.000000e+00
96 172 3.284247e-02 1.307482e-02 1 1 2 3 2.863232e-14 0.000000e+00
96 173 3.284247e-02 1.646023e-02 1 1 2 3 2.854559e-14 0.000000e+00
96 174 3.284247e-02 2.072220e-02 1 1 2 3 2.836651e-14 0.000000e+00
96 175 3.284247e-02 2.608770e-02 1 1 2 3 2.796685e-14 0.000000e+00
96 176 3.284247e-02 3.284247e-02 1 1 2 3 2.671304e-14 0.000000e+00
96 177 3.284247e-02 4.134622e-02 1 1 2 3 2.330671e-14 0.000000e+00
96 178 3.284247e-02 5.205181e-02 1 1 2 3 1.884767e-14 0.000000e+00
96 179 3.284247e-02 6.552935e-02 1 1 2 3 1.423229e-14 0.000000e+00
97 160 4.134622e-02 8.249656e-04 1 1 2 3 2.345241e-14 0.000000e+00
97 161 4.134622e-02 1.038570e-03 1 1 2 3 2.345277e-14 0.000000e+00
97 162 4.134622e-02 1.307482e-03 1 1 2 3 2.345291e-14 0.000000e+00
97 163 4.134622e-02 1.646023e-03 1 1 2 3 2.345340e-14 0.000000e+00
97 164 4.134622e-02 2.072220e-03 1 1 2 3 2.345399e-14 0.000000e+00
97 165 4.134622e-02 2.608770e-03 1 1 2 3 2.345494e-14 0.000000e+00
97 166 4.134622e-02 3.284247e-03 1 1 2 3 2.345644e-14 0.000000e+00
97 167 4.134622e-02 4.134622e-03 1 1 2 3 2.345880e-14 0.000000e+00
97 168 4.134622e-02 5.205181e-03 1 1 2 3 2.346247e-14 0.000000e+00
97 169 4.134622e-02 6.552935e-03 1 1 2 3 2.346813e-14 0.000000e+00
97 170 4.134622e-02 8.249656e-03 1 1 2 3 2.347668e-14 0.000000e+00
97 171 4.134622e-02 1.038570e-02 1 1 2 3 2.348919e-14 0.000000e+00
97 172 4.134622e-02 1.307482e-02 1 1 2 3 2.350631e-14 0.000000e+00
97 173 4.134622e-02 1.646023e-02 1 1 2 3 2.352643e-14 0.000000e+00
97 174 4.134622e-02 2.072220e-02 1 1 2 3 2.353953e-14 0.000000e+00
97 175 4.134622e-02 2.608770e-02 1 1 2 3 2.350832e-14 0.000000e+00
97 176 4.134622e-02 3.284247e-02 1 1 2 3 2.330671e-14 0.000000e+00
97 177 4.134622e-02 4.134622e-02 1 1 2 3 2.223732e-14 0.000000e+00
97 178 4.134622e-02 5.205181e-02 1 1 2 3 1.888925e-14 0.000000e+00
97 179 4.134622e-02 6.552935e-02 1 1 2 3 1.454056e-14 0.000000e+00
98 160 5.205181e-02 8.249656e-04 1 1 2 3 1.831474e-14 0.000000e+00
98 161 5.205181e-02 1.038570e-03 1 1 2 3 1.831522e-14 0.000000e+00
98 162 5.205181e-02 1.307482e-03 1 1 2 3 1.831555e-14 0.000000e+00
98 163 5.205181e-02 1.646023e-03 1 1 2 3 1.831635e-14 0.000000e+00
98 164 5.205181e-02 2.072220e-03 1 1 2 3 1.831744e-14 0.000000e+00
98 165 5.205181e-02 2.608770e-03 1 1 2 3 1.831919e-14 0.000000e+00
98 166 5.205181e-02 3.284247e-03 1 1 2 3 1.832195e-14 0.000000e+00
98 167 5.205181e-02 4.134622e-03 1 1 2 3 1.832633e-14 0.000000e+00
98 168 5.205181e-02 5.205181e-03 1 1 2 3 1.833323e-14 0.000000e+00
98 169 5.205181e-02 6.552935e-03 1 1 2 3 1.834411e-14 0.000000e+00
98 170 5.205181e-02 8.249656e-03 1 1 2 3 1.836118e-14 0.000000e+00
98 171 5.205181e-02 1.038570e-02 1 1 2 3 1.838782e-14 0.000000e+00
98 172 5.205181e-02 1.307482e-02 1 1 2 3 1.842895e-14 0.000000e+00
98 173 5.205181e-02 1.646023e-02 1 1 2 3 1.849135e-14 0.000000e+00
98 174 5.205181e-02 2.072220e-02 1 1 2 3 1.858284e-14 0.000000e+00
98 175 5.205181e-02 2.608770e-02 1 1 2 3 1.870767e-14 0.000000e+00
98 176 5.205181e-02 3.284247e-02 1 1 2 3 1.884767e-14 0.000000e+00
98 177 5.205181e-02 4.134622e-02 1 1 2 3 1.888925e-14 0.000000e+00
98 178 5.205181e-02 5.205181e-02 1 1 2 3 1.806774e-14 0.000000e+00
98 179 5.205181e-02 6.552935e-02 1 1 2 3 1.484511e-14 0.000000e+00
99 160 6.552935e-02 8.249656e-04 1 1 2 3 1.357427e-14 0.000000e+00
99 161 6.552935e-02 1.038570e-03 1 1 2 3 1.357473e-14 0.000000e+00
99 162 6.552935e-02 1.307482e-03 1 1 2 3 1.357506e-14 0.000000e+00
99 163 6.552935e-02 1.646023e-03 1 1 2 3 1.357583e-14 0.000000e+00
99 164 6.552935e-02 2.072220e-03 1 1 2 3 1.357687e-14 0.000000e+00
99 165 6.552935e-02 2.608770e-03 1 1 2 3 1.357854e-14 0.000000e+00
99 166 6.552935e-02 3.284247e-03 1 1 2 3 1.358119e-14 0.000000e+00
99 167 6.552935e-02 4.134622e-03 1 1 2 3 1.358539e-14 0.000000e+00
99 168 6.552935e-02 5.205181e-03 1 1 2 3 1.359205e-14 0.000000e+00
99 169 6.552935e-02 6.552935e-03 1 1 2 3 1.360256e-14 0.000000e+00
99 170 6.552935e-02 8.249656e-03 1 1 2 3 1.361919e-14 0.000000e+00
99 171 6.552935e-02 1.038570e-02 1 1 2 3 1.364543e-14 0.000000e+00
99 172 6.552935e-02 1.307482e-02 1 1 2 3 1.368671e-14 0.000000e+00
99 173 6.552935e-02 1.646023e-02 1 1 2 3 1.375136e-14 0.000000e+00
99 174 6.552935e-02 2.072220e-02 1 1 2 3 1.385178e-14 0.000000e+00
99 175 6.552935e-02 2.608770e-02 1 1 2 3 1.400530e-14 0.000000e+00
99 176 6.552935e-02 3.284247e-02 1 1 2 3 1.423229e-14 0.000000e+00
99 177 6.552935e-02 4.134622e-02 1 1 2 3 1.454056e-14 0.000000e+00
99 178 6.552935e-02 5.205181e-02 1 1 2 3 1.484511e-14 0.000000e+00
99 179 6.552935e-02 6.552935e-02 1 1 2 3 1.432086e-14 0.000000e+00
