# Please cite the following papers in research using this covariance:
# arXiv: 1601.05779, https://arxiv.org/abs/1601.05779
# arXiv: 1911.11947, https://arxiv.org/abs/1911.11947
# arXiv: 2004.04833, https://arxiv.org/abs/2004.04833
########################################################
60 140 8.249656e-04 8.249656e-04 0 3 2 2 7.543694e-14 0.000000e+00
60 141 8.249656e-04 1.038570e-03 0 3 2 2 7.468529e-14 0.000000e+00
60 142 8.249656e-04 1.307482e-03 0 3 2 2 7.359934e-14 0.000000e+00
60 143 8.249656e-04 1.646023e-03 0 3 2 2 7.219722e-14 0.000000e+00
60 144 8.249656e-04 2.072220e-03 0 3 2 2 7.051831e-14 0.000000e+00
60 145 8.249656e-04 2.608770e-03 0 3 2 2 6.860621e-14 0.000000e+00
60 146 8.249656e-04 3.284247e-03 0 3 2 2 6.649392e-14 0.000000e+00
60 147 8.249656e-04 4.134622e-03 0 3 2 2 6.419333e-14 0.000000e+00
60 148 8.249656e-04 5.205181e-03 0 3 2 2 6.169033e-14 0.000000e+00
60 149 8.249656e-04 6.552935e-03 0 3 2 2 5.894612e-14 0.000000e+00
60 150 8.249656e-04 8.249656e-03 0 3 2 2 5.590408e-14 0.000000e+00
60 151 8.249656e-04 1.038570e-02 0 3 2 2 5.250068e-14 0.000000e+00
60 152 8.249656e-04 1.307482e-02 0 3 2 2 4.867925e-14 0.000000e+00
60 153 8.249656e-04 1.646023e-02 0 3 2 2 4.440552e-14 0.000000e+00
60 154 8.249656e-04 2.072220e-02 0 3 2 2 3.968454e-14 0.000000e+00
60 155 8.249656e-04 2.608770e-02 0 3 2 2 3.457676e-14 0.000000e+00
60 156 8.249656e-04 3.284247e-02 0 3 2 2 2.920950e-14 0.000000e+00
60 157 8.249656e-04 4.134622e-02 0 3 2 2 2.377688e-14 0.000000e+00
60 158 8.249656e-04 5.205181e-02 0 3 2 2 1.851931e-14 0.000000e+00
60 159 8.249656e-04 6.552935e-02 0 3 2 2 1.367413e-14 0.000000e+00
61 140 1.038570e-03 8.249656e-04 0 3 2 2 7.468529e-14 0.000000e+00
61 141 1.038570e-03 1.038570e-03 0 3 2 2 7.416212e-14 0.000000e+00
61 142 1.038570e-03 1.307482e-03 0 3 2 2 7.328428e-14 0.000000e+00
61 143 1.038570e-03 1.646023e-03 0 3 2 2 7.202080e-14 0.000000e+00
61 144 1.038570e-03 2.072220e-03 0 3 2 2 7.042284e-14 0.000000e+00
61 145 1.038570e-03 2.608770e-03 0 3 2 2 6.855355e-14 0.000000e+00
61 146 1.038570e-03 3.284247e-03 0 3 2 2 6.646217e-14 0.000000e+00
61 147 1.038570e-03 4.134622e-03 0 3 2 2 6.417154e-14 0.000000e+00
61 148 1.038570e-03 5.205181e-03 0 3 2 2 6.167385e-14 0.000000e+00
61 149 1.038570e-03 6.552935e-03 0 3 2 2 5.893324e-14 0.000000e+00
61 150 1.038570e-03 8.249656e-03 0 3 2 2 5.589421e-14 0.000000e+00
61 151 1.038570e-03 1.038570e-02 0 3 2 2 5.249350e-14 0.000000e+00
61 152 1.038570e-03 1.307482e-02 0 3 2 2 4.867438e-14 0.000000e+00
61 153 1.038570e-03 1.646023e-02 0 3 2 2 4.440255e-14 0.000000e+00
61 154 1.038570e-03 2.072220e-02 0 3 2 2 3.968300e-14 0.000000e+00
61 155 1.038570e-03 2.608770e-02 0 3 2 2 3.457621e-14 0.000000e+00
61 156 1.038570e-03 3.284247e-02 0 3 2 2 2.920957e-14 0.000000e+00
61 157 1.038570e-03 4.134622e-02 0 3 2 2 2.377727e-14 0.000000e+00
61 158 1.038570e-03 5.205181e-02 0 3 2 2 1.851980e-14 0.000000e+00
61 159 1.038570e-03 6.552935e-02 0 3 2 2 1.367460e-14 0.000000e+00
62 140 1.307482e-03 8.249656e-04 0 3 2 2 7.359934e-14 0.000000e+00
62 141 1.307482e-03 1.038570e-03 0 3 2 2 7.328428e-14 0.000000e+00
62 142 1.307482e-03 1.307482e-03 0 3 2 2 7.270572e-14 0.000000e+00
62 143 1.307482e-03 1.646023e-03 0 3 2 2 7.169916e-14 0.000000e+00
62 144 1.307482e-03 2.072220e-03 0 3 2 2 7.025377e-14 0.000000e+00
62 145 1.307482e-03 2.608770e-03 0 3 2 2 6.846339e-14 0.000000e+00
62 146 1.307482e-03 3.284247e-03 0 3 2 2 6.640943e-14 0.000000e+00
62 147 1.307482e-03 4.134622e-03 0 3 2 2 6.413604e-14 0.000000e+00
62 148 1.307482e-03 5.205181e-03 0 3 2 2 6.164713e-14 0.000000e+00
62 149 1.307482e-03 6.552935e-03 0 3 2 2 5.891233e-14 0.000000e+00
62 150 1.307482e-03 8.249656e-03 0 3 2 2 5.587809e-14 0.000000e+00
62 151 1.307482e-03 1.038570e-02 0 3 2 2 5.248164e-14 0.000000e+00
62 152 1.307482e-03 1.307482e-02 0 3 2 2 4.866621e-14 0.000000e+00
62 153 1.307482e-03 1.646023e-02 0 3 2 2 4.439736e-14 0.000000e+00
62 154 1.307482e-03 2.072220e-02 0 3 2 2 3.968009e-14 0.000000e+00
62 155 1.307482e-03 2.608770e-02 0 3 2 2 3.457489e-14 0.000000e+00
62 156 1.307482e-03 3.284247e-02 0 3 2 2 2.920924e-14 0.000000e+00
62 157 1.307482e-03 4.134622e-02 0 3 2 2 2.377746e-14 0.000000e+00
62 158 1.307482e-03 5.205181e-02 0 3 2 2 1.852016e-14 0.000000e+00
62 159 1.307482e-03 6.552935e-02 0 3 2 2 1.367493e-14 0.000000e+00
63 140 1.646023e-03 8.249656e-04 0 3 2 2 7.219722e-14 0.000000e+00
63 141 1.646023e-03 1.038570e-03 0 3 2 2 7.202080e-14 0.000000e+00
63 142 1.646023e-03 1.307482e-03 0 3 2 2 7.169916e-14 0.000000e+00
63 143 1.646023e-03 1.646023e-03 0 3 2 2 7.107350e-14 0.000000e+00
63 144 1.646023e-03 2.072220e-03 0 3 2 2 6.993384e-14 0.000000e+00
63 145 1.646023e-03 2.608770e-03 0 3 2 2 6.830232e-14 0.000000e+00
63 146 1.646023e-03 3.284247e-03 0 3 2 2 6.632051e-14 0.000000e+00
63 147 1.646023e-03 4.134622e-03 0 3 2 2 6.407861e-14 0.000000e+00
63 148 1.646023e-03 5.205181e-03 0 3 2 2 6.160479e-14 0.000000e+00
63 149 1.646023e-03 6.552935e-03 0 3 2 2 5.887943e-14 0.000000e+00
63 150 1.646023e-03 8.249656e-03 0 3 2 2 5.585285e-14 0.000000e+00
63 151 1.646023e-03 1.038570e-02 0 3 2 2 5.246315e-14 0.000000e+00
63 152 1.646023e-03 1.307482e-02 0 3 2 2 4.865354e-14 0.000000e+00
63 153 1.646023e-03 1.646023e-02 0 3 2 2 4.438945e-14 0.000000e+00
63 154 1.646023e-03 2.072220e-02 0 3 2 2 3.967577e-14 0.000000e+00
63 155 1.646023e-03 2.608770e-02 0 3 2 2 3.457309e-14 0.000000e+00
63 156 1.646023e-03 3.284247e-02 0 3 2 2 2.920900e-14 0.000000e+00
63 157 1.646023e-03 4.134622e-02 0 3 2 2 2.377803e-14 0.000000e+00
63 158 1.646023e-03 5.205181e-02 0 3 2 2 1.852099e-14 0.000000e+00
63 159 1.646023e-03 6.552935e-02 0 3 2 2 1.367570e-14 0.000000e+00
64 140 2.072220e-03 8.249656e-04 0 3 2 2 7.051831e-14 0.000000e+00
64 141 2.072220e-03 1.038570e-03 0 3 2 2 7.042284e-14 0.000000e+00
64 142 2.072220e-03 1.307482e-03 0 3 2 2 7.025377e-14 0.000000e+00
64 143 2.072220e-03 1.646023e-03 0 3 2 2 6.993384e-14 0.000000e+00
64 144 2.072220e-03 2.072220e-03 0 3 2 2 6.926636e-14 0.000000e+00
64 145 2.072220e-03 2.608770e-03 0 3 2 2 6.798646e-14 0.000000e+00
64 146 2.072220e-03 3.284247e-03 0 3 2 2 6.616168e-14 0.000000e+00
64 147 2.072220e-03 4.134622e-03 0 3 2 2 6.398294e-14 0.000000e+00
64 148 2.072220e-03 5.205181e-03 0 3 2 2 6.153654e-14 0.000000e+00
64 149 2.072220e-03 6.552935e-03 0 3 2 2 5.882691e-14 0.000000e+00
64 150 2.072220e-03 8.249656e-03 0 3 2 2 5.581258e-14 0.000000e+00
64 151 2.072220e-03 1.038570e-02 0 3 2 2 5.243361e-14 0.000000e+00
64 152 2.072220e-03 1.307482e-02 0 3 2 2 4.863325e-14 0.000000e+00
64 153 2.072220e-03 1.646023e-02 0 3 2 2 4.437669e-14 0.000000e+00
64 154 2.072220e-03 2.072220e-02 0 3 2 2 3.966873e-14 0.000000e+00
64 155 2.072220e-03 2.608770e-02 0 3 2 2 3.457003e-14 0.000000e+00
64 156 2.072220e-03 3.284247e-02 0 3 2 2 2.920844e-14 0.000000e+00
64 157 2.072220e-03 4.134622e-02 0 3 2 2 2.377875e-14 0.000000e+00
64 158 2.072220e-03 5.205181e-02 0 3 2 2 1.852212e-14 0.000000e+00
64 159 2.072220e-03 6.552935e-02 0 3 2 2 1.367676e-14 0.000000e+00
65 140 2.608770e-03 8.249656e-04 0 3 2 2 6.860621e-14 0.000000e+00
65 141 2.608770e-03 1.038570e-03 0 3 2 2 6.855355e-14 0.000000e+00
65 142 2.608770e-03 1.307482e-03 0 3 2 2 6.846339e-14 0.000000e+00
65 143 2.608770e-03 1.646023e-03 0 3 2 2 6.830232e-14 0.000000e+00
65 144 2.608770e-03 2.072220e-03 0 3 2 2 6.798646e-14 0.000000e+00
65 145 2.608770e-03 2.608770e-03 0 3 2 2 6.727846e-14 0.000000e+00
65 146 2.608770e-03 3.284247e-03 0 3 2 2 6.584614e-14 0.000000e+00
65 147 2.608770e-03 4.134622e-03 0 3 2 2 6.381625e-14 0.000000e+00
65 148 2.608770e-03 5.205181e-03 0 3 2 2 6.142534e-14 0.000000e+00
65 149 2.608770e-03 6.552935e-03 0 3 2 2 5.874314e-14 0.000000e+00
65 150 2.608770e-03 8.249656e-03 0 3 2 2 5.574861e-14 0.000000e+00
65 151 2.608770e-03 1.038570e-02 0 3 2 2 5.238669e-14 0.000000e+00
65 152 2.608770e-03 1.307482e-02 0 3 2 2 4.860103e-14 0.000000e+00
65 153 2.608770e-03 1.646023e-02 0 3 2 2 4.435643e-14 0.000000e+00
65 154 2.608770e-03 2.072220e-02 0 3 2 2 3.965755e-14 0.000000e+00
65 155 2.608770e-03 2.608770e-02 0 3 2 2 3.456519e-14 0.000000e+00
65 156 2.608770e-03 3.284247e-02 0 3 2 2 2.920755e-14 0.000000e+00
65 157 2.608770e-03 4.134622e-02 0 3 2 2 2.377991e-14 0.000000e+00
65 158 2.608770e-03 5.205181e-02 0 3 2 2 1.852394e-14 0.000000e+00
65 159 2.608770e-03 6.552935e-02 0 3 2 2 1.367844e-14 0.000000e+00
66 140 3.284247e-03 8.249656e-04 0 3 2 2 6.649392e-14 0.000000e+00
66 141 3.284247e-03 1.038570e-03 0 3 2 2 6.646217e-14 0.000000e+00
66 142 3.284247e-03 1.307482e-03 0 3 2 2 6.640943e-14 0.000000e+00
66 143 3.284247e-03 1.646023e-03 0 3 2 2 6.632051e-14 0.000000e+00
66 144 3.284247e-03 2.072220e-03 0 3 2 2 6.616168e-14 0.000000e+00
66 145 3.284247e-03 2.608770e-03 0 3 2 2 6.584614e-14 0.000000e+00
66 146 3.284247e-03 3.284247e-03 0 3 2 2 6.509271e-14 0.000000e+00
66 147 3.284247e-03 4.134622e-03 0 3 2 2 6.349035e-14 0.000000e+00
66 148 3.284247e-03 5.205181e-03 0 3 2 2 6.123774e-14 0.000000e+00
66 149 3.284247e-03 6.552935e-03 0 3 2 2 5.860847e-14 0.000000e+00
66 150 3.284247e-03 8.249656e-03 0 3 2 2 5.564678e-14 0.000000e+00
66 151 3.284247e-03 1.038570e-02 0 3 2 2 5.231207e-14 0.000000e+00
66 152 3.284247e-03 1.307482e-02 0 3 2 2 4.854976e-14 0.000000e+00
66 153 3.284247e-03 1.646023e-02 0 3 2 2 4.432420e-14 0.000000e+00
66 154 3.284247e-03 2.072220e-02 0 3 2 2 3.963976e-14 0.000000e+00
66 155 3.284247e-03 2.608770e-02 0 3 2 2 3.455748e-14 0.000000e+00
66 156 3.284247e-03 3.284247e-02 0 3 2 2 2.920612e-14 0.000000e+00
66 157 3.284247e-03 4.134622e-02 0 3 2 2 2.378174e-14 0.000000e+00
66 158 3.284247e-03 5.205181e-02 0 3 2 2 1.852682e-14 0.000000e+00
66 159 3.284247e-03 6.552935e-02 0 3 2 2 1.368111e-14 0.000000e+00
67 140 4.134622e-03 8.249656e-04 0 3 2 2 6.419333e-14 0.000000e+00
67 141 4.134622e-03 1.038570e-03 0 3 2 2 6.417154e-14 0.000000e+00
67 142 4.134622e-03 1.307482e-03 0 3 2 2 6.413604e-14 0.000000e+00
67 143 4.134622e-03 1.646023e-03 0 3 2 2 6.407861e-14 0.000000e+00
67 144 4.134622e-03 2.072220e-03 0 3 2 2 6.398294e-14 0.000000e+00
67 145 4.134622e-03 2.608770e-03 0 3 2 2 6.381625e-14 0.000000e+00
67 146 4.134622e-03 3.284247e-03 0 3 2 2 6.349035e-14 0.000000e+00
67 147 4.134622e-03 4.134622e-03 0 3 2 2 6.268031e-14 0.000000e+00
67 148 4.134622e-03 5.205181e-03 0 3 2 2 6.088580e-14 0.000000e+00
67 149 4.134622e-03 6.552935e-03 0 3 2 2 5.838728e-14 0.000000e+00
67 150 4.134622e-03 8.249656e-03 0 3 2 2 5.548398e-14 0.000000e+00
67 151 4.134622e-03 1.038570e-02 0 3 2 2 5.219311e-14 0.000000e+00
67 152 4.134622e-03 1.307482e-02 0 3 2 2 4.846800e-14 0.000000e+00
67 153 4.134622e-03 1.646023e-02 0 3 2 2 4.427277e-14 0.000000e+00
67 154 4.134622e-03 2.072220e-02 0 3 2 2 3.961136e-14 0.000000e+00
67 155 4.134622e-03 2.608770e-02 0 3 2 2 3.454515e-14 0.000000e+00
67 156 4.134622e-03 3.284247e-02 0 3 2 2 2.920380e-14 0.000000e+00
67 157 4.134622e-03 4.134622e-02 0 3 2 2 2.378462e-14 0.000000e+00
67 158 4.134622e-03 5.205181e-02 0 3 2 2 1.853138e-14 0.000000e+00
67 159 4.134622e-03 6.552935e-02 0 3 2 2 1.368535e-14 0.000000e+00
68 140 5.205181e-03 8.249656e-04 0 3 2 2 6.169033e-14 0.000000e+00
68 141 5.205181e-03 1.038570e-03 0 3 2 2 6.167385e-14 0.000000e+00
68 142 5.205181e-03 1.307482e-03 0 3 2 2 6.164713e-14 0.000000e+00
68 143 5.205181e-03 1.646023e-03 0 3 2 2 6.160479e-14 0.000000e+00
68 144 5.205181e-03 2.072220e-03 0 3 2 2 6.153654e-14 0.000000e+00
68 145 5.205181e-03 2.608770e-03 0 3 2 2 6.142534e-14 0.000000e+00
68 146 5.205181e-03 3.284247e-03 0 3 2 2 6.123774e-14 0.000000e+00
68 147 5.205181e-03 4.134622e-03 0 3 2 2 6.088580e-14 0.000000e+00
68 148 5.205181e-03 5.205181e-03 0 3 2 2 6.000301e-14 0.000000e+00
68 149 5.205181e-03 6.552935e-03 0 3 2 2 5.799193e-14 0.000000e+00
68 150 5.205181e-03 8.249656e-03 0 3 2 2 5.522044e-14 0.000000e+00
68 151 5.205181e-03 1.038570e-02 0 3 2 2 5.200277e-14 0.000000e+00
68 152 5.205181e-03 1.307482e-02 0 3 2 2 4.833715e-14 0.000000e+00
68 153 5.205181e-03 1.646023e-02 0 3 2 2 4.419040e-14 0.000000e+00
68 154 5.205181e-03 2.072220e-02 0 3 2 2 3.956584e-14 0.000000e+00
68 155 5.205181e-03 2.608770e-02 0 3 2 2 3.452532e-14 0.000000e+00
68 156 5.205181e-03 3.284247e-02 0 3 2 2 2.919998e-14 0.000000e+00
68 157 5.205181e-03 4.134622e-02 0 3 2 2 2.378911e-14 0.000000e+00
68 158 5.205181e-03 5.205181e-02 0 3 2 2 1.853858e-14 0.000000e+00
68 159 5.205181e-03 6.552935e-02 0 3 2 2 1.369206e-14 0.000000e+00
69 140 6.552935e-03 8.249656e-04 0 3 2 2 5.894612e-14 0.000000e+00
69 141 6.552935e-03 1.038570e-03 0 3 2 2 5.893324e-14 0.000000e+00
69 142 6.552935e-03 1.307482e-03 0 3 2 2 5.891233e-14 0.000000e+00
69 143 6.552935e-03 1.646023e-03 0 3 2 2 5.887943e-14 0.000000e+00
69 144 6.552935e-03 2.072220e-03 0 3 2 2 5.882691e-14 0.000000e+00
69 145 6.552935e-03 2.608770e-03 0 3 2 2 5.874314e-14 0.000000e+00
69 146 6.552935e-03 3.284247e-03 0 3 2 2 5.860847e-14 0.000000e+00
69 147 6.552935e-03 4.134622e-03 0 3 2 2 5.838728e-14 0.000000e+00
69 148 6.552935e-03 5.205181e-03 0 3 2 2 5.799193e-14 0.000000e+00
69 149 6.552935e-03 6.552935e-03 0 3 2 2 5.701826e-14 0.000000e+00
69 150 6.552935e-03 8.249656e-03 0 3 2 2 5.476731e-14 0.000000e+00
69 151 6.552935e-03 1.038570e-02 0 3 2 2 5.169551e-14 0.000000e+00
69 152 6.552935e-03 1.307482e-02 0 3 2 2 4.812658e-14 0.000000e+00
69 153 6.552935e-03 1.646023e-02 0 3 2 2 4.405770e-14 0.000000e+00
69 154 6.552935e-03 2.072220e-02 0 3 2 2 3.949238e-14 0.000000e+00
69 155 6.552935e-03 2.608770e-02 0 3 2 2 3.449317e-14 0.000000e+00
69 156 6.552935e-03 3.284247e-02 0 3 2 2 2.919357e-14 0.000000e+00
69 157 6.552935e-03 4.134622e-02 0 3 2 2 2.379607e-14 0.000000e+00
69 158 6.552935e-03 5.205181e-02 0 3 2 2 1.854993e-14 0.000000e+00
69 159 6.552935e-03 6.552935e-02 0 3 2 2 1.370268e-14 0.000000e+00
70 140 8.249656e-03 8.249656e-04 0 3 2 2 5.590408e-14 0.000000e+00
70 141 8.249656e-03 1.038570e-03 0 3 2 2 5.589421e-14 0.000000e+00
70 142 8.249656e-03 1.307482e-03 0 3 2 2 5.587809e-14 0.000000e+00
70 143 8.249656e-03 1.646023e-03 0 3 2 2 5.585285e-14 0.000000e+00
70 144 8.249656e-03 2.072220e-03 0 3 2 2 5.581258e-14 0.000000e+00
70 145 8.249656e-03 2.608770e-03 0 3 2 2 5.574861e-14 0.000000e+00
70 146 8.249656e-03 3.284247e-03 0 3 2 2 5.564678e-14 0.000000e+00
70 147 8.249656e-03 4.134622e-03 0 3 2 2 5.548398e-14 0.000000e+00
70 148 8.249656e-03 5.205181e-03 0 3 2 2 5.522044e-14 0.000000e+00
70 149 8.249656e-03 6.552935e-03 0 3 2 2 5.476731e-14 0.000000e+00
70 150 8.249656e-03 8.249656e-03 0 3 2 2 5.368696e-14 0.000000e+00
70 151 8.249656e-03 1.038570e-02 0 3 2 2 5.117844e-14 0.000000e+00
70 152 8.249656e-03 1.307482e-02 0 3 2 2 4.778446e-14 0.000000e+00
70 153 8.249656e-03 1.646023e-02 0 3 2 2 4.384190e-14 0.000000e+00
70 154 8.249656e-03 2.072220e-02 0 3 2 2 3.937262e-14 0.000000e+00
70 155 8.249656e-03 2.608770e-02 0 3 2 2 3.444039e-14 0.000000e+00
70 156 8.249656e-03 3.284247e-02 0 3 2 2 2.918249e-14 0.000000e+00
70 157 8.249656e-03 4.134622e-02 0 3 2 2 2.380667e-14 0.000000e+00
70 158 8.249656e-03 5.205181e-02 0 3 2 2 1.856775e-14 0.000000e+00
70 159 8.249656e-03 6.552935e-02 0 3 2 2 1.371948e-14 0.000000e+00
71 140 1.038570e-02 8.249656e-04 0 3 2 2 5.250068e-14 0.000000e+00
71 141 1.038570e-02 1.038570e-03 0 3 2 2 5.249350e-14 0.000000e+00
71 142 1.038570e-02 1.307482e-03 0 3 2 2 5.248164e-14 0.000000e+00
71 143 1.038570e-02 1.646023e-03 0 3 2 2 5.246315e-14 0.000000e+00
71 144 1.038570e-02 2.072220e-03 0 3 2 2 5.243361e-14 0.000000e+00
71 145 1.038570e-02 2.608770e-03 0 3 2 2 5.238669e-14 0.000000e+00
71 146 1.038570e-02 3.284247e-03 0 3 2 2 5.231207e-14 0.000000e+00
71 147 1.038570e-02 4.134622e-03 0 3 2 2 5.219311e-14 0.000000e+00
71 148 1.038570e-02 5.205181e-03 0 3 2 2 5.200277e-14 0.000000e+00
71 149 1.038570e-02 6.552935e-03 0 3 2 2 5.169551e-14 0.000000e+00
71 150 1.038570e-02 8.249656e-03 0 3 2 2 5.117844e-14 0.000000e+00
71 151 1.038570e-02 1.038570e-02 0 3 2 2 4.998352e-14 0.000000e+00
71 152 1.038570e-02 1.307482e-02 0 3 2 2 4.721067e-14 0.000000e+00
71 153 1.038570e-02 1.646023e-02 0 3 2 2 4.348590e-14 0.000000e+00
71 154 1.038570e-02 2.072220e-02 0 3 2 2 3.917427e-14 0.000000e+00
71 155 1.038570e-02 2.608770e-02 0 3 2 2 3.435206e-14 0.000000e+00
71 156 1.038570e-02 3.284247e-02 0 3 2 2 2.916260e-14 0.000000e+00
71 157 1.038570e-02 4.134622e-02 0 3 2 2 2.382239e-14 0.000000e+00
71 158 1.038570e-02 5.205181e-02 0 3 2 2 1.859561e-14 0.000000e+00
71 159 1.038570e-02 6.552935e-02 0 3 2 2 1.374606e-14 0.000000e+00
72 140 1.307482e-02 8.249656e-04 0 3 2 2 4.867925e-14 0.000000e+00
72 141 1.307482e-02 1.038570e-03 0 3 2 2 4.867438e-14 0.000000e+00
72 142 1.307482e-02 1.307482e-03 0 3 2 2 4.866621e-14 0.000000e+00
72 143 1.307482e-02 1.646023e-03 0 3 2 2 4.865354e-14 0.000000e+00
72 144 1.307482e-02 2.072220e-03 0 3 2 2 4.863325e-14 0.000000e+00
72 145 1.307482e-02 2.608770e-03 0 3 2 2 4.860103e-14 0.000000e+00
72 146 1.307482e-02 3.284247e-03 0 3 2 2 4.854976e-14 0.000000e+00
72 147 1.307482e-02 4.134622e-03 0 3 2 2 4.846800e-14 0.000000e+00
72 148 1.307482e-02 5.205181e-03 0 3 2 2 4.833715e-14 0.000000e+00
72 149 1.307482e-02 6.552935e-03 0 3 2 2 4.812658e-14 0.000000e+00
72 150 1.307482e-02 8.249656e-03 0 3 2 2 4.778446e-14 0.000000e+00
72 151 1.307482e-02 1.038570e-02 0 3 2 2 4.721067e-14 0.000000e+00
72 152 1.307482e-02 1.307482e-02 0 3 2 2 4.590730e-14 0.000000e+00
72 153 1.307482e-02 1.646023e-02 0 3 2 2 4.288000e-14 0.000000e+00
72 154 1.307482e-02 2.072220e-02 0 3 2 2 3.883781e-14 0.000000e+00
72 155 1.307482e-02 2.608770e-02 0 3 2 2 3.419988e-14 0.000000e+00
72 156 1.307482e-02 3.284247e-02 0 3 2 2 2.912499e-14 0.000000e+00
72 157 1.307482e-02 4.134622e-02 0 3 2 2 2.384456e-14 0.000000e+00
72 158 1.307482e-02 5.205181e-02 0 3 2 2 1.863875e-14 0.000000e+00
72 159 1.307482e-02 6.552935e-02 0 3 2 2 1.378800e-14 0.000000e+00
73 140 1.646023e-02 8.249656e-04 0 3 2 2 4.440552e-14 0.000000e+00
73 141 1.646023e-02 1.038570e-03 0 3 2 2 4.440255e-14 0.000000e+00
73 142 1.646023e-02 1.307482e-03 0 3 2 2 4.439736e-14 0.000000e+00
73 143 1.646023e-02 1.646023e-03 0 3 2 2 4.438945e-14 0.000000e+00
73 144 1.646023e-02 2.072220e-03 0 3 2 2 4.437669e-14 0.000000e+00
73 145 1.646023e-02 2.608770e-03 0 3 2 2 4.435643e-14 0.000000e+00
73 146 1.646023e-02 3.284247e-03 0 3 2 2 4.432420e-14 0.000000e+00
73 147 1.646023e-02 4.134622e-03 0 3 2 2 4.427277e-14 0.000000e+00
73 148 1.646023e-02 5.205181e-03 0 3 2 2 4.419040e-14 0.000000e+00
73 149 1.646023e-02 6.552935e-03 0 3 2 2 4.405770e-14 0.000000e+00
73 150 1.646023e-02 8.249656e-03 0 3 2 2 4.384190e-14 0.000000e+00
73 151 1.646023e-02 1.038570e-02 0 3 2 2 4.348590e-14 0.000000e+00
73 152 1.646023e-02 1.307482e-02 0 3 2 2 4.288000e-14 0.000000e+00
73 153 1.646023e-02 1.646023e-02 0 3 2 2 4.149393e-14 0.000000e+00
73 154 1.646023e-02 2.072220e-02 0 3 2 2 3.824352e-14 0.000000e+00
73 155 1.646023e-02 2.608770e-02 0 3 2 2 3.392647e-14 0.000000e+00
73 156 1.646023e-02 3.284247e-02 0 3 2 2 2.904941e-14 0.000000e+00
73 157 1.646023e-02 4.134622e-02 0 3 2 2 2.387249e-14 0.000000e+00
73 158 1.646023e-02 5.205181e-02 0 3 2 2 1.870448e-14 0.000000e+00
73 159 1.646023e-02 6.552935e-02 0 3 2 2 1.385398e-14 0.000000e+00
74 140 2.072220e-02 8.249656e-04 0 3 2 2 3.968454e-14 0.000000e+00
74 141 2.072220e-02 1.038570e-03 0 3 2 2 3.968300e-14 0.000000e+00
74 142 2.072220e-02 1.307482e-03 0 3 2 2 3.968009e-14 0.000000e+00
74 143 2.072220e-02 1.646023e-03 0 3 2 2 3.967577e-14 0.000000e+00
74 144 2.072220e-02 2.072220e-03 0 3 2 2 3.966873e-14 0.000000e+00
74 145 2.072220e-02 2.608770e-03 0 3 2 2 3.965755e-14 0.000000e+00
74 146 2.072220e-02 3.284247e-03 0 3 2 2 3.963976e-14 0.000000e+00
74 147 2.072220e-02 4.134622e-03 0 3 2 2 3.961136e-14 0.000000e+00
74 148 2.072220e-02 5.205181e-03 0 3 2 2 3.956584e-14 0.000000e+00
74 149 2.072220e-02 6.552935e-03 0 3 2 2 3.949238e-14 0.000000e+00
74 150 2.072220e-02 8.249656e-03 0 3 2 2 3.937262e-14 0.000000e+00
74 151 2.072220e-02 1.038570e-02 0 3 2 2 3.917427e-14 0.000000e+00
74 152 2.072220e-02 1.307482e-02 0 3 2 2 3.883781e-14 0.000000e+00
74 153 2.072220e-02 1.646023e-02 0 3 2 2 3.824352e-14 0.000000e+00
74 154 2.072220e-02 2.072220e-02 0 3 2 2 3.682320e-14 0.000000e+00
74 155 2.072220e-02 2.608770e-02 0 3 2 2 3.340427e-14 0.000000e+00
74 156 2.072220e-02 3.284247e-02 0 3 2 2 2.888633e-14 0.000000e+00
74 157 2.072220e-02 4.134622e-02 0 3 2 2 2.389757e-14 0.000000e+00
74 158 2.072220e-02 5.205181e-02 0 3 2 2 1.880168e-14 0.000000e+00
74 159 2.072220e-02 6.552935e-02 0 3 2 2 1.395711e-14 0.000000e+00
75 140 2.608770e-02 8.249656e-04 0 3 2 2 3.457676e-14 0.000000e+00
75 141 2.608770e-02 1.038570e-03 0 3 2 2 3.457621e-14 0.000000e+00
75 142 2.608770e-02 1.307482e-03 0 3 2 2 3.457489e-14 0.000000e+00
75 143 2.608770e-02 1.646023e-03 0 3 2 2 3.457309e-14 0.000000e+00
75 144 2.608770e-02 2.072220e-03 0 3 2 2 3.457003e-14 0.000000e+00
75 145 2.608770e-02 2.608770e-03 0 3 2 2 3.456519e-14 0.000000e+00
75 146 2.608770e-02 3.284247e-03 0 3 2 2 3.455748e-14 0.000000e+00
75 147 2.608770e-02 4.134622e-03 0 3 2 2 3.454515e-14 0.000000e+00
75 148 2.608770e-02 5.205181e-03 0 3 2 2 3.452532e-14 0.000000e+00
75 149 2.608770e-02 6.552935e-03 0 3 2 2 3.449317e-14 0.000000e+00
75 150 2.608770e-02 8.249656e-03 0 3 2 2 3.444039e-14 0.000000e+00
75 151 2.608770e-02 1.038570e-02 0 3 2 2 3.435206e-14 0.000000e+00
75 152 2.608770e-02 1.307482e-02 0 3 2 2 3.419988e-14 0.000000e+00
75 153 2.608770e-02 1.646023e-02 0 3 2 2 3.392647e-14 0.000000e+00
75 154 2.608770e-02 2.072220e-02 0 3 2 2 3.340427e-14 0.000000e+00
75 155 2.608770e-02 2.608770e-02 0 3 2 2 3.201890e-14 0.000000e+00
75 156 2.608770e-02 3.284247e-02 0 3 2 2 2.850485e-14 0.000000e+00
75 157 2.608770e-02 4.134622e-02 0 3 2 2 2.388418e-14 0.000000e+00
75 158 2.608770e-02 5.205181e-02 0 3 2 2 1.893652e-14 0.000000e+00
75 159 2.608770e-02 6.552935e-02 0 3 2 2 1.411616e-14 0.000000e+00
76 140 3.284247e-02 8.249656e-04 0 3 2 2 2.920950e-14 0.000000e+00
76 141 3.284247e-02 1.038570e-03 0 3 2 2 2.920957e-14 0.000000e+00
76 142 3.284247e-02 1.307482e-03 0 3 2 2 2.920924e-14 0.000000e+00
76 143 3.284247e-02 1.646023e-03 0 3 2 2 2.920900e-14 0.000000e+00
76 144 3.284247e-02 2.072220e-03 0 3 2 2 2.920844e-14 0.000000e+00
76 145 3.284247e-02 2.608770e-03 0 3 2 2 2.920755e-14 0.000000e+00
76 146 3.284247e-02 3.284247e-03 0 3 2 2 2.920612e-14 0.000000e+00
76 147 3.284247e-02 4.134622e-03 0 3 2 2 2.920380e-14 0.000000e+00
76 148 3.284247e-02 5.205181e-03 0 3 2 2 2.919998e-14 0.000000e+00
76 149 3.284247e-02 6.552935e-03 0 3 2 2 2.919357e-14 0.000000e+00
76 150 3.284247e-02 8.249656e-03 0 3 2 2 2.918249e-14 0.000000e+00
76 151 3.284247e-02 1.038570e-02 0 3 2 2 2.916260e-14 0.000000e+00
76 152 3.284247e-02 1.307482e-02 0 3 2 2 2.912499e-14 0.000000e+00
76 153 3.284247e-02 1.646023e-02 0 3 2 2 2.904941e-14 0.000000e+00
76 154 3.284247e-02 2.072220e-02 0 3 2 2 2.888633e-14 0.000000e+00
76 155 3.284247e-02 2.608770e-02 0 3 2 2 2.850485e-14 0.000000e+00
76 156 3.284247e-02 3.284247e-02 0 3 2 2 2.723443e-14 0.000000e+00
76 157 3.284247e-02 4.134622e-02 0 3 2 2 2.370568e-14 0.000000e+00
76 158 3.284247e-02 5.205181e-02 0 3 2 2 1.909421e-14 0.000000e+00
76 159 3.284247e-02 6.552935e-02 0 3 2 2 1.435420e-14 0.000000e+00
77 140 4.134622e-02 8.249656e-04 0 3 2 2 2.377688e-14 0.000000e+00
77 141 4.134622e-02 1.038570e-03 0 3 2 2 2.377727e-14 0.000000e+00
77 142 4.134622e-02 1.307482e-03 0 3 2 2 2.377746e-14 0.000000e+00
77 143 4.134622e-02 1.646023e-03 0 3 2 2 2.377803e-14 0.000000e+00
77 144 4.134622e-02 2.072220e-03 0 3 2 2 2.377875e-14 0.000000e+00
77 145 4.134622e-02 2.608770e-03 0 3 2 2 2.377991e-14 0.000000e+00
77 146 4.134622e-02 3.284247e-03 0 3 2 2 2.378174e-14 0.000000e+00
77 147 4.134622e-02 4.134622e-03 0 3 2 2 2.378462e-14 0.000000e+00
77 148 4.134622e-02 5.205181e-03 0 3 2 2 2.378911e-14 0.000000e+00
77 149 4.134622e-02 6.552935e-03 0 3 2 2 2.379607e-14 0.000000e+00
77 150 4.134622e-02 8.249656e-03 0 3 2 2 2.380667e-14 0.000000e+00
77 151 4.134622e-02 1.038570e-02 0 3 2 2 2.382239e-14 0.000000e+00
77 152 4.134622e-02 1.307482e-02 0 3 2 2 2.384456e-14 0.000000e+00
77 153 4.134622e-02 1.646023e-02 0 3 2 2 2.387249e-14 0.000000e+00
77 154 4.134622e-02 2.072220e-02 0 3 2 2 2.389757e-14 0.000000e+00
77 155 4.134622e-02 2.608770e-02 0 3 2 2 2.388418e-14 0.000000e+00
77 156 4.134622e-02 3.284247e-02 0 3 2 2 2.370568e-14 0.000000e+00
77 157 4.134622e-02 4.134622e-02 0 3 2 2 2.262801e-14 0.000000e+00
77 158 4.134622e-02 5.205181e-02 0 3 2 2 1.916447e-14 0.000000e+00
77 159 4.134622e-02 6.552935e-02 0 3 2 2 1.468370e-14 0.000000e+00
78 140 5.205181e-02 8.249656e-04 0 3 2 2 1.851931e-14 0.000000e+00
78 141 5.205181e-02 1.038570e-03 0 3 2 2 1.851980e-14 0.000000e+00
78 142 5.205181e-02 1.307482e-03 0 3 2 2 1.852016e-14 0.000000e+00
78 143 5.205181e-02 1.646023e-03 0 3 2 2 1.852099e-14 0.000000e+00
78 144 5.205181e-02 2.072220e-03 0 3 2 2 1.852212e-14 0.000000e+00
78 145 5.205181e-02 2.608770e-03 0 3 2 2 1.852394e-14 0.000000e+00
78 146 5.205181e-02 3.284247e-03 0 3 2 2 1.852682e-14 0.000000e+00
78 147 5.205181e-02 4.134622e-03 0 3 2 2 1.853138e-14 0.000000e+00
78 148 5.205181e-02 5.205181e-03 0 3 2 2 1.853858e-14 0.000000e+00
78 149 5.205181e-02 6.552935e-03 0 3 2 2 1.854993e-14 0.000000e+00
78 150 5.205181e-02 8.249656e-03 0 3 2 2 1.856775e-14 0.000000e+00
78 151 5.205181e-02 1.038570e-02 0 3 2 2 1.859561e-14 0.000000e+00
78 152 5.205181e-02 1.307482e-02 0 3 2 2 1.863875e-14 0.000000e+00
78 153 5.205181e-02 1.646023e-02 0 3 2 2 1.870448e-14 0.000000e+00
78 154 5.205181e-02 2.072220e-02 0 3 2 2 1.880168e-14 0.000000e+00
78 155 5.205181e-02 2.608770e-02 0 3 2 2 1.893652e-14 0.000000e+00
78 156 5.205181e-02 3.284247e-02 0 3 2 2 1.909421e-14 0.000000e+00
78 157 5.205181e-02 4.134622e-02 0 3 2 2 1.916447e-14 0.000000e+00
78 158 5.205181e-02 5.205181e-02 0 3 2 2 1.834823e-14 0.000000e+00
78 159 5.205181e-02 6.552935e-02 0 3 2 2 1.502560e-14 0.000000e+00
79 140 6.552935e-02 8.249656e-04 0 3 2 2 1.367413e-14 0.000000e+00
79 141 6.552935e-02 1.038570e-03 0 3 2 2 1.367460e-14 0.000000e+00
79 142 6.552935e-02 1.307482e-03 0 3 2 2 1.367493e-14 0.000000e+00
79 143 6.552935e-02 1.646023e-03 0 3 2 2 1.367570e-14 0.000000e+00
79 144 6.552935e-02 2.072220e-03 0 3 2 2 1.367676e-14 0.000000e+00
79 145 6.552935e-02 2.608770e-03 0 3 2 2 1.367844e-14 0.000000e+00
79 146 6.552935e-02 3.284247e-03 0 3 2 2 1.368111e-14 0.000000e+00
79 147 6.552935e-02 4.134622e-03 0 3 2 2 1.368535e-14 0.000000e+00
79 148 6.552935e-02 5.205181e-03 0 3 2 2 1.369206e-14 0.000000e+00
79 149 6.552935e-02 6.552935e-03 0 3 2 2 1.370268e-14 0.000000e+00
79 150 6.552935e-02 8.249656e-03 0 3 2 2 1.371948e-14 0.000000e+00
79 151 6.552935e-02 1.038570e-02 0 3 2 2 1.374606e-14 0.000000e+00
79 152 6.552935e-02 1.307482e-02 0 3 2 2 1.378800e-14 0.000000e+00
79 153 6.552935e-02 1.646023e-02 0 3 2 2 1.385398e-14 0.000000e+00
79 154 6.552935e-02 2.072220e-02 0 3 2 2 1.395711e-14 0.000000e+00
79 155 6.552935e-02 2.608770e-02 0 3 2 2 1.411616e-14 0.000000e+00
79 156 6.552935e-02 3.284247e-02 0 3 2 2 1.435420e-14 0.000000e+00
79 157 6.552935e-02 4.134622e-02 0 3 2 2 1.468370e-14 0.000000e+00
79 158 6.552935e-02 5.205181e-02 0 3 2 2 1.502560e-14 0.000000e+00
79 159 6.552935e-02 6.552935e-02 0 3 2 2 1.452203e-14 0.000000e+00
