# Please cite the following papers in research using this covariance:
# arXiv: 1601.05779, https://arxiv.org/abs/1601.05779
# arXiv: 1911.11947, https://arxiv.org/abs/1911.11947
# arXiv: 2004.04833, https://arxiv.org/abs/2004.04833
########################################################
60 100 8.249656e-04 8.249656e-04 0 3 1 2 5.409206e-14 0.000000e+00
60 101 8.249656e-04 1.038570e-03 0 3 1 2 5.357351e-14 0.000000e+00
60 102 8.249656e-04 1.307482e-03 0 3 1 2 5.282352e-14 0.000000e+00
60 103 8.249656e-04 1.646023e-03 0 3 1 2 5.184901e-14 0.000000e+00
60 104 8.249656e-04 2.072220e-03 0 3 1 2 5.067342e-14 0.000000e+00
60 105 8.249656e-04 2.608770e-03 0 3 1 2 4.932657e-14 0.000000e+00
60 106 8.249656e-04 3.284247e-03 0 3 1 2 4.783427e-14 0.000000e+00
60 107 8.249656e-04 4.134622e-03 0 3 1 2 4.621001e-14 0.000000e+00
60 108 8.249656e-04 5.205181e-03 0 3 1 2 4.444985e-14 0.000000e+00
60 109 8.249656e-04 6.552935e-03 0 3 1 2 4.253177e-14 0.000000e+00
60 110 8.249656e-04 8.249656e-03 0 3 1 2 4.041925e-14 0.000000e+00
60 111 8.249656e-04 1.038570e-02 0 3 1 2 3.806818e-14 0.000000e+00
60 112 8.249656e-04 1.307482e-02 0 3 1 2 3.543606e-14 0.000000e+00
60 113 8.249656e-04 1.646023e-02 0 3 1 2 3.249266e-14 0.000000e+00
60 114 8.249656e-04 2.072220e-02 0 3 1 2 2.923159e-14 0.000000e+00
60 115 8.249656e-04 2.608770e-02 0 3 1 2 2.568196e-14 0.000000e+00
60 116 8.249656e-04 3.284247e-02 0 3 1 2 2.191786e-14 0.000000e+00
60 117 8.249656e-04 4.134622e-02 0 3 1 2 1.806125e-14 0.000000e+00
60 118 8.249656e-04 5.205181e-02 0 3 1 2 1.427315e-14 0.000000e+00
60 119 8.249656e-04 6.552935e-02 0 3 1 2 1.072617e-14 0.000000e+00
61 100 1.038570e-03 8.249656e-04 0 3 1 2 5.357351e-14 0.000000e+00
61 101 1.038570e-03 1.038570e-03 0 3 1 2 5.320674e-14 0.000000e+00
61 102 1.038570e-03 1.307482e-03 0 3 1 2 5.259742e-14 0.000000e+00
61 103 1.038570e-03 1.646023e-03 0 3 1 2 5.171986e-14 0.000000e+00
61 104 1.038570e-03 2.072220e-03 0 3 1 2 5.060299e-14 0.000000e+00
61 105 1.038570e-03 2.608770e-03 0 3 1 2 4.928828e-14 0.000000e+00
61 106 1.038570e-03 3.284247e-03 0 3 1 2 4.781207e-14 0.000000e+00
61 107 1.038570e-03 4.134622e-03 0 3 1 2 4.619544e-14 0.000000e+00
61 108 1.038570e-03 5.205181e-03 0 3 1 2 4.443911e-14 0.000000e+00
61 109 1.038570e-03 6.552935e-03 0 3 1 2 4.252341e-14 0.000000e+00
61 110 1.038570e-03 8.249656e-03 0 3 1 2 4.041277e-14 0.000000e+00
61 111 1.038570e-03 1.038570e-02 0 3 1 2 3.806338e-14 0.000000e+00
61 112 1.038570e-03 1.307482e-02 0 3 1 2 3.543274e-14 0.000000e+00
61 113 1.038570e-03 1.646023e-02 0 3 1 2 3.249057e-14 0.000000e+00
61 114 1.038570e-03 2.072220e-02 0 3 1 2 2.923046e-14 0.000000e+00
61 115 1.038570e-03 2.608770e-02 0 3 1 2 2.568151e-14 0.000000e+00
61 116 1.038570e-03 3.284247e-02 0 3 1 2 2.191785e-14 0.000000e+00
61 117 1.038570e-03 4.134622e-02 0 3 1 2 1.806148e-14 0.000000e+00
61 118 1.038570e-03 5.205181e-02 0 3 1 2 1.427349e-14 0.000000e+00
61 119 1.038570e-03 6.552935e-02 0 3 1 2 1.072651e-14 0.000000e+00
62 100 1.307482e-03 8.249656e-04 0 3 1 2 5.282352e-14 0.000000e+00
62 101 1.307482e-03 1.038570e-03 0 3 1 2 5.259742e-14 0.000000e+00
62 102 1.307482e-03 1.307482e-03 0 3 1 2 5.218887e-14 0.000000e+00
62 103 1.307482e-03 1.646023e-03 0 3 1 2 5.148714e-14 0.000000e+00
62 104 1.307482e-03 2.072220e-03 0 3 1 2 5.047889e-14 0.000000e+00
62 105 1.307482e-03 2.608770e-03 0 3 1 2 4.922263e-14 0.000000e+00
62 106 1.307482e-03 3.284247e-03 0 3 1 2 4.777500e-14 0.000000e+00
62 107 1.307482e-03 4.134622e-03 0 3 1 2 4.617157e-14 0.000000e+00
62 108 1.307482e-03 5.205181e-03 0 3 1 2 4.442162e-14 0.000000e+00
62 109 1.307482e-03 6.552935e-03 0 3 1 2 4.250976e-14 0.000000e+00
62 110 1.307482e-03 8.249656e-03 0 3 1 2 4.040214e-14 0.000000e+00
62 111 1.307482e-03 1.038570e-02 0 3 1 2 3.805541e-14 0.000000e+00
62 112 1.307482e-03 1.307482e-02 0 3 1 2 3.542711e-14 0.000000e+00
62 113 1.307482e-03 1.646023e-02 0 3 1 2 3.248689e-14 0.000000e+00
62 114 1.307482e-03 2.072220e-02 0 3 1 2 2.922829e-14 0.000000e+00
62 115 1.307482e-03 2.608770e-02 0 3 1 2 2.568043e-14 0.000000e+00
62 116 1.307482e-03 3.284247e-02 0 3 1 2 2.191748e-14 0.000000e+00
62 117 1.307482e-03 4.134622e-02 0 3 1 2 1.806151e-14 0.000000e+00
62 118 1.307482e-03 5.205181e-02 0 3 1 2 1.427367e-14 0.000000e+00
62 119 1.307482e-03 6.552935e-02 0 3 1 2 1.072671e-14 0.000000e+00
63 100 1.646023e-03 8.249656e-04 0 3 1 2 5.184901e-14 0.000000e+00
63 101 1.646023e-03 1.038570e-03 0 3 1 2 5.171986e-14 0.000000e+00
63 102 1.646023e-03 1.307482e-03 0 3 1 2 5.148714e-14 0.000000e+00
63 103 1.646023e-03 1.646023e-03 0 3 1 2 5.104323e-14 0.000000e+00
63 104 1.646023e-03 2.072220e-03 0 3 1 2 5.024664e-14 0.000000e+00
63 105 1.646023e-03 2.608770e-03 0 3 1 2 4.910542e-14 0.000000e+00
63 106 1.646023e-03 3.284247e-03 0 3 1 2 4.771216e-14 0.000000e+00
63 107 1.646023e-03 4.134622e-03 0 3 1 2 4.613278e-14 0.000000e+00
63 108 1.646023e-03 5.205181e-03 0 3 1 2 4.439387e-14 0.000000e+00
63 109 1.646023e-03 6.552935e-03 0 3 1 2 4.248832e-14 0.000000e+00
63 110 1.646023e-03 8.249656e-03 0 3 1 2 4.038552e-14 0.000000e+00
63 111 1.646023e-03 1.038570e-02 0 3 1 2 3.804302e-14 0.000000e+00
63 112 1.646023e-03 1.307482e-02 0 3 1 2 3.541843e-14 0.000000e+00
63 113 1.646023e-03 1.646023e-02 0 3 1 2 3.248129e-14 0.000000e+00
63 114 1.646023e-03 2.072220e-02 0 3 1 2 2.922509e-14 0.000000e+00
63 115 1.646023e-03 2.608770e-02 0 3 1 2 2.567896e-14 0.000000e+00
63 116 1.646023e-03 3.284247e-02 0 3 1 2 2.191712e-14 0.000000e+00
63 117 1.646023e-03 4.134622e-02 0 3 1 2 1.806177e-14 0.000000e+00
63 118 1.646023e-03 5.205181e-02 0 3 1 2 1.427417e-14 0.000000e+00
63 119 1.646023e-03 6.552935e-02 0 3 1 2 1.072723e-14 0.000000e+00
64 100 2.072220e-03 8.249656e-04 0 3 1 2 5.067342e-14 0.000000e+00
64 101 2.072220e-03 1.038570e-03 0 3 1 2 5.060299e-14 0.000000e+00
64 102 2.072220e-03 1.307482e-03 0 3 1 2 5.047889e-14 0.000000e+00
64 103 2.072220e-03 1.646023e-03 0 3 1 2 5.024664e-14 0.000000e+00
64 104 2.072220e-03 2.072220e-03 0 3 1 2 4.977221e-14 0.000000e+00
64 105 2.072220e-03 2.608770e-03 0 3 1 2 4.887696e-14 0.000000e+00
64 106 2.072220e-03 3.284247e-03 0 3 1 2 4.759909e-14 0.000000e+00
64 107 2.072220e-03 4.134622e-03 0 3 1 2 4.606757e-14 0.000000e+00
64 108 2.072220e-03 5.205181e-03 0 3 1 2 4.434893e-14 0.000000e+00
64 109 2.072220e-03 6.552935e-03 0 3 1 2 4.245403e-14 0.000000e+00
64 110 2.072220e-03 8.249656e-03 0 3 1 2 4.035898e-14 0.000000e+00
64 111 2.072220e-03 1.038570e-02 0 3 1 2 3.802319e-14 0.000000e+00
64 112 2.072220e-03 1.307482e-02 0 3 1 2 3.540450e-14 0.000000e+00
64 113 2.072220e-03 1.646023e-02 0 3 1 2 3.247226e-14 0.000000e+00
64 114 2.072220e-03 2.072220e-02 0 3 1 2 2.921986e-14 0.000000e+00
64 115 2.072220e-03 2.608770e-02 0 3 1 2 2.567646e-14 0.000000e+00
64 116 2.072220e-03 3.284247e-02 0 3 1 2 2.191639e-14 0.000000e+00
64 117 2.072220e-03 4.134622e-02 0 3 1 2 1.806203e-14 0.000000e+00
64 118 2.072220e-03 5.205181e-02 0 3 1 2 1.427483e-14 0.000000e+00
64 119 2.072220e-03 6.552935e-02 0 3 1 2 1.072791e-14 0.000000e+00
65 100 2.608770e-03 8.249656e-04 0 3 1 2 4.932657e-14 0.000000e+00
65 101 2.608770e-03 1.038570e-03 0 3 1 2 4.928828e-14 0.000000e+00
65 102 2.608770e-03 1.307482e-03 0 3 1 2 4.922263e-14 0.000000e+00
65 103 2.608770e-03 1.646023e-03 0 3 1 2 4.910542e-14 0.000000e+00
65 104 2.608770e-03 2.072220e-03 0 3 1 2 4.887696e-14 0.000000e+00
65 105 2.608770e-03 2.608770e-03 0 3 1 2 4.837459e-14 0.000000e+00
65 106 2.608770e-03 3.284247e-03 0 3 1 2 4.737359e-14 0.000000e+00
65 107 2.608770e-03 4.134622e-03 0 3 1 2 4.595247e-14 0.000000e+00
65 108 2.608770e-03 5.205181e-03 0 3 1 2 4.427518e-14 0.000000e+00
65 109 2.608770e-03 6.552935e-03 0 3 1 2 4.239923e-14 0.000000e+00
65 110 2.608770e-03 8.249656e-03 0 3 1 2 4.031682e-14 0.000000e+00
65 111 2.608770e-03 1.038570e-02 0 3 1 2 3.799173e-14 0.000000e+00
65 112 2.608770e-03 1.307482e-02 0 3 1 2 3.538238e-14 0.000000e+00
65 113 2.608770e-03 1.646023e-02 0 3 1 2 3.245792e-14 0.000000e+00
65 114 2.608770e-03 2.072220e-02 0 3 1 2 2.921156e-14 0.000000e+00
65 115 2.608770e-03 2.608770e-02 0 3 1 2 2.567250e-14 0.000000e+00
65 116 2.608770e-03 3.284247e-02 0 3 1 2 2.191524e-14 0.000000e+00
65 117 2.608770e-03 4.134622e-02 0 3 1 2 1.806245e-14 0.000000e+00
65 118 2.608770e-03 5.205181e-02 0 3 1 2 1.427588e-14 0.000000e+00
65 119 2.608770e-03 6.552935e-02 0 3 1 2 1.072900e-14 0.000000e+00
66 100 3.284247e-03 8.249656e-04 0 3 1 2 4.783427e-14 0.000000e+00
66 101 3.284247e-03 1.038570e-03 0 3 1 2 4.781207e-14 0.000000e+00
66 102 3.284247e-03 1.307482e-03 0 3 1 2 4.777500e-14 0.000000e+00
66 103 3.284247e-03 1.646023e-03 0 3 1 2 4.771216e-14 0.000000e+00
66 104 3.284247e-03 2.072220e-03 0 3 1 2 4.759909e-14 0.000000e+00
66 105 3.284247e-03 2.608770e-03 0 3 1 2 4.737359e-14 0.000000e+00
66 106 3.284247e-03 3.284247e-03 0 3 1 2 4.684164e-14 0.000000e+00
66 107 3.284247e-03 4.134622e-03 0 3 1 2 4.572396e-14 0.000000e+00
66 108 3.284247e-03 5.205181e-03 0 3 1 2 4.414911e-14 0.000000e+00
66 109 3.284247e-03 6.552935e-03 0 3 1 2 4.231080e-14 0.000000e+00
66 110 3.284247e-03 8.249656e-03 0 3 1 2 4.024969e-14 0.000000e+00
66 111 3.284247e-03 1.038570e-02 0 3 1 2 3.794171e-14 0.000000e+00
66 112 3.284247e-03 1.307482e-02 0 3 1 2 3.534721e-14 0.000000e+00
66 113 3.284247e-03 1.646023e-02 0 3 1 2 3.243511e-14 0.000000e+00
66 114 3.284247e-03 2.072220e-02 0 3 1 2 2.919836e-14 0.000000e+00
66 115 3.284247e-03 2.608770e-02 0 3 1 2 2.566620e-14 0.000000e+00
66 116 3.284247e-03 3.284247e-02 0 3 1 2 2.191342e-14 0.000000e+00
66 117 3.284247e-03 4.134622e-02 0 3 1 2 1.806311e-14 0.000000e+00
66 118 3.284247e-03 5.205181e-02 0 3 1 2 1.427755e-14 0.000000e+00
66 119 3.284247e-03 6.552935e-02 0 3 1 2 1.073074e-14 0.000000e+00
67 100 4.134622e-03 8.249656e-04 0 3 1 2 4.621001e-14 0.000000e+00
67 101 4.134622e-03 1.038570e-03 0 3 1 2 4.619544e-14 0.000000e+00
67 102 4.134622e-03 1.307482e-03 0 3 1 2 4.617157e-14 0.000000e+00
67 103 4.134622e-03 1.646023e-03 0 3 1 2 4.613278e-14 0.000000e+00
67 104 4.134622e-03 2.072220e-03 0 3 1 2 4.606757e-14 0.000000e+00
67 105 4.134622e-03 2.608770e-03 0 3 1 2 4.595247e-14 0.000000e+00
67 106 4.134622e-03 3.284247e-03 0 3 1 2 4.572396e-14 0.000000e+00
67 107 4.134622e-03 4.134622e-03 0 3 1 2 4.515619e-14 0.000000e+00
67 108 4.134622e-03 5.205181e-03 0 3 1 2 4.390739e-14 0.000000e+00
67 109 4.134622e-03 6.552935e-03 0 3 1 2 4.216425e-14 0.000000e+00
67 110 4.134622e-03 8.249656e-03 0 3 1 2 4.014228e-14 0.000000e+00
67 111 4.134622e-03 1.038570e-02 0 3 1 2 3.786206e-14 0.000000e+00
67 112 4.134622e-03 1.307482e-02 0 3 1 2 3.529118e-14 0.000000e+00
67 113 4.134622e-03 1.646023e-02 0 3 1 2 3.239876e-14 0.000000e+00
67 114 4.134622e-03 2.072220e-02 0 3 1 2 2.917732e-14 0.000000e+00
67 115 4.134622e-03 2.608770e-02 0 3 1 2 2.565614e-14 0.000000e+00
67 116 4.134622e-03 3.284247e-02 0 3 1 2 2.191048e-14 0.000000e+00
67 117 4.134622e-03 4.134622e-02 0 3 1 2 1.806415e-14 0.000000e+00
67 118 4.134622e-03 5.205181e-02 0 3 1 2 1.428019e-14 0.000000e+00
67 119 4.134622e-03 6.552935e-02 0 3 1 2 1.073348e-14 0.000000e+00
68 100 5.205181e-03 8.249656e-04 0 3 1 2 4.444985e-14 0.000000e+00
68 101 5.205181e-03 1.038570e-03 0 3 1 2 4.443911e-14 0.000000e+00
68 102 5.205181e-03 1.307482e-03 0 3 1 2 4.442162e-14 0.000000e+00
68 103 5.205181e-03 1.646023e-03 0 3 1 2 4.439387e-14 0.000000e+00
68 104 5.205181e-03 2.072220e-03 0 3 1 2 4.434893e-14 0.000000e+00
68 105 5.205181e-03 2.608770e-03 0 3 1 2 4.427518e-14 0.000000e+00
68 106 5.205181e-03 3.284247e-03 0 3 1 2 4.414911e-14 0.000000e+00
68 107 5.205181e-03 4.134622e-03 0 3 1 2 4.390739e-14 0.000000e+00
68 108 5.205181e-03 5.205181e-03 0 3 1 2 4.329354e-14 0.000000e+00
68 109 5.205181e-03 6.552935e-03 0 3 1 2 4.189697e-14 0.000000e+00
68 110 5.205181e-03 8.249656e-03 0 3 1 2 3.996776e-14 0.000000e+00
68 111 5.205181e-03 1.038570e-02 0 3 1 2 3.773472e-14 0.000000e+00
68 112 5.205181e-03 1.307482e-02 0 3 1 2 3.520167e-14 0.000000e+00
68 113 5.205181e-03 1.646023e-02 0 3 1 2 3.234064e-14 0.000000e+00
68 114 5.205181e-03 2.072220e-02 0 3 1 2 2.914365e-14 0.000000e+00
68 115 5.205181e-03 2.608770e-02 0 3 1 2 2.564003e-14 0.000000e+00
68 116 5.205181e-03 3.284247e-02 0 3 1 2 2.190575e-14 0.000000e+00
68 117 5.205181e-03 4.134622e-02 0 3 1 2 1.806576e-14 0.000000e+00
68 118 5.205181e-03 5.205181e-02 0 3 1 2 1.428435e-14 0.000000e+00
68 119 5.205181e-03 6.552935e-02 0 3 1 2 1.073784e-14 0.000000e+00
69 100 6.552935e-03 8.249656e-04 0 3 1 2 4.253177e-14 0.000000e+00
69 101 6.552935e-03 1.038570e-03 0 3 1 2 4.252341e-14 0.000000e+00
69 102 6.552935e-03 1.307482e-03 0 3 1 2 4.250976e-14 0.000000e+00
69 103 6.552935e-03 1.646023e-03 0 3 1 2 4.248832e-14 0.000000e+00
69 104 6.552935e-03 2.072220e-03 0 3 1 2 4.245403e-14 0.000000e+00
69 105 6.552935e-03 2.608770e-03 0 3 1 2 4.239923e-14 0.000000e+00
69 106 6.552935e-03 3.284247e-03 0 3 1 2 4.231080e-14 0.000000e+00
69 107 6.552935e-03 4.134622e-03 0 3 1 2 4.216425e-14 0.000000e+00
69 108 6.552935e-03 5.205181e-03 0 3 1 2 4.189697e-14 0.000000e+00
69 109 6.552935e-03 6.552935e-03 0 3 1 2 4.122451e-14 0.000000e+00
69 110 6.552935e-03 8.249656e-03 0 3 1 2 3.966351e-14 0.000000e+00
69 111 6.552935e-03 1.038570e-02 0 3 1 2 3.752923e-14 0.000000e+00
69 112 6.552935e-03 1.307482e-02 0 3 1 2 3.505795e-14 0.000000e+00
69 113 6.552935e-03 1.646023e-02 0 3 1 2 3.224723e-14 0.000000e+00
69 114 6.552935e-03 2.072220e-02 0 3 1 2 2.908947e-14 0.000000e+00
69 115 6.552935e-03 2.608770e-02 0 3 1 2 2.561403e-14 0.000000e+00
69 116 6.552935e-03 3.284247e-02 0 3 1 2 2.189800e-14 0.000000e+00
69 117 6.552935e-03 4.134622e-02 0 3 1 2 1.806819e-14 0.000000e+00
69 118 6.552935e-03 5.205181e-02 0 3 1 2 1.429090e-14 0.000000e+00
69 119 6.552935e-03 6.552935e-02 0 3 1 2 1.074472e-14 0.000000e+00
70 100 8.249656e-03 8.249656e-04 0 3 1 2 4.041925e-14 0.000000e+00
70 101 8.249656e-03 1.038570e-03 0 3 1 2 4.041277e-14 0.000000e+00
70 102 8.249656e-03 1.307482e-03 0 3 1 2 4.040214e-14 0.000000e+00
70 103 8.249656e-03 1.646023e-03 0 3 1 2 4.038552e-14 0.000000e+00
70 104 8.249656e-03 2.072220e-03 0 3 1 2 4.035898e-14 0.000000e+00
70 105 8.249656e-03 2.608770e-03 0 3 1 2 4.031682e-14 0.000000e+00
70 106 8.249656e-03 3.284247e-03 0 3 1 2 4.024969e-14 0.000000e+00
70 107 8.249656e-03 4.134622e-03 0 3 1 2 4.014228e-14 0.000000e+00
70 108 8.249656e-03 5.205181e-03 0 3 1 2 3.996776e-14 0.000000e+00
70 109 8.249656e-03 6.552935e-03 0 3 1 2 3.966351e-14 0.000000e+00
70 110 8.249656e-03 8.249656e-03 0 3 1 2 3.892040e-14 0.000000e+00
70 111 8.249656e-03 1.038570e-02 0 3 1 2 3.718122e-14 0.000000e+00
70 112 8.249656e-03 1.307482e-02 0 3 1 2 3.482519e-14 0.000000e+00
70 113 8.249656e-03 1.646023e-02 0 3 1 2 3.209594e-14 0.000000e+00
70 114 8.249656e-03 2.072220e-02 0 3 1 2 2.900156e-14 0.000000e+00
70 115 8.249656e-03 2.608770e-02 0 3 1 2 2.557165e-14 0.000000e+00
70 116 8.249656e-03 3.284247e-02 0 3 1 2 2.188513e-14 0.000000e+00
70 117 8.249656e-03 4.134622e-02 0 3 1 2 1.807175e-14 0.000000e+00
70 118 8.249656e-03 5.205181e-02 0 3 1 2 1.430117e-14 0.000000e+00
70 119 8.249656e-03 6.552935e-02 0 3 1 2 1.075561e-14 0.000000e+00
71 100 1.038570e-02 8.249656e-04 0 3 1 2 3.806818e-14 0.000000e+00
71 101 1.038570e-02 1.038570e-03 0 3 1 2 3.806338e-14 0.000000e+00
71 102 1.038570e-02 1.307482e-03 0 3 1 2 3.805541e-14 0.000000e+00
71 103 1.038570e-02 1.646023e-03 0 3 1 2 3.804302e-14 0.000000e+00
71 104 1.038570e-02 2.072220e-03 0 3 1 2 3.802319e-14 0.000000e+00
71 105 1.038570e-02 2.608770e-03 0 3 1 2 3.799173e-14 0.000000e+00
71 106 1.038570e-02 3.284247e-03 0 3 1 2 3.794171e-14 0.000000e+00
71 107 1.038570e-02 4.134622e-03 0 3 1 2 3.786206e-14 0.000000e+00
71 108 1.038570e-02 5.205181e-03 0 3 1 2 3.773472e-14 0.000000e+00
71 109 1.038570e-02 6.552935e-03 0 3 1 2 3.752923e-14 0.000000e+00
71 110 1.038570e-02 8.249656e-03 0 3 1 2 3.718122e-14 0.000000e+00
71 111 1.038570e-02 1.038570e-02 0 3 1 2 3.635962e-14 0.000000e+00
71 112 1.038570e-02 1.307482e-02 0 3 1 2 3.443494e-14 0.000000e+00
71 113 1.038570e-02 1.646023e-02 0 3 1 2 3.184786e-14 0.000000e+00
71 114 1.038570e-02 2.072220e-02 0 3 1 2 2.885697e-14 0.000000e+00
71 115 1.038570e-02 2.608770e-02 0 3 1 2 2.550152e-14 0.000000e+00
71 116 1.038570e-02 3.284247e-02 0 3 1 2 2.186320e-14 0.000000e+00
71 117 1.038570e-02 4.134622e-02 0 3 1 2 1.807668e-14 0.000000e+00
71 118 1.038570e-02 5.205181e-02 0 3 1 2 1.431716e-14 0.000000e+00
71 119 1.038570e-02 6.552935e-02 0 3 1 2 1.077279e-14 0.000000e+00
72 100 1.307482e-02 8.249656e-04 0 3 1 2 3.543606e-14 0.000000e+00
72 101 1.307482e-02 1.038570e-03 0 3 1 2 3.543274e-14 0.000000e+00
72 102 1.307482e-02 1.307482e-03 0 3 1 2 3.542711e-14 0.000000e+00
72 103 1.307482e-02 1.646023e-03 0 3 1 2 3.541843e-14 0.000000e+00
72 104 1.307482e-02 2.072220e-03 0 3 1 2 3.540450e-14 0.000000e+00
72 105 1.307482e-02 2.608770e-03 0 3 1 2 3.538238e-14 0.000000e+00
72 106 1.307482e-02 3.284247e-03 0 3 1 2 3.534721e-14 0.000000e+00
72 107 1.307482e-02 4.134622e-03 0 3 1 2 3.529118e-14 0.000000e+00
72 108 1.307482e-02 5.205181e-03 0 3 1 2 3.520167e-14 0.000000e+00
72 109 1.307482e-02 6.552935e-03 0 3 1 2 3.505795e-14 0.000000e+00
72 110 1.307482e-02 8.249656e-03 0 3 1 2 3.482519e-14 0.000000e+00
72 111 1.307482e-02 1.038570e-02 0 3 1 2 3.443494e-14 0.000000e+00
72 112 1.307482e-02 1.307482e-02 0 3 1 2 3.353546e-14 0.000000e+00
72 113 1.307482e-02 1.646023e-02 0 3 1 2 3.142841e-14 0.000000e+00
72 114 1.307482e-02 2.072220e-02 0 3 1 2 2.861434e-14 0.000000e+00
72 115 1.307482e-02 2.608770e-02 0 3 1 2 2.538266e-14 0.000000e+00
72 116 1.307482e-02 3.284247e-02 0 3 1 2 2.182450e-14 0.000000e+00
72 117 1.307482e-02 4.134622e-02 0 3 1 2 1.808263e-14 0.000000e+00
72 118 1.307482e-02 5.205181e-02 0 3 1 2 1.434176e-14 0.000000e+00
72 119 1.307482e-02 6.552935e-02 0 3 1 2 1.079983e-14 0.000000e+00
73 100 1.646023e-02 8.249656e-04 0 3 1 2 3.249266e-14 0.000000e+00
73 101 1.646023e-02 1.038570e-03 0 3 1 2 3.249057e-14 0.000000e+00
73 102 1.646023e-02 1.307482e-03 0 3 1 2 3.248689e-14 0.000000e+00
73 103 1.646023e-02 1.646023e-03 0 3 1 2 3.248129e-14 0.000000e+00
73 104 1.646023e-02 2.072220e-03 0 3 1 2 3.247226e-14 0.000000e+00
73 105 1.646023e-02 2.608770e-03 0 3 1 2 3.245792e-14 0.000000e+00
73 106 1.646023e-02 3.284247e-03 0 3 1 2 3.243511e-14 0.000000e+00
73 107 1.646023e-02 4.134622e-03 0 3 1 2 3.239876e-14 0.000000e+00
73 108 1.646023e-02 5.205181e-03 0 3 1 2 3.234064e-14 0.000000e+00
73 109 1.646023e-02 6.552935e-03 0 3 1 2 3.224723e-14 0.000000e+00
73 110 1.646023e-02 8.249656e-03 0 3 1 2 3.209594e-14 0.000000e+00
73 111 1.646023e-02 1.038570e-02 0 3 1 2 3.184786e-14 0.000000e+00
73 112 1.646023e-02 1.307482e-02 0 3 1 2 3.142841e-14 0.000000e+00
73 113 1.646023e-02 1.646023e-02 0 3 1 2 3.046428e-14 0.000000e+00
73 114 1.646023e-02 2.072220e-02 0 3 1 2 2.819206e-14 0.000000e+00
73 115 1.646023e-02 2.608770e-02 0 3 1 2 2.517407e-14 0.000000e+00
73 116 1.646023e-02 3.284247e-02 0 3 1 2 2.175279e-14 0.000000e+00
73 117 1.646023e-02 4.134622e-02 0 3 1 2 1.808725e-14 0.000000e+00
73 118 1.646023e-02 5.205181e-02 0 3 1 2 1.437883e-14 0.000000e+00
73 119 1.646023e-02 6.552935e-02 0 3 1 2 1.084217e-14 0.000000e+00
74 100 2.072220e-02 8.249656e-04 0 3 1 2 2.923159e-14 0.000000e+00
74 101 2.072220e-02 1.038570e-03 0 3 1 2 2.923046e-14 0.000000e+00
74 102 2.072220e-02 1.307482e-03 0 3 1 2 2.922829e-14 0.000000e+00
74 103 2.072220e-02 1.646023e-03 0 3 1 2 2.922509e-14 0.000000e+00
74 104 2.072220e-02 2.072220e-03 0 3 1 2 2.921986e-14 0.000000e+00
74 105 2.072220e-02 2.608770e-03 0 3 1 2 2.921156e-14 0.000000e+00
74 106 2.072220e-02 3.284247e-03 0 3 1 2 2.919836e-14 0.000000e+00
74 107 2.072220e-02 4.134622e-03 0 3 1 2 2.917732e-14 0.000000e+00
74 108 2.072220e-02 5.205181e-03 0 3 1 2 2.914365e-14 0.000000e+00
74 109 2.072220e-02 6.552935e-03 0 3 1 2 2.908947e-14 0.000000e+00
74 110 2.072220e-02 8.249656e-03 0 3 1 2 2.900156e-14 0.000000e+00
74 111 2.072220e-02 1.038570e-02 0 3 1 2 2.885697e-14 0.000000e+00
74 112 2.072220e-02 1.307482e-02 0 3 1 2 2.861434e-14 0.000000e+00
74 113 2.072220e-02 1.646023e-02 0 3 1 2 2.819206e-14 0.000000e+00
74 114 2.072220e-02 2.072220e-02 0 3 1 2 2.719202e-14 0.000000e+00
74 115 2.072220e-02 2.608770e-02 0 3 1 2 2.478804e-14 0.000000e+00
74 116 2.072220e-02 3.284247e-02 0 3 1 2 2.161127e-14 0.000000e+00
74 117 2.072220e-02 4.134622e-02 0 3 1 2 1.808177e-14 0.000000e+00
74 118 2.072220e-02 5.205181e-02 0 3 1 2 1.443253e-14 0.000000e+00
74 119 2.072220e-02 6.552935e-02 0 3 1 2 1.090791e-14 0.000000e+00
75 100 2.608770e-02 8.249656e-04 0 3 1 2 2.568196e-14 0.000000e+00
75 101 2.608770e-02 1.038570e-03 0 3 1 2 2.568151e-14 0.000000e+00
75 102 2.608770e-02 1.307482e-03 0 3 1 2 2.568043e-14 0.000000e+00
75 103 2.608770e-02 1.646023e-03 0 3 1 2 2.567896e-14 0.000000e+00
75 104 2.608770e-02 2.072220e-03 0 3 1 2 2.567646e-14 0.000000e+00
75 105 2.608770e-02 2.608770e-03 0 3 1 2 2.567250e-14 0.000000e+00
75 106 2.608770e-02 3.284247e-03 0 3 1 2 2.566620e-14 0.000000e+00
75 107 2.608770e-02 4.134622e-03 0 3 1 2 2.565614e-14 0.000000e+00
75 108 2.608770e-02 5.205181e-03 0 3 1 2 2.564003e-14 0.000000e+00
75 109 2.608770e-02 6.552935e-03 0 3 1 2 2.561403e-14 0.000000e+00
75 110 2.608770e-02 8.249656e-03 0 3 1 2 2.557165e-14 0.000000e+00
75 111 2.608770e-02 1.038570e-02 0 3 1 2 2.550152e-14 0.000000e+00
75 112 2.608770e-02 1.307482e-02 0 3 1 2 2.538266e-14 0.000000e+00
75 113 2.608770e-02 1.646023e-02 0 3 1 2 2.517407e-14 0.000000e+00
75 114 2.608770e-02 2.072220e-02 0 3 1 2 2.478804e-14 0.000000e+00
75 115 2.608770e-02 2.608770e-02 0 3 1 2 2.379634e-14 0.000000e+00
75 116 2.608770e-02 3.284247e-02 0 3 1 2 2.130875e-14 0.000000e+00
75 117 2.608770e-02 4.134622e-02 0 3 1 2 1.803787e-14 0.000000e+00
75 118 2.608770e-02 5.205181e-02 0 3 1 2 1.450394e-14 0.000000e+00
75 119 2.608770e-02 6.552935e-02 0 3 1 2 1.100821e-14 0.000000e+00
76 100 3.284247e-02 8.249656e-04 0 3 1 2 2.191786e-14 0.000000e+00
76 101 3.284247e-02 1.038570e-03 0 3 1 2 2.191785e-14 0.000000e+00
76 102 3.284247e-02 1.307482e-03 0 3 1 2 2.191748e-14 0.000000e+00
76 103 3.284247e-02 1.646023e-03 0 3 1 2 2.191712e-14 0.000000e+00
76 104 3.284247e-02 2.072220e-03 0 3 1 2 2.191639e-14 0.000000e+00
76 105 3.284247e-02 2.608770e-03 0 3 1 2 2.191524e-14 0.000000e+00
76 106 3.284247e-02 3.284247e-03 0 3 1 2 2.191342e-14 0.000000e+00
76 107 3.284247e-02 4.134622e-03 0 3 1 2 2.191048e-14 0.000000e+00
76 108 3.284247e-02 5.205181e-03 0 3 1 2 2.190575e-14 0.000000e+00
76 109 3.284247e-02 6.552935e-03 0 3 1 2 2.189800e-14 0.000000e+00
76 110 3.284247e-02 8.249656e-03 0 3 1 2 2.188513e-14 0.000000e+00
76 111 3.284247e-02 1.038570e-02 0 3 1 2 2.186320e-14 0.000000e+00
76 112 3.284247e-02 1.307482e-02 0 3 1 2 2.182450e-14 0.000000e+00
76 113 3.284247e-02 1.646023e-02 0 3 1 2 2.175279e-14 0.000000e+00
76 114 3.284247e-02 2.072220e-02 0 3 1 2 2.161127e-14 0.000000e+00
76 115 3.284247e-02 2.608770e-02 0 3 1 2 2.130875e-14 0.000000e+00
76 116 3.284247e-02 3.284247e-02 0 3 1 2 2.038025e-14 0.000000e+00
76 117 3.284247e-02 4.134622e-02 0 3 1 2 1.786555e-14 0.000000e+00
76 118 3.284247e-02 5.205181e-02 0 3 1 2 1.457790e-14 0.000000e+00
76 119 3.284247e-02 6.552935e-02 0 3 1 2 1.115567e-14 0.000000e+00
77 100 4.134622e-02 8.249656e-04 0 3 1 2 1.806125e-14 0.000000e+00
77 101 4.134622e-02 1.038570e-03 0 3 1 2 1.806148e-14 0.000000e+00
77 102 4.134622e-02 1.307482e-03 0 3 1 2 1.806151e-14 0.000000e+00
77 103 4.134622e-02 1.646023e-03 0 3 1 2 1.806177e-14 0.000000e+00
77 104 4.134622e-02 2.072220e-03 0 3 1 2 1.806203e-14 0.000000e+00
77 105 4.134622e-02 2.608770e-03 0 3 1 2 1.806245e-14 0.000000e+00
77 106 4.134622e-02 3.284247e-03 0 3 1 2 1.806311e-14 0.000000e+00
77 107 4.134622e-02 4.134622e-03 0 3 1 2 1.806415e-14 0.000000e+00
77 108 4.134622e-02 5.205181e-03 0 3 1 2 1.806576e-14 0.000000e+00
77 109 4.134622e-02 6.552935e-03 0 3 1 2 1.806819e-14 0.000000e+00
77 110 4.134622e-02 8.249656e-03 0 3 1 2 1.807175e-14 0.000000e+00
77 111 4.134622e-02 1.038570e-02 0 3 1 2 1.807668e-14 0.000000e+00
77 112 4.134622e-02 1.307482e-02 0 3 1 2 1.808263e-14 0.000000e+00
77 113 4.134622e-02 1.646023e-02 0 3 1 2 1.808725e-14 0.000000e+00
77 114 4.134622e-02 2.072220e-02 0 3 1 2 1.808177e-14 0.000000e+00
77 115 4.134622e-02 2.608770e-02 0 3 1 2 1.803787e-14 0.000000e+00
77 116 4.134622e-02 3.284247e-02 0 3 1 2 1.786555e-14 0.000000e+00
77 117 4.134622e-02 4.134622e-02 0 3 1 2 1.705701e-14 0.000000e+00
77 118 4.134622e-02 5.205181e-02 0 3 1 2 1.457297e-14 0.000000e+00
77 119 4.134622e-02 6.552935e-02 0 3 1 2 1.135290e-14 0.000000e+00
78 100 5.205181e-02 8.249656e-04 0 3 1 2 1.427315e-14 0.000000e+00
78 101 5.205181e-02 1.038570e-03 0 3 1 2 1.427349e-14 0.000000e+00
78 102 5.205181e-02 1.307482e-03 0 3 1 2 1.427367e-14 0.000000e+00
78 103 5.205181e-02 1.646023e-03 0 3 1 2 1.427417e-14 0.000000e+00
78 104 5.205181e-02 2.072220e-03 0 3 1 2 1.427483e-14 0.000000e+00
78 105 5.205181e-02 2.608770e-03 0 3 1 2 1.427588e-14 0.000000e+00
78 106 5.205181e-02 3.284247e-03 0 3 1 2 1.427755e-14 0.000000e+00
78 107 5.205181e-02 4.134622e-03 0 3 1 2 1.428019e-14 0.000000e+00
78 108 5.205181e-02 5.205181e-03 0 3 1 2 1.428435e-14 0.000000e+00
78 109 5.205181e-02 6.552935e-03 0 3 1 2 1.429090e-14 0.000000e+00
78 110 5.205181e-02 8.249656e-03 0 3 1 2 1.430117e-14 0.000000e+00
78 111 5.205181e-02 1.038570e-02 0 3 1 2 1.431716e-14 0.000000e+00
78 112 5.205181e-02 1.307482e-02 0 3 1 2 1.434176e-14 0.000000e+00
78 113 5.205181e-02 1.646023e-02 0 3 1 2 1.437883e-14 0.000000e+00
78 114 5.205181e-02 2.072220e-02 0 3 1 2 1.443253e-14 0.000000e+00
78 115 5.205181e-02 2.608770e-02 0 3 1 2 1.450394e-14 0.000000e+00
78 116 5.205181e-02 3.284247e-02 0 3 1 2 1.457790e-14 0.000000e+00
78 117 5.205181e-02 4.134622e-02 0 3 1 2 1.457297e-14 0.000000e+00
78 118 5.205181e-02 5.205181e-02 0 3 1 2 1.393570e-14 0.000000e+00
78 119 5.205181e-02 6.552935e-02 0 3 1 2 1.153691e-14 0.000000e+00
79 100 6.552935e-02 8.249656e-04 0 3 1 2 1.072617e-14 0.000000e+00
79 101 6.552935e-02 1.038570e-03 0 3 1 2 1.072651e-14 0.000000e+00
79 102 6.552935e-02 1.307482e-03 0 3 1 2 1.072671e-14 0.000000e+00
79 103 6.552935e-02 1.646023e-03 0 3 1 2 1.072723e-14 0.000000e+00
79 104 6.552935e-02 2.072220e-03 0 3 1 2 1.072791e-14 0.000000e+00
79 105 6.552935e-02 2.608770e-03 0 3 1 2 1.072900e-14 0.000000e+00
79 106 6.552935e-02 3.284247e-03 0 3 1 2 1.073074e-14 0.000000e+00
79 107 6.552935e-02 4.134622e-03 0 3 1 2 1.073348e-14 0.000000e+00
79 108 6.552935e-02 5.205181e-03 0 3 1 2 1.073784e-14 0.000000e+00
79 109 6.552935e-02 6.552935e-03 0 3 1 2 1.074472e-14 0.000000e+00
79 110 6.552935e-02 8.249656e-03 0 3 1 2 1.075561e-14 0.000000e+00
79 111 6.552935e-02 1.038570e-02 0 3 1 2 1.077279e-14 0.000000e+00
79 112 6.552935e-02 1.307482e-02 0 3 1 2 1.079983e-14 0.000000e+00
79 113 6.552935e-02 1.646023e-02 0 3 1 2 1.084217e-14 0.000000e+00
79 114 6.552935e-02 2.072220e-02 0 3 1 2 1.090791e-14 0.000000e+00
79 115 6.552935e-02 2.608770e-02 0 3 1 2 1.100821e-14 0.000000e+00
79 116 6.552935e-02 3.284247e-02 0 3 1 2 1.115567e-14 0.000000e+00
79 117 6.552935e-02 4.134622e-02 0 3 1 2 1.135290e-14 0.000000e+00
79 118 6.552935e-02 5.205181e-02 0 3 1 2 1.153691e-14 0.000000e+00
79 119 6.552935e-02 6.552935e-02 0 3 1 2 1.111111e-14 0.000000e+00
