# Please cite the following papers in research using this covariance:
# arXiv: 1601.05779, https://arxiv.org/abs/1601.05779
# arXiv: 1911.11947, https://arxiv.org/abs/1911.11947
# arXiv: 2004.04833, https://arxiv.org/abs/2004.04833
########################################################
100 180 8.249656e-04 8.249656e-04 1 2 3 3 1.272036e-13 0.000000e+00
100 181 8.249656e-04 1.038570e-03 1 2 3 3 1.258576e-13 0.000000e+00
100 182 8.249656e-04 1.307482e-03 1 2 3 3 1.239169e-13 0.000000e+00
100 183 8.249656e-04 1.646023e-03 1 2 3 3 1.214397e-13 0.000000e+00
100 184 8.249656e-04 2.072220e-03 1 2 3 3 1.185136e-13 0.000000e+00
100 185 8.249656e-04 2.608770e-03 1 2 3 3 1.152187e-13 0.000000e+00
100 186 8.249656e-04 3.284247e-03 1 2 3 3 1.116017e-13 0.000000e+00
100 187 8.249656e-04 4.134622e-03 1 2 3 3 1.076624e-13 0.000000e+00
100 188 8.249656e-04 5.205181e-03 1 2 3 3 1.033519e-13 0.000000e+00
100 189 8.249656e-04 6.552935e-03 1 2 3 3 9.858073e-14 0.000000e+00
100 190 8.249656e-04 8.249656e-03 1 2 3 3 9.323492e-14 0.000000e+00
100 191 8.249656e-04 1.038570e-02 1 2 3 3 8.719829e-14 0.000000e+00
100 192 8.249656e-04 1.307482e-02 1 2 3 3 8.037858e-14 0.000000e+00
100 193 8.249656e-04 1.646023e-02 1 2 3 3 7.273720e-14 0.000000e+00
100 194 8.249656e-04 2.072220e-02 1 2 3 3 6.432035e-14 0.000000e+00
100 195 8.249656e-04 2.608770e-02 1 2 3 3 5.528663e-14 0.000000e+00
100 196 8.249656e-04 3.284247e-02 1 2 3 3 4.592036e-14 0.000000e+00
100 197 8.249656e-04 4.134622e-02 1 2 3 3 3.661713e-14 0.000000e+00
100 198 8.249656e-04 5.205181e-02 1 2 3 3 2.782733e-14 0.000000e+00
100 199 8.249656e-04 6.552935e-02 1 2 3 3 1.994910e-14 0.000000e+00
101 180 1.038570e-03 8.249656e-04 1 2 3 3 1.258576e-13 0.000000e+00
101 181 1.038570e-03 1.038570e-03 1 2 3 3 1.249479e-13 0.000000e+00
101 182 1.038570e-03 1.307482e-03 1 2 3 3 1.233930e-13 0.000000e+00
101 183 1.038570e-03 1.646023e-03 1 2 3 3 1.211580e-13 0.000000e+00
101 184 1.038570e-03 2.072220e-03 1 2 3 3 1.183640e-13 0.000000e+00
101 185 1.038570e-03 2.608770e-03 1 2 3 3 1.151342e-13 0.000000e+00
101 186 1.038570e-03 3.284247e-03 1 2 3 3 1.115472e-13 0.000000e+00
101 187 1.038570e-03 4.134622e-03 1 2 3 3 1.076222e-13 0.000000e+00
101 188 1.038570e-03 5.205181e-03 1 2 3 3 1.033202e-13 0.000000e+00
101 189 1.038570e-03 6.552935e-03 1 2 3 3 9.855570e-14 0.000000e+00
101 190 1.038570e-03 8.249656e-03 1 2 3 3 9.321591e-14 0.000000e+00
101 191 1.038570e-03 1.038570e-02 1 2 3 3 8.718470e-14 0.000000e+00
101 192 1.038570e-03 1.307482e-02 1 2 3 3 8.036962e-14 0.000000e+00
101 193 1.038570e-03 1.646023e-02 1 2 3 3 7.273194e-14 0.000000e+00
101 194 1.038570e-03 2.072220e-02 1 2 3 3 6.431782e-14 0.000000e+00
101 195 1.038570e-03 2.608770e-02 1 2 3 3 5.528593e-14 0.000000e+00
101 196 1.038570e-03 3.284247e-02 1 2 3 3 4.592072e-14 0.000000e+00
101 197 1.038570e-03 4.134622e-02 1 2 3 3 3.661797e-14 0.000000e+00
101 198 1.038570e-03 5.205181e-02 1 2 3 3 2.782825e-14 0.000000e+00
101 199 1.038570e-03 6.552935e-02 1 2 3 3 1.994990e-14 0.000000e+00
102 180 1.307482e-03 8.249656e-04 1 2 3 3 1.239169e-13 0.000000e+00
102 181 1.307482e-03 1.038570e-03 1 2 3 3 1.233930e-13 0.000000e+00
102 182 1.307482e-03 1.307482e-03 1 2 3 3 1.224005e-13 0.000000e+00
102 183 1.307482e-03 1.646023e-03 1 2 3 3 1.206321e-13 0.000000e+00
102 184 1.307482e-03 2.072220e-03 1 2 3 3 1.180961e-13 0.000000e+00
102 185 1.307482e-03 2.608770e-03 1 2 3 3 1.149897e-13 0.000000e+00
102 186 1.307482e-03 3.284247e-03 1 2 3 3 1.114574e-13 0.000000e+00
102 187 1.307482e-03 4.134622e-03 1 2 3 3 1.075573e-13 0.000000e+00
102 188 1.307482e-03 5.205181e-03 1 2 3 3 1.032692e-13 0.000000e+00
102 189 1.307482e-03 6.552935e-03 1 2 3 3 9.851535e-14 0.000000e+00
102 190 1.307482e-03 8.249656e-03 1 2 3 3 9.318510e-14 0.000000e+00
102 191 1.307482e-03 1.038570e-02 1 2 3 3 8.716250e-14 0.000000e+00
102 192 1.307482e-03 1.307482e-02 1 2 3 3 8.035477e-14 0.000000e+00
102 193 1.307482e-03 1.646023e-02 1 2 3 3 7.272295e-14 0.000000e+00
102 194 1.307482e-03 2.072220e-02 1 2 3 3 6.431316e-14 0.000000e+00
102 195 1.307482e-03 2.608770e-02 1 2 3 3 5.528418e-14 0.000000e+00
102 196 1.307482e-03 3.284247e-02 1 2 3 3 4.592067e-14 0.000000e+00
102 197 1.307482e-03 4.134622e-02 1 2 3 3 3.661870e-14 0.000000e+00
102 198 1.307482e-03 5.205181e-02 1 2 3 3 2.782913e-14 0.000000e+00
102 199 1.307482e-03 6.552935e-02 1 2 3 3 1.995059e-14 0.000000e+00
103 180 1.646023e-03 8.249656e-04 1 2 3 3 1.214397e-13 0.000000e+00
103 181 1.646023e-03 1.038570e-03 1 2 3 3 1.211580e-13 0.000000e+00
103 182 1.646023e-03 1.307482e-03 1 2 3 3 1.206321e-13 0.000000e+00
103 183 1.646023e-03 1.646023e-03 1 2 3 3 1.195690e-13 0.000000e+00
103 184 1.646023e-03 2.072220e-03 1 2 3 3 1.175774e-13 0.000000e+00
103 185 1.646023e-03 2.608770e-03 1 2 3 3 1.147309e-13 0.000000e+00
103 186 1.646023e-03 3.284247e-03 1 2 3 3 1.113073e-13 0.000000e+00
103 187 1.646023e-03 4.134622e-03 1 2 3 3 1.074529e-13 0.000000e+00
103 188 1.646023e-03 5.205181e-03 1 2 3 3 1.031885e-13 0.000000e+00
103 189 1.646023e-03 6.552935e-03 1 2 3 3 9.845177e-14 0.000000e+00
103 190 1.646023e-03 8.249656e-03 1 2 3 3 9.313668e-14 0.000000e+00
103 191 1.646023e-03 1.038570e-02 1 2 3 3 8.712772e-14 0.000000e+00
103 192 1.646023e-03 1.307482e-02 1 2 3 3 8.033165e-14 0.000000e+00
103 193 1.646023e-03 1.646023e-02 1 2 3 3 7.270912e-14 0.000000e+00
103 194 1.646023e-03 2.072220e-02 1 2 3 3 6.430620e-14 0.000000e+00
103 195 1.646023e-03 2.608770e-02 1 2 3 3 5.528182e-14 0.000000e+00
103 196 1.646023e-03 3.284247e-02 1 2 3 3 4.592100e-14 0.000000e+00
103 197 1.646023e-03 4.134622e-02 1 2 3 3 3.662026e-14 0.000000e+00
103 198 1.646023e-03 5.205181e-02 1 2 3 3 2.783088e-14 0.000000e+00
103 199 1.646023e-03 6.552935e-02 1 2 3 3 1.995204e-14 0.000000e+00
104 180 2.072220e-03 8.249656e-04 1 2 3 3 1.185136e-13 0.000000e+00
104 181 2.072220e-03 1.038570e-03 1 2 3 3 1.183640e-13 0.000000e+00
104 182 2.072220e-03 1.307482e-03 1 2 3 3 1.180961e-13 0.000000e+00
104 183 2.072220e-03 1.646023e-03 1 2 3 3 1.175774e-13 0.000000e+00
104 184 2.072220e-03 2.072220e-03 1 2 3 3 1.164483e-13 0.000000e+00
104 185 2.072220e-03 2.608770e-03 1 2 3 3 1.142164e-13 0.000000e+00
104 186 2.072220e-03 3.284247e-03 1 2 3 3 1.110422e-13 0.000000e+00
104 187 2.072220e-03 4.134622e-03 1 2 3 3 1.072815e-13 0.000000e+00
104 188 2.072220e-03 5.205181e-03 1 2 3 3 1.030593e-13 0.000000e+00
104 189 2.072220e-03 6.552935e-03 1 2 3 3 9.835055e-14 0.000000e+00
104 190 2.072220e-03 8.249656e-03 1 2 3 3 9.305957e-14 0.000000e+00
104 191 2.072220e-03 1.038570e-02 1 2 3 3 8.707224e-14 0.000000e+00
104 192 2.072220e-03 1.307482e-02 1 2 3 3 8.029467e-14 0.000000e+00
104 193 2.072220e-03 1.646023e-02 1 2 3 3 7.268691e-14 0.000000e+00
104 194 2.072220e-03 2.072220e-02 1 2 3 3 6.429489e-14 0.000000e+00
104 195 2.072220e-03 2.608770e-02 1 2 3 3 5.527782e-14 0.000000e+00
104 196 2.072220e-03 3.284247e-02 1 2 3 3 4.592127e-14 0.000000e+00
104 197 2.072220e-03 4.134622e-02 1 2 3 3 3.662247e-14 0.000000e+00
104 198 2.072220e-03 5.205181e-02 1 2 3 3 2.783343e-14 0.000000e+00
104 199 2.072220e-03 6.552935e-02 1 2 3 3 1.995411e-14 0.000000e+00
105 180 2.608770e-03 8.249656e-04 1 2 3 3 1.152187e-13 0.000000e+00
105 181 2.608770e-03 1.038570e-03 1 2 3 3 1.151342e-13 0.000000e+00
105 182 2.608770e-03 1.307482e-03 1 2 3 3 1.149897e-13 0.000000e+00
105 183 2.608770e-03 1.646023e-03 1 2 3 3 1.147309e-13 0.000000e+00
105 184 2.608770e-03 2.072220e-03 1 2 3 3 1.142164e-13 0.000000e+00
105 185 2.608770e-03 2.608770e-03 1 2 3 3 1.130169e-13 0.000000e+00
105 186 2.608770e-03 3.284247e-03 1 2 3 3 1.105178e-13 0.000000e+00
105 187 2.608770e-03 4.134622e-03 1 2 3 3 1.069886e-13 0.000000e+00
105 188 2.608770e-03 5.205181e-03 1 2 3 3 1.028509e-13 0.000000e+00
105 189 2.608770e-03 6.552935e-03 1 2 3 3 9.818955e-14 0.000000e+00
105 190 2.608770e-03 8.249656e-03 1 2 3 3 9.293710e-14 0.000000e+00
105 191 2.608770e-03 1.038570e-02 1 2 3 3 8.698410e-14 0.000000e+00
105 192 2.608770e-03 1.307482e-02 1 2 3 3 8.023591e-14 0.000000e+00
105 193 2.608770e-03 1.646023e-02 1 2 3 3 7.265160e-14 0.000000e+00
105 194 2.608770e-03 2.072220e-02 1 2 3 3 6.427691e-14 0.000000e+00
105 195 2.608770e-03 2.608770e-02 1 2 3 3 5.527145e-14 0.000000e+00
105 196 2.608770e-03 3.284247e-02 1 2 3 3 4.592170e-14 0.000000e+00
105 197 2.608770e-03 4.134622e-02 1 2 3 3 3.662598e-14 0.000000e+00
105 198 2.608770e-03 5.205181e-02 1 2 3 3 2.783749e-14 0.000000e+00
105 199 2.608770e-03 6.552935e-02 1 2 3 3 1.995740e-14 0.000000e+00
106 180 3.284247e-03 8.249656e-04 1 2 3 3 1.116017e-13 0.000000e+00
106 181 3.284247e-03 1.038570e-03 1 2 3 3 1.115472e-13 0.000000e+00
106 182 3.284247e-03 1.307482e-03 1 2 3 3 1.114574e-13 0.000000e+00
106 183 3.284247e-03 1.646023e-03 1 2 3 3 1.113073e-13 0.000000e+00
106 184 3.284247e-03 2.072220e-03 1 2 3 3 1.110422e-13 0.000000e+00
106 185 3.284247e-03 2.608770e-03 1 2 3 3 1.105178e-13 0.000000e+00
106 186 3.284247e-03 3.284247e-03 1 2 3 3 1.092317e-13 0.000000e+00
106 187 3.284247e-03 4.134622e-03 1 2 3 3 1.064291e-13 0.000000e+00
106 188 3.284247e-03 5.205181e-03 1 2 3 3 1.025062e-13 0.000000e+00
106 189 3.284247e-03 6.552935e-03 1 2 3 3 9.793227e-14 0.000000e+00
106 190 3.284247e-03 8.249656e-03 1 2 3 3 9.274231e-14 0.000000e+00
106 191 3.284247e-03 1.038570e-02 1 2 3 3 8.684384e-14 0.000000e+00
106 192 3.284247e-03 1.307482e-02 1 2 3 3 8.014235e-14 0.000000e+00
106 193 3.284247e-03 1.646023e-02 1 2 3 3 7.259537e-14 0.000000e+00
106 194 3.284247e-03 2.072220e-02 1 2 3 3 6.424825e-14 0.000000e+00
106 195 3.284247e-03 2.608770e-02 1 2 3 3 5.526129e-14 0.000000e+00
106 196 3.284247e-03 3.284247e-02 1 2 3 3 4.592233e-14 0.000000e+00
106 197 3.284247e-03 4.134622e-02 1 2 3 3 3.663154e-14 0.000000e+00
106 198 3.284247e-03 5.205181e-02 1 2 3 3 2.784391e-14 0.000000e+00
106 199 3.284247e-03 6.552935e-02 1 2 3 3 1.996263e-14 0.000000e+00
107 180 4.134622e-03 8.249656e-04 1 2 3 3 1.076624e-13 0.000000e+00
107 181 4.134622e-03 1.038570e-03 1 2 3 3 1.076222e-13 0.000000e+00
107 182 4.134622e-03 1.307482e-03 1 2 3 3 1.075573e-13 0.000000e+00
107 183 4.134622e-03 1.646023e-03 1 2 3 3 1.074529e-13 0.000000e+00
107 184 4.134622e-03 2.072220e-03 1 2 3 3 1.072815e-13 0.000000e+00
107 185 4.134622e-03 2.608770e-03 1 2 3 3 1.069886e-13 0.000000e+00
107 186 4.134622e-03 3.284247e-03 1 2 3 3 1.064291e-13 0.000000e+00
107 187 4.134622e-03 4.134622e-03 1 2 3 3 1.050298e-13 0.000000e+00
107 188 4.134622e-03 5.205181e-03 1 2 3 3 1.018802e-13 0.000000e+00
107 189 4.134622e-03 6.552935e-03 1 2 3 3 9.751523e-14 0.000000e+00
107 190 4.134622e-03 8.249656e-03 1 2 3 3 9.243154e-14 0.000000e+00
107 191 4.134622e-03 1.038570e-02 1 2 3 3 8.662012e-14 0.000000e+00
107 192 4.134622e-03 1.307482e-02 1 2 3 3 7.999296e-14 0.000000e+00
107 193 4.134622e-03 1.646023e-02 1 2 3 3 7.250552e-14 0.000000e+00
107 194 4.134622e-03 2.072220e-02 1 2 3 3 6.420240e-14 0.000000e+00
107 195 4.134622e-03 2.608770e-02 1 2 3 3 5.524494e-14 0.000000e+00
107 196 4.134622e-03 3.284247e-02 1 2 3 3 4.592323e-14 0.000000e+00
107 197 4.134622e-03 4.134622e-02 1 2 3 3 3.664030e-14 0.000000e+00
107 198 4.134622e-03 5.205181e-02 1 2 3 3 2.785408e-14 0.000000e+00
107 199 4.134622e-03 6.552935e-02 1 2 3 3 1.997092e-14 0.000000e+00
108 180 5.205181e-03 8.249656e-04 1 2 3 3 1.033519e-13 0.000000e+00
108 181 5.205181e-03 1.038570e-03 1 2 3 3 1.033202e-13 0.000000e+00
108 182 5.205181e-03 1.307482e-03 1 2 3 3 1.032692e-13 0.000000e+00
108 183 5.205181e-03 1.646023e-03 1 2 3 3 1.031885e-13 0.000000e+00
108 184 5.205181e-03 2.072220e-03 1 2 3 3 1.030593e-13 0.000000e+00
108 185 5.205181e-03 2.608770e-03 1 2 3 3 1.028509e-13 0.000000e+00
108 186 5.205181e-03 3.284247e-03 1 2 3 3 1.025062e-13 0.000000e+00
108 187 5.205181e-03 4.134622e-03 1 2 3 3 1.018802e-13 0.000000e+00
108 188 5.205181e-03 5.205181e-03 1 2 3 3 1.003343e-13 0.000000e+00
108 189 5.205181e-03 6.552935e-03 1 2 3 3 9.679222e-14 0.000000e+00
108 190 5.205181e-03 8.249656e-03 1 2 3 3 9.193168e-14 0.000000e+00
108 191 5.205181e-03 1.038570e-02 1 2 3 3 8.626192e-14 0.000000e+00
108 192 5.205181e-03 1.307482e-02 1 2 3 3 7.975344e-14 0.000000e+00
108 193 5.205181e-03 1.646023e-02 1 2 3 3 7.236130e-14 0.000000e+00
108 194 5.205181e-03 2.072220e-02 1 2 3 3 6.412866e-14 0.000000e+00
108 195 5.205181e-03 2.608770e-02 1 2 3 3 5.521846e-14 0.000000e+00
108 196 5.205181e-03 3.284247e-02 1 2 3 3 4.592438e-14 0.000000e+00
108 197 5.205181e-03 4.134622e-02 1 2 3 3 3.665406e-14 0.000000e+00
108 198 5.205181e-03 5.205181e-02 1 2 3 3 2.787016e-14 0.000000e+00
108 199 5.205181e-03 6.552935e-02 1 2 3 3 1.998405e-14 0.000000e+00
109 180 6.552935e-03 8.249656e-04 1 2 3 3 9.858073e-14 0.000000e+00
109 181 6.552935e-03 1.038570e-03 1 2 3 3 9.855570e-14 0.000000e+00
109 182 6.552935e-03 1.307482e-03 1 2 3 3 9.851535e-14 0.000000e+00
109 183 6.552935e-03 1.646023e-03 1 2 3 3 9.845177e-14 0.000000e+00
109 184 6.552935e-03 2.072220e-03 1 2 3 3 9.835055e-14 0.000000e+00
109 185 6.552935e-03 2.608770e-03 1 2 3 3 9.818955e-14 0.000000e+00
109 186 6.552935e-03 3.284247e-03 1 2 3 3 9.793227e-14 0.000000e+00
109 187 6.552935e-03 4.134622e-03 1 2 3 3 9.751523e-14 0.000000e+00
109 188 6.552935e-03 5.205181e-03 1 2 3 3 9.679222e-14 0.000000e+00
109 189 6.552935e-03 6.552935e-03 1 2 3 3 9.506593e-14 0.000000e+00
109 190 6.552935e-03 8.249656e-03 1 2 3 3 9.109079e-14 0.000000e+00
109 191 6.552935e-03 1.038570e-02 1 2 3 3 8.568438e-14 0.000000e+00
109 192 6.552935e-03 1.307482e-02 1 2 3 3 7.936696e-14 0.000000e+00
109 193 6.552935e-03 1.646023e-02 1 2 3 3 7.212810e-14 0.000000e+00
109 194 6.552935e-03 2.072220e-02 1 2 3 3 6.400906e-14 0.000000e+00
109 195 6.552935e-03 2.608770e-02 1 2 3 3 5.517503e-14 0.000000e+00
109 196 6.552935e-03 3.284247e-02 1 2 3 3 4.592550e-14 0.000000e+00
109 197 6.552935e-03 4.134622e-02 1 2 3 3 3.667556e-14 0.000000e+00
109 198 6.552935e-03 5.205181e-02 1 2 3 3 2.789554e-14 0.000000e+00
109 199 6.552935e-03 6.552935e-02 1 2 3 3 2.000485e-14 0.000000e+00
110 180 8.249656e-03 8.249656e-04 1 2 3 3 9.323492e-14 0.000000e+00
110 181 8.249656e-03 1.038570e-03 1 2 3 3 9.321591e-14 0.000000e+00
110 182 8.249656e-03 1.307482e-03 1 2 3 3 9.318510e-14 0.000000e+00
110 183 8.249656e-03 1.646023e-03 1 2 3 3 9.313668e-14 0.000000e+00
110 184 8.249656e-03 2.072220e-03 1 2 3 3 9.305957e-14 0.000000e+00
110 185 8.249656e-03 2.608770e-03 1 2 3 3 9.293710e-14 0.000000e+00
110 186 8.249656e-03 3.284247e-03 1 2 3 3 9.274231e-14 0.000000e+00
110 187 8.249656e-03 4.134622e-03 1 2 3 3 9.243154e-14 0.000000e+00
110 188 8.249656e-03 5.205181e-03 1 2 3 3 9.193168e-14 0.000000e+00
110 189 8.249656e-03 6.552935e-03 1 2 3 3 9.109079e-14 0.000000e+00
110 190 8.249656e-03 8.249656e-03 1 2 3 3 8.915904e-14 0.000000e+00
110 191 8.249656e-03 1.038570e-02 1 2 3 3 8.472400e-14 0.000000e+00
110 192 8.249656e-03 1.307482e-02 1 2 3 3 7.873711e-14 0.000000e+00
110 193 8.249656e-03 1.646023e-02 1 2 3 3 7.174681e-14 0.000000e+00
110 194 8.249656e-03 2.072220e-02 1 2 3 3 6.381255e-14 0.000000e+00
110 195 8.249656e-03 2.608770e-02 1 2 3 3 5.510250e-14 0.000000e+00
110 196 8.249656e-03 3.284247e-02 1 2 3 3 4.592549e-14 0.000000e+00
110 197 8.249656e-03 4.134622e-02 1 2 3 3 3.670887e-14 0.000000e+00
110 198 8.249656e-03 5.205181e-02 1 2 3 3 2.793551e-14 0.000000e+00
110 199 8.249656e-03 6.552935e-02 1 2 3 3 2.003780e-14 0.000000e+00
111 180 1.038570e-02 8.249656e-04 1 2 3 3 8.719829e-14 0.000000e+00
111 181 1.038570e-02 1.038570e-03 1 2 3 3 8.718470e-14 0.000000e+00
111 182 1.038570e-02 1.307482e-03 1 2 3 3 8.716250e-14 0.000000e+00
111 183 1.038570e-02 1.646023e-03 1 2 3 3 8.712772e-14 0.000000e+00
111 184 1.038570e-02 2.072220e-03 1 2 3 3 8.707224e-14 0.000000e+00
111 185 1.038570e-02 2.608770e-03 1 2 3 3 8.698410e-14 0.000000e+00
111 186 1.038570e-02 3.284247e-03 1 2 3 3 8.684384e-14 0.000000e+00
111 187 1.038570e-02 4.134622e-03 1 2 3 3 8.662012e-14 0.000000e+00
111 188 1.038570e-02 5.205181e-03 1 2 3 3 8.626192e-14 0.000000e+00
111 189 1.038570e-02 6.552935e-03 1 2 3 3 8.568438e-14 0.000000e+00
111 190 1.038570e-02 8.249656e-03 1 2 3 3 8.472400e-14 0.000000e+00
111 191 1.038570e-02 1.038570e-02 1 2 3 3 8.258110e-14 0.000000e+00
111 192 1.038570e-02 1.307482e-02 1 2 3 3 7.768355e-14 0.000000e+00
111 193 1.038570e-02 1.646023e-02 1 2 3 3 7.111282e-14 0.000000e+00
111 194 1.038570e-02 2.072220e-02 1 2 3 3 6.348324e-14 0.000000e+00
111 195 1.038570e-02 2.608770e-02 1 2 3 3 5.497799e-14 0.000000e+00
111 196 1.038570e-02 3.284247e-02 1 2 3 3 4.592088e-14 0.000000e+00
111 197 1.038570e-02 4.134622e-02 1 2 3 3 3.675967e-14 0.000000e+00
111 198 1.038570e-02 5.205181e-02 1 2 3 3 2.799821e-14 0.000000e+00
111 199 1.038570e-02 6.552935e-02 1 2 3 3 2.008997e-14 0.000000e+00
112 180 1.307482e-02 8.249656e-04 1 2 3 3 8.037858e-14 0.000000e+00
112 181 1.307482e-02 1.038570e-03 1 2 3 3 8.036962e-14 0.000000e+00
112 182 1.307482e-02 1.307482e-03 1 2 3 3 8.035477e-14 0.000000e+00
112 183 1.307482e-02 1.646023e-03 1 2 3 3 8.033165e-14 0.000000e+00
112 184 1.307482e-02 2.072220e-03 1 2 3 3 8.029467e-14 0.000000e+00
112 185 1.307482e-02 2.608770e-03 1 2 3 3 8.023591e-14 0.000000e+00
112 186 1.307482e-02 3.284247e-03 1 2 3 3 8.014235e-14 0.000000e+00
112 187 1.307482e-02 4.134622e-03 1 2 3 3 7.999296e-14 0.000000e+00
112 188 1.307482e-02 5.205181e-03 1 2 3 3 7.975344e-14 0.000000e+00
112 189 1.307482e-02 6.552935e-03 1 2 3 3 7.936696e-14 0.000000e+00
112 190 1.307482e-02 8.249656e-03 1 2 3 3 7.873711e-14 0.000000e+00
112 191 1.307482e-02 1.038570e-02 1 2 3 3 7.768355e-14 0.000000e+00
112 192 1.307482e-02 1.307482e-02 1 2 3 3 7.535439e-14 0.000000e+00
112 193 1.307482e-02 1.646023e-02 1 2 3 3 7.002616e-14 0.000000e+00
112 194 1.307482e-02 2.072220e-02 1 2 3 3 6.291490e-14 0.000000e+00
112 195 1.307482e-02 2.608770e-02 1 2 3 3 5.475579e-14 0.000000e+00
112 196 1.307482e-02 3.284247e-02 1 2 3 3 4.590165e-14 0.000000e+00
112 197 1.307482e-02 4.134622e-02 1 2 3 3 3.683506e-14 0.000000e+00
112 198 1.307482e-02 5.205181e-02 1 2 3 3 2.809589e-14 0.000000e+00
112 199 1.307482e-02 6.552935e-02 1 2 3 3 2.017249e-14 0.000000e+00
113 180 1.646023e-02 8.249656e-04 1 2 3 3 7.273720e-14 0.000000e+00
113 181 1.646023e-02 1.038570e-03 1 2 3 3 7.273194e-14 0.000000e+00
113 182 1.646023e-02 1.307482e-03 1 2 3 3 7.272295e-14 0.000000e+00
113 183 1.646023e-02 1.646023e-03 1 2 3 3 7.270912e-14 0.000000e+00
113 184 1.646023e-02 2.072220e-03 1 2 3 3 7.268691e-14 0.000000e+00
113 185 1.646023e-02 2.608770e-03 1 2 3 3 7.265160e-14 0.000000e+00
113 186 1.646023e-02 3.284247e-03 1 2 3 3 7.259537e-14 0.000000e+00
113 187 1.646023e-02 4.134622e-03 1 2 3 3 7.250552e-14 0.000000e+00
113 188 1.646023e-02 5.205181e-03 1 2 3 3 7.236130e-14 0.000000e+00
113 189 1.646023e-02 6.552935e-03 1 2 3 3 7.212810e-14 0.000000e+00
113 190 1.646023e-02 8.249656e-03 1 2 3 3 7.174681e-14 0.000000e+00
113 191 1.646023e-02 1.038570e-02 1 2 3 3 7.111282e-14 0.000000e+00
113 192 1.646023e-02 1.307482e-02 1 2 3 3 7.002616e-14 0.000000e+00
113 193 1.646023e-02 1.646023e-02 1 2 3 3 6.757486e-14 0.000000e+00
113 194 1.646023e-02 2.072220e-02 1 2 3 3 6.188927e-14 0.000000e+00
113 195 1.646023e-02 2.608770e-02 1 2 3 3 5.433748e-14 0.000000e+00
113 196 1.646023e-02 3.284247e-02 1 2 3 3 4.583961e-14 0.000000e+00
113 197 1.646023e-02 4.134622e-02 1 2 3 3 3.694115e-14 0.000000e+00
113 198 1.646023e-02 5.205181e-02 1 2 3 3 2.824627e-14 0.000000e+00
113 199 1.646023e-02 6.552935e-02 1 2 3 3 2.030279e-14 0.000000e+00
114 180 2.072220e-02 8.249656e-04 1 2 3 3 6.432035e-14 0.000000e+00
114 181 2.072220e-02 1.038570e-03 1 2 3 3 6.431782e-14 0.000000e+00
114 182 2.072220e-02 1.307482e-03 1 2 3 3 6.431316e-14 0.000000e+00
114 183 2.072220e-02 1.646023e-03 1 2 3 3 6.430620e-14 0.000000e+00
114 184 2.072220e-02 2.072220e-03 1 2 3 3 6.429489e-14 0.000000e+00
114 185 2.072220e-02 2.608770e-03 1 2 3 3 6.427691e-14 0.000000e+00
114 186 2.072220e-02 3.284247e-03 1 2 3 3 6.424825e-14 0.000000e+00
114 187 2.072220e-02 4.134622e-03 1 2 3 3 6.420240e-14 0.000000e+00
114 188 2.072220e-02 5.205181e-03 1 2 3 3 6.412866e-14 0.000000e+00
114 189 2.072220e-02 6.552935e-03 1 2 3 3 6.400906e-14 0.000000e+00
114 190 2.072220e-02 8.249656e-03 1 2 3 3 6.381255e-14 0.000000e+00
114 191 2.072220e-02 1.038570e-02 1 2 3 3 6.348324e-14 0.000000e+00
114 192 2.072220e-02 1.307482e-02 1 2 3 3 6.291490e-14 0.000000e+00
114 193 2.072220e-02 1.646023e-02 1 2 3 3 6.188927e-14 0.000000e+00
114 194 2.072220e-02 2.072220e-02 1 2 3 3 5.942130e-14 0.000000e+00
114 195 2.072220e-02 2.608770e-02 1 2 3 3 5.349255e-14 0.000000e+00
114 196 2.072220e-02 3.284247e-02 1 2 3 3 4.565501e-14 0.000000e+00
114 197 2.072220e-02 4.134622e-02 1 2 3 3 3.707324e-14 0.000000e+00
114 198 2.072220e-02 5.205181e-02 1 2 3 3 2.847268e-14 0.000000e+00
114 199 2.072220e-02 6.552935e-02 1 2 3 3 2.050773e-14 0.000000e+00
115 180 2.608770e-02 8.249656e-04 1 2 3 3 5.528663e-14 0.000000e+00
115 181 2.608770e-02 1.038570e-03 1 2 3 3 5.528593e-14 0.000000e+00
115 182 2.608770e-02 1.307482e-03 1 2 3 3 5.528418e-14 0.000000e+00
115 183 2.608770e-02 1.646023e-03 1 2 3 3 5.528182e-14 0.000000e+00
115 184 2.608770e-02 2.072220e-03 1 2 3 3 5.527782e-14 0.000000e+00
115 185 2.608770e-02 2.608770e-03 1 2 3 3 5.527145e-14 0.000000e+00
115 186 2.608770e-02 3.284247e-03 1 2 3 3 5.526129e-14 0.000000e+00
115 187 2.608770e-02 4.134622e-03 1 2 3 3 5.524494e-14 0.000000e+00
115 188 2.608770e-02 5.205181e-03 1 2 3 3 5.521846e-14 0.000000e+00
115 189 2.608770e-02 6.552935e-03 1 2 3 3 5.517503e-14 0.000000e+00
115 190 2.608770e-02 8.249656e-03 1 2 3 3 5.510250e-14 0.000000e+00
115 191 2.608770e-02 1.038570e-02 1 2 3 3 5.497799e-14 0.000000e+00
115 192 2.608770e-02 1.307482e-02 1 2 3 3 5.475579e-14 0.000000e+00
115 193 2.608770e-02 1.646023e-02 1 2 3 3 5.433748e-14 0.000000e+00
115 194 2.608770e-02 2.072220e-02 1 2 3 3 5.349255e-14 0.000000e+00
115 195 2.608770e-02 2.608770e-02 1 2 3 3 5.114596e-14 0.000000e+00
115 196 2.608770e-02 3.284247e-02 1 2 3 3 4.511527e-14 0.000000e+00
115 197 2.608770e-02 4.134622e-02 1 2 3 3 3.718117e-14 0.000000e+00
115 198 2.608770e-02 5.205181e-02 1 2 3 3 2.879808e-14 0.000000e+00
115 199 2.608770e-02 6.552935e-02 1 2 3 3 2.082715e-14 0.000000e+00
116 180 3.284247e-02 8.249656e-04 1 2 3 3 4.592036e-14 0.000000e+00
116 181 3.284247e-02 1.038570e-03 1 2 3 3 4.592072e-14 0.000000e+00
116 182 3.284247e-02 1.307482e-03 1 2 3 3 4.592067e-14 0.000000e+00
116 183 3.284247e-02 1.646023e-03 1 2 3 3 4.592100e-14 0.000000e+00
116 184 3.284247e-02 2.072220e-03 1 2 3 3 4.592127e-14 0.000000e+00
116 185 3.284247e-02 2.608770e-03 1 2 3 3 4.592170e-14 0.000000e+00
116 186 3.284247e-02 3.284247e-03 1 2 3 3 4.592233e-14 0.000000e+00
116 187 3.284247e-02 4.134622e-03 1 2 3 3 4.592323e-14 0.000000e+00
116 188 3.284247e-02 5.205181e-03 1 2 3 3 4.592438e-14 0.000000e+00
116 189 3.284247e-02 6.552935e-03 1 2 3 3 4.592550e-14 0.000000e+00
116 190 3.284247e-02 8.249656e-03 1 2 3 3 4.592549e-14 0.000000e+00
116 191 3.284247e-02 1.038570e-02 1 2 3 3 4.592088e-14 0.000000e+00
116 192 3.284247e-02 1.307482e-02 1 2 3 3 4.590165e-14 0.000000e+00
116 193 3.284247e-02 1.646023e-02 1 2 3 3 4.583961e-14 0.000000e+00
116 194 3.284247e-02 2.072220e-02 1 2 3 3 4.565501e-14 0.000000e+00
116 195 3.284247e-02 2.608770e-02 1 2 3 3 4.511527e-14 0.000000e+00
116 196 3.284247e-02 3.284247e-02 1 2 3 3 4.303669e-14 0.000000e+00
116 197 3.284247e-02 4.134622e-02 1 2 3 3 3.704575e-14 0.000000e+00
116 198 3.284247e-02 5.205181e-02 1 2 3 3 2.921355e-14 0.000000e+00
116 199 3.284247e-02 6.552935e-02 1 2 3 3 2.131404e-14 0.000000e+00
117 180 4.134622e-02 8.249656e-04 1 2 3 3 3.661713e-14 0.000000e+00
117 181 4.134622e-02 1.038570e-03 1 2 3 3 3.661797e-14 0.000000e+00
117 182 4.134622e-02 1.307482e-03 1 2 3 3 3.661870e-14 0.000000e+00
117 183 4.134622e-02 1.646023e-03 1 2 3 3 3.662026e-14 0.000000e+00
117 184 4.134622e-02 2.072220e-03 1 2 3 3 3.662247e-14 0.000000e+00
117 185 4.134622e-02 2.608770e-03 1 2 3 3 3.662598e-14 0.000000e+00
117 186 4.134622e-02 3.284247e-03 1 2 3 3 3.663154e-14 0.000000e+00
117 187 4.134622e-02 4.134622e-03 1 2 3 3 3.664030e-14 0.000000e+00
117 188 4.134622e-02 5.205181e-03 1 2 3 3 3.665406e-14 0.000000e+00
117 189 4.134622e-02 6.552935e-03 1 2 3 3 3.667556e-14 0.000000e+00
117 190 4.134622e-02 8.249656e-03 1 2 3 3 3.670887e-14 0.000000e+00
117 191 4.134622e-02 1.038570e-02 1 2 3 3 3.675967e-14 0.000000e+00
117 192 4.134622e-02 1.307482e-02 1 2 3 3 3.683506e-14 0.000000e+00
117 193 4.134622e-02 1.646023e-02 1 2 3 3 3.694115e-14 0.000000e+00
117 194 4.134622e-02 2.072220e-02 1 2 3 3 3.707324e-14 0.000000e+00
117 195 4.134622e-02 2.608770e-02 1 2 3 3 3.718117e-14 0.000000e+00
117 196 4.134622e-02 3.284247e-02 1 2 3 3 3.704575e-14 0.000000e+00
117 197 4.134622e-02 4.134622e-02 1 2 3 3 3.536248e-14 0.000000e+00
117 198 4.134622e-02 5.205181e-02 1 2 3 3 2.953776e-14 0.000000e+00
117 199 4.134622e-02 6.552935e-02 1 2 3 3 2.201200e-14 0.000000e+00
118 180 5.205181e-02 8.249656e-04 1 2 3 3 2.782733e-14 0.000000e+00
118 181 5.205181e-02 1.038570e-03 1 2 3 3 2.782825e-14 0.000000e+00
118 182 5.205181e-02 1.307482e-03 1 2 3 3 2.782913e-14 0.000000e+00
118 183 5.205181e-02 1.646023e-03 1 2 3 3 2.783088e-14 0.000000e+00
118 184 5.205181e-02 2.072220e-03 1 2 3 3 2.783343e-14 0.000000e+00
118 185 5.205181e-02 2.608770e-03 1 2 3 3 2.783749e-14 0.000000e+00
118 186 5.205181e-02 3.284247e-03 1 2 3 3 2.784391e-14 0.000000e+00
118 187 5.205181e-02 4.134622e-03 1 2 3 3 2.785408e-14 0.000000e+00
118 188 5.205181e-02 5.205181e-03 1 2 3 3 2.787016e-14 0.000000e+00
118 189 5.205181e-02 6.552935e-03 1 2 3 3 2.789554e-14 0.000000e+00
118 190 5.205181e-02 8.249656e-03 1 2 3 3 2.793551e-14 0.000000e+00
118 191 5.205181e-02 1.038570e-02 1 2 3 3 2.799821e-14 0.000000e+00
118 192 5.205181e-02 1.307482e-02 1 2 3 3 2.809589e-14 0.000000e+00
118 193 5.205181e-02 1.646023e-02 1 2 3 3 2.824627e-14 0.000000e+00
118 194 5.205181e-02 2.072220e-02 1 2 3 3 2.847268e-14 0.000000e+00
118 195 5.205181e-02 2.608770e-02 1 2 3 3 2.879808e-14 0.000000e+00
118 196 5.205181e-02 3.284247e-02 1 2 3 3 2.921355e-14 0.000000e+00
118 197 5.205181e-02 4.134622e-02 1 2 3 3 2.953776e-14 0.000000e+00
118 198 5.205181e-02 5.205181e-02 1 2 3 3 2.834935e-14 0.000000e+00
118 199 5.205181e-02 6.552935e-02 1 2 3 3 2.280835e-14 0.000000e+00
119 180 6.552935e-02 8.249656e-04 1 2 3 3 1.994910e-14 0.000000e+00
119 181 6.552935e-02 1.038570e-03 1 2 3 3 1.994990e-14 0.000000e+00
119 182 6.552935e-02 1.307482e-03 1 2 3 3 1.995059e-14 0.000000e+00
119 183 6.552935e-02 1.646023e-03 1 2 3 3 1.995204e-14 0.000000e+00
119 184 6.552935e-02 2.072220e-03 1 2 3 3 1.995411e-14 0.000000e+00
119 185 6.552935e-02 2.608770e-03 1 2 3 3 1.995740e-14 0.000000e+00
119 186 6.552935e-02 3.284247e-03 1 2 3 3 1.996263e-14 0.000000e+00
119 187 6.552935e-02 4.134622e-03 1 2 3 3 1.997092e-14 0.000000e+00
119 188 6.552935e-02 5.205181e-03 1 2 3 3 1.998405e-14 0.000000e+00
119 189 6.552935e-02 6.552935e-03 1 2 3 3 2.000485e-14 0.000000e+00
119 190 6.552935e-02 8.249656e-03 1 2 3 3 2.003780e-14 0.000000e+00
119 191 6.552935e-02 1.038570e-02 1 2 3 3 2.008997e-14 0.000000e+00
119 192 6.552935e-02 1.307482e-02 1 2 3 3 2.017249e-14 0.000000e+00
119 193 6.552935e-02 1.646023e-02 1 2 3 3 2.030279e-14 0.000000e+00
119 194 6.552935e-02 2.072220e-02 1 2 3 3 2.050773e-14 0.000000e+00
119 195 6.552935e-02 2.608770e-02 1 2 3 3 2.082715e-14 0.000000e+00
119 196 6.552935e-02 3.284247e-02 1 2 3 3 2.131404e-14 0.000000e+00
119 197 6.552935e-02 4.134622e-02 1 2 3 3 2.201200e-14 0.000000e+00
119 198 6.552935e-02 5.205181e-02 1 2 3 3 2.280835e-14 0.000000e+00
119 199 6.552935e-02 6.552935e-02 1 2 3 3 2.218574e-14 0.000000e+00
