# Please cite the following papers in research using this covariance:
# arXiv: 1601.05779, https://arxiv.org/abs/1601.05779
# arXiv: 1911.11947, https://arxiv.org/abs/1911.11947
# arXiv: 2004.04833, https://arxiv.org/abs/2004.04833
########################################################
80 80 8.249656e-04 8.249656e-04 1 1 1 1 5.111955e-11 0.000000e+00
80 81 8.249656e-04 1.038570e-03 1 1 1 1 3.286576e-13 0.000000e+00
80 82 8.249656e-04 1.307482e-03 1 1 1 1 2.724415e-13 0.000000e+00
80 83 8.249656e-04 1.646023e-03 1 1 1 1 2.245551e-13 0.000000e+00
80 84 8.249656e-04 2.072220e-03 1 1 1 1 1.854798e-13 0.000000e+00
80 85 8.249656e-04 2.608770e-03 1 1 1 1 1.542964e-13 0.000000e+00
80 86 8.249656e-04 3.284247e-03 1 1 1 1 1.296634e-13 0.000000e+00
80 87 8.249656e-04 4.134622e-03 1 1 1 1 1.101794e-13 0.000000e+00
80 88 8.249656e-04 5.205181e-03 1 1 1 1 9.456690e-14 0.000000e+00
80 89 8.249656e-04 6.552935e-03 1 1 1 1 8.176152e-14 0.000000e+00
80 90 8.249656e-04 8.249656e-03 1 1 1 1 7.093761e-14 0.000000e+00
80 91 8.249656e-04 1.038570e-02 1 1 1 1 6.149739e-14 0.000000e+00
80 92 8.249656e-04 1.307482e-02 1 1 1 1 5.303891e-14 0.000000e+00
80 93 8.249656e-04 1.646023e-02 1 1 1 1 4.531429e-14 0.000000e+00
80 94 8.249656e-04 2.072220e-02 1 1 1 1 3.819121e-14 0.000000e+00
80 95 8.249656e-04 2.608770e-02 1 1 1 1 3.161453e-14 0.000000e+00
80 96 8.249656e-04 3.284247e-02 1 1 1 1 2.558338e-14 0.000000e+00
80 97 8.249656e-04 4.134622e-02 1 1 1 1 2.013156e-14 0.000000e+00
80 98 8.249656e-04 5.205181e-02 1 1 1 1 1.531459e-14 0.000000e+00
80 99 8.249656e-04 6.552935e-02 1 1 1 1 1.119296e-14 0.000000e+00
81 80 1.038570e-03 8.249656e-04 1 1 1 1 3.286576e-13 0.000000e+00
81 81 1.038570e-03 1.038570e-03 1 1 1 1 3.234327e-11 0.000000e+00
81 82 1.038570e-03 1.307482e-03 1 1 1 1 2.815215e-13 0.000000e+00
81 83 1.038570e-03 1.646023e-03 1 1 1 1 2.303887e-13 0.000000e+00
81 84 1.038570e-03 2.072220e-03 1 1 1 1 1.887907e-13 0.000000e+00
81 85 1.038570e-03 2.608770e-03 1 1 1 1 1.560499e-13 0.000000e+00
81 86 1.038570e-03 3.284247e-03 1 1 1 1 1.305433e-13 0.000000e+00
81 87 1.038570e-03 4.134622e-03 1 1 1 1 1.106012e-13 0.000000e+00
81 88 1.038570e-03 5.205181e-03 1 1 1 1 9.476146e-14 0.000000e+00
81 89 1.038570e-03 6.552935e-03 1 1 1 1 8.184874e-14 0.000000e+00
81 90 1.038570e-03 8.249656e-03 1 1 1 1 7.097624e-14 0.000000e+00
81 91 1.038570e-03 1.038570e-02 1 1 1 1 6.151489e-14 0.000000e+00
81 92 1.038570e-03 1.307482e-02 1 1 1 1 5.304725e-14 0.000000e+00
81 93 1.038570e-03 1.646023e-02 1 1 1 1 4.531871e-14 0.000000e+00
81 94 1.038570e-03 2.072220e-02 1 1 1 1 3.819380e-14 0.000000e+00
81 95 1.038570e-03 2.608770e-02 1 1 1 1 3.161622e-14 0.000000e+00
81 96 1.038570e-03 3.284247e-02 1 1 1 1 2.558459e-14 0.000000e+00
81 97 1.038570e-03 4.134622e-02 1 1 1 1 2.013249e-14 0.000000e+00
81 98 1.038570e-03 5.205181e-02 1 1 1 1 1.531524e-14 0.000000e+00
81 99 1.038570e-03 6.552935e-02 1 1 1 1 1.119346e-14 0.000000e+00
82 80 1.307482e-03 8.249656e-04 1 1 1 1 2.724415e-13 0.000000e+00
82 81 1.307482e-03 1.038570e-03 1 1 1 1 2.815215e-13 0.000000e+00
82 82 1.307482e-03 1.307482e-03 1 1 1 1 2.048329e-11 0.000000e+00
82 83 1.307482e-03 1.646023e-03 1 1 1 1 2.402499e-13 0.000000e+00
82 84 1.307482e-03 2.072220e-03 1 1 1 1 1.944882e-13 0.000000e+00
82 85 1.307482e-03 2.608770e-03 1 1 1 1 1.590266e-13 0.000000e+00
82 86 1.307482e-03 3.284247e-03 1 1 1 1 1.320130e-13 0.000000e+00
82 87 1.307482e-03 4.134622e-03 1 1 1 1 1.112956e-13 0.000000e+00
82 88 1.307482e-03 5.205181e-03 1 1 1 1 9.507801e-14 0.000000e+00
82 89 1.307482e-03 6.552935e-03 1 1 1 1 8.198929e-14 0.000000e+00
82 90 1.307482e-03 8.249656e-03 1 1 1 1 7.103793e-14 0.000000e+00
82 91 1.307482e-03 1.038570e-02 1 1 1 1 6.154234e-14 0.000000e+00
82 92 1.307482e-03 1.307482e-02 1 1 1 1 5.306006e-14 0.000000e+00
82 93 1.307482e-03 1.646023e-02 1 1 1 1 4.532533e-14 0.000000e+00
82 94 1.307482e-03 2.072220e-02 1 1 1 1 3.819745e-14 0.000000e+00
82 95 1.307482e-03 2.608770e-02 1 1 1 1 3.161854e-14 0.000000e+00
82 96 1.307482e-03 3.284247e-02 1 1 1 1 2.558609e-14 0.000000e+00
82 97 1.307482e-03 4.134622e-02 1 1 1 1 2.013355e-14 0.000000e+00
82 98 1.307482e-03 5.205181e-02 1 1 1 1 1.531590e-14 0.000000e+00
82 99 1.307482e-03 6.552935e-02 1 1 1 1 1.119388e-14 0.000000e+00
83 80 1.646023e-03 8.249656e-04 1 1 1 1 2.245551e-13 0.000000e+00
83 81 1.646023e-03 1.038570e-03 1 1 1 1 2.303887e-13 0.000000e+00
83 82 1.646023e-03 1.307482e-03 1 1 1 1 2.402499e-13 0.000000e+00
83 83 1.646023e-03 1.646023e-03 1 1 1 1 1.298920e-11 0.000000e+00
83 84 1.646023e-03 2.072220e-03 1 1 1 1 2.046214e-13 0.000000e+00
83 85 1.646023e-03 2.608770e-03 1 1 1 1 1.642984e-13 0.000000e+00
83 86 1.646023e-03 3.284247e-03 1 1 1 1 1.345515e-13 0.000000e+00
83 87 1.646023e-03 4.134622e-03 1 1 1 1 1.124680e-13 0.000000e+00
83 88 1.646023e-03 5.205181e-03 1 1 1 1 9.560295e-14 0.000000e+00
83 89 1.646023e-03 6.552935e-03 1 1 1 1 8.221919e-14 0.000000e+00
83 90 1.646023e-03 8.249656e-03 1 1 1 1 7.113790e-14 0.000000e+00
83 91 1.646023e-03 1.038570e-02 1 1 1 1 6.158667e-14 0.000000e+00
83 92 1.646023e-03 1.307482e-02 1 1 1 1 5.308089e-14 0.000000e+00
83 93 1.646023e-03 1.646023e-02 1 1 1 1 4.533606e-14 0.000000e+00
83 94 1.646023e-03 2.072220e-02 1 1 1 1 3.820359e-14 0.000000e+00
83 95 1.646023e-03 2.608770e-02 1 1 1 1 3.162253e-14 0.000000e+00
83 96 1.646023e-03 3.284247e-02 1 1 1 1 2.558875e-14 0.000000e+00
83 97 1.646023e-03 4.134622e-02 1 1 1 1 2.013545e-14 0.000000e+00
83 98 1.646023e-03 5.205181e-02 1 1 1 1 1.531721e-14 0.000000e+00
83 99 1.646023e-03 6.552935e-02 1 1 1 1 1.119479e-14 0.000000e+00
84 80 2.072220e-03 8.249656e-04 1 1 1 1 1.854798e-13 0.000000e+00
84 81 2.072220e-03 1.038570e-03 1 1 1 1 1.887907e-13 0.000000e+00
84 82 2.072220e-03 1.307482e-03 1 1 1 1 1.944882e-13 0.000000e+00
84 83 2.072220e-03 1.646023e-03 1 1 1 1 2.046214e-13 0.000000e+00
84 84 2.072220e-03 2.072220e-03 1 1 1 1 8.251484e-12 0.000000e+00
84 85 2.072220e-03 2.608770e-03 1 1 1 1 1.742057e-13 0.000000e+00
84 86 2.072220e-03 3.284247e-03 1 1 1 1 1.391860e-13 0.000000e+00
84 87 2.072220e-03 4.134622e-03 1 1 1 1 1.145280e-13 0.000000e+00
84 88 2.072220e-03 5.205181e-03 1 1 1 1 9.649736e-14 0.000000e+00
84 89 2.072220e-03 6.552935e-03 1 1 1 1 8.260195e-14 0.000000e+00
84 90 2.072220e-03 8.249656e-03 1 1 1 1 7.130153e-14 0.000000e+00
84 91 2.072220e-03 1.038570e-02 1 1 1 1 6.165820e-14 0.000000e+00
84 92 2.072220e-03 1.307482e-02 1 1 1 1 5.311403e-14 0.000000e+00
84 93 2.072220e-03 1.646023e-02 1 1 1 1 4.535298e-14 0.000000e+00
84 94 2.072220e-03 2.072220e-02 1 1 1 1 3.821330e-14 0.000000e+00
84 95 2.072220e-03 2.608770e-02 1 1 1 1 3.162858e-14 0.000000e+00
84 96 2.072220e-03 3.284247e-02 1 1 1 1 2.559281e-14 0.000000e+00
84 97 2.072220e-03 4.134622e-02 1 1 1 1 2.013824e-14 0.000000e+00
84 98 2.072220e-03 5.205181e-02 1 1 1 1 1.531914e-14 0.000000e+00
84 99 2.072220e-03 6.552935e-02 1 1 1 1 1.119607e-14 0.000000e+00
85 80 2.608770e-03 8.249656e-04 1 1 1 1 1.542964e-13 0.000000e+00
85 81 2.608770e-03 1.038570e-03 1 1 1 1 1.560499e-13 0.000000e+00
85 82 2.608770e-03 1.307482e-03 1 1 1 1 1.590266e-13 0.000000e+00
85 83 2.608770e-03 1.646023e-03 1 1 1 1 1.642984e-13 0.000000e+00
85 84 2.608770e-03 2.072220e-03 1 1 1 1 1.742057e-13 0.000000e+00
85 85 2.608770e-03 2.608770e-03 1 1 1 1 5.254357e-12 0.000000e+00
85 86 2.608770e-03 3.284247e-03 1 1 1 1 1.484374e-13 0.000000e+00
85 87 2.608770e-03 4.134622e-03 1 1 1 1 1.184110e-13 0.000000e+00
85 88 2.608770e-03 5.205181e-03 1 1 1 1 9.809619e-14 0.000000e+00
85 89 2.608770e-03 6.552935e-03 1 1 1 1 8.325999e-14 0.000000e+00
85 90 2.608770e-03 8.249656e-03 1 1 1 1 7.157497e-14 0.000000e+00
85 91 2.608770e-03 1.038570e-02 1 1 1 1 6.177537e-14 0.000000e+00
85 92 2.608770e-03 1.307482e-02 1 1 1 1 5.316762e-14 0.000000e+00
85 93 2.608770e-03 1.646023e-02 1 1 1 1 4.538015e-14 0.000000e+00
85 94 2.608770e-03 2.072220e-02 1 1 1 1 3.822869e-14 0.000000e+00
85 95 2.608770e-03 2.608770e-02 1 1 1 1 3.163818e-14 0.000000e+00
85 96 2.608770e-03 3.284247e-02 1 1 1 1 2.559929e-14 0.000000e+00
85 97 2.608770e-03 4.134622e-02 1 1 1 1 2.014266e-14 0.000000e+00
85 98 2.608770e-03 5.205181e-02 1 1 1 1 1.532225e-14 0.000000e+00
85 99 2.608770e-03 6.552935e-02 1 1 1 1 1.119810e-14 0.000000e+00
86 80 3.284247e-03 8.249656e-04 1 1 1 1 1.296634e-13 0.000000e+00
86 81 3.284247e-03 1.038570e-03 1 1 1 1 1.305433e-13 0.000000e+00
86 82 3.284247e-03 1.307482e-03 1 1 1 1 1.320130e-13 0.000000e+00
86 83 3.284247e-03 1.646023e-03 1 1 1 1 1.345515e-13 0.000000e+00
86 84 3.284247e-03 2.072220e-03 1 1 1 1 1.391860e-13 0.000000e+00
86 85 3.284247e-03 2.608770e-03 1 1 1 1 1.484374e-13 0.000000e+00
86 86 3.284247e-03 3.284247e-03 1 1 1 1 3.356629e-12 0.000000e+00
86 87 3.284247e-03 4.134622e-03 1 1 1 1 1.266872e-13 0.000000e+00
86 88 3.284247e-03 5.205181e-03 1 1 1 1 1.012081e-13 0.000000e+00
86 89 3.284247e-03 6.552935e-03 1 1 1 1 8.445484e-14 0.000000e+00
86 90 3.284247e-03 8.249656e-03 1 1 1 1 7.204805e-14 0.000000e+00
86 91 3.284247e-03 1.038570e-02 1 1 1 1 6.197131e-14 0.000000e+00
86 92 3.284247e-03 1.307482e-02 1 1 1 1 5.325508e-14 0.000000e+00
86 93 3.284247e-03 1.646023e-02 1 1 1 1 4.542376e-14 0.000000e+00
86 94 3.284247e-03 2.072220e-02 1 1 1 1 3.825323e-14 0.000000e+00
86 95 3.284247e-03 2.608770e-02 1 1 1 1 3.165352e-14 0.000000e+00
86 96 3.284247e-03 3.284247e-02 1 1 1 1 2.560952e-14 0.000000e+00
86 97 3.284247e-03 4.134622e-02 1 1 1 1 2.014970e-14 0.000000e+00
86 98 3.284247e-03 5.205181e-02 1 1 1 1 1.532720e-14 0.000000e+00
86 99 3.284247e-03 6.552935e-02 1 1 1 1 1.120133e-14 0.000000e+00
87 80 4.134622e-03 8.249656e-04 1 1 1 1 1.101794e-13 0.000000e+00
87 81 4.134622e-03 1.038570e-03 1 1 1 1 1.106012e-13 0.000000e+00
87 82 4.134622e-03 1.307482e-03 1 1 1 1 1.112956e-13 0.000000e+00
87 83 4.134622e-03 1.646023e-03 1 1 1 1 1.124680e-13 0.000000e+00
87 84 4.134622e-03 2.072220e-03 1 1 1 1 1.145280e-13 0.000000e+00
87 85 4.134622e-03 2.608770e-03 1 1 1 1 1.184110e-13 0.000000e+00
87 86 4.134622e-03 3.284247e-03 1 1 1 1 1.266872e-13 0.000000e+00
87 87 4.134622e-03 4.134622e-03 1 1 1 1 2.153513e-12 0.000000e+00
87 88 4.134622e-03 5.205181e-03 1 1 1 1 1.083222e-13 0.000000e+00
87 89 4.134622e-03 6.552935e-03 1 1 1 1 8.685303e-14 0.000000e+00
87 90 4.134622e-03 8.249656e-03 1 1 1 1 7.291749e-14 0.000000e+00
87 91 4.134622e-03 1.038570e-02 1 1 1 1 6.231080e-14 0.000000e+00
87 92 4.134622e-03 1.307482e-02 1 1 1 1 5.340081e-14 0.000000e+00
87 93 4.134622e-03 1.646023e-02 1 1 1 1 4.549468e-14 0.000000e+00
87 94 4.134622e-03 2.072220e-02 1 1 1 1 3.829258e-14 0.000000e+00
87 95 4.134622e-03 2.608770e-02 1 1 1 1 3.167789e-14 0.000000e+00
87 96 4.134622e-03 3.284247e-02 1 1 1 1 2.562576e-14 0.000000e+00
87 97 4.134622e-03 4.134622e-02 1 1 1 1 2.016096e-14 0.000000e+00
87 98 4.134622e-03 5.205181e-02 1 1 1 1 1.533499e-14 0.000000e+00
87 99 4.134622e-03 6.552935e-02 1 1 1 1 1.120646e-14 0.000000e+00
88 80 5.205181e-03 8.249656e-04 1 1 1 1 9.456690e-14 0.000000e+00
88 81 5.205181e-03 1.038570e-03 1 1 1 1 9.476146e-14 0.000000e+00
88 82 5.205181e-03 1.307482e-03 1 1 1 1 9.507801e-14 0.000000e+00
88 83 5.205181e-03 1.646023e-03 1 1 1 1 9.560295e-14 0.000000e+00
88 84 5.205181e-03 2.072220e-03 1 1 1 1 9.649736e-14 0.000000e+00
88 85 5.205181e-03 2.608770e-03 1 1 1 1 9.809619e-14 0.000000e+00
88 86 5.205181e-03 3.284247e-03 1 1 1 1 1.012081e-13 0.000000e+00
88 87 5.205181e-03 4.134622e-03 1 1 1 1 1.083222e-13 0.000000e+00
88 88 5.205181e-03 5.205181e-03 1 1 1 1 1.389421e-12 0.000000e+00
88 89 5.205181e-03 6.552935e-03 1 1 1 1 9.274901e-14 0.000000e+00
88 90 5.205181e-03 8.249656e-03 1 1 1 1 7.470901e-14 0.000000e+00
88 91 5.205181e-03 1.038570e-02 1 1 1 1 6.293804e-14 0.000000e+00
88 92 5.205181e-03 1.307482e-02 1 1 1 1 5.365201e-14 0.000000e+00
88 93 5.205181e-03 1.646023e-02 1 1 1 1 4.561171e-14 0.000000e+00
88 94 5.205181e-03 2.072220e-02 1 1 1 1 3.835611e-14 0.000000e+00
88 95 5.205181e-03 2.608770e-02 1 1 1 1 3.171687e-14 0.000000e+00
88 96 5.205181e-03 3.284247e-02 1 1 1 1 2.565165e-14 0.000000e+00
88 97 5.205181e-03 4.134622e-02 1 1 1 1 2.017877e-14 0.000000e+00
88 98 5.205181e-03 5.205181e-02 1 1 1 1 1.534734e-14 0.000000e+00
88 99 5.205181e-03 6.552935e-02 1 1 1 1 1.121461e-14 0.000000e+00
89 80 6.552935e-03 8.249656e-04 1 1 1 1 8.176152e-14 0.000000e+00
89 81 6.552935e-03 1.038570e-03 1 1 1 1 8.184874e-14 0.000000e+00
89 82 6.552935e-03 1.307482e-03 1 1 1 1 8.198929e-14 0.000000e+00
89 83 6.552935e-03 1.646023e-03 1 1 1 1 8.221919e-14 0.000000e+00
89 84 6.552935e-03 2.072220e-03 1 1 1 1 8.260195e-14 0.000000e+00
89 85 6.552935e-03 2.608770e-03 1 1 1 1 8.325999e-14 0.000000e+00
89 86 6.552935e-03 3.284247e-03 1 1 1 1 8.445484e-14 0.000000e+00
89 87 6.552935e-03 4.134622e-03 1 1 1 1 8.685303e-14 0.000000e+00
89 88 6.552935e-03 5.205181e-03 1 1 1 1 9.274901e-14 0.000000e+00
89 89 6.552935e-03 6.552935e-03 1 1 1 1 9.029431e-13 0.000000e+00
89 90 6.552935e-03 8.249656e-03 1 1 1 1 7.944129e-14 0.000000e+00
89 91 6.552935e-03 1.038570e-02 1 1 1 1 6.425242e-14 0.000000e+00
89 92 6.552935e-03 1.307482e-02 1 1 1 1 5.411344e-14 0.000000e+00
89 93 6.552935e-03 1.646023e-02 1 1 1 1 4.581078e-14 0.000000e+00
89 94 6.552935e-03 2.072220e-02 1 1 1 1 3.845992e-14 0.000000e+00
89 95 6.552935e-03 2.608770e-02 1 1 1 1 3.177939e-14 0.000000e+00
89 96 6.552935e-03 3.284247e-02 1 1 1 1 2.569283e-14 0.000000e+00
89 97 6.552935e-03 4.134622e-02 1 1 1 1 2.020708e-14 0.000000e+00
89 98 6.552935e-03 5.205181e-02 1 1 1 1 1.536697e-14 0.000000e+00
89 99 6.552935e-03 6.552935e-02 1 1 1 1 1.122750e-14 0.000000e+00
90 80 8.249656e-03 8.249656e-04 1 1 1 1 7.093761e-14 0.000000e+00
90 81 8.249656e-03 1.038570e-03 1 1 1 1 7.097624e-14 0.000000e+00
90 82 8.249656e-03 1.307482e-03 1 1 1 1 7.103793e-14 0.000000e+00
90 83 8.249656e-03 1.646023e-03 1 1 1 1 7.113790e-14 0.000000e+00
90 84 8.249656e-03 2.072220e-03 1 1 1 1 7.130153e-14 0.000000e+00
90 85 8.249656e-03 2.608770e-03 1 1 1 1 7.157497e-14 0.000000e+00
90 86 8.249656e-03 3.284247e-03 1 1 1 1 7.204805e-14 0.000000e+00
90 87 8.249656e-03 4.134622e-03 1 1 1 1 7.291749e-14 0.000000e+00
90 88 8.249656e-03 5.205181e-03 1 1 1 1 7.470901e-14 0.000000e+00
90 89 8.249656e-03 6.552935e-03 1 1 1 1 7.944129e-14 0.000000e+00
90 90 8.249656e-03 8.249656e-03 1 1 1 1 5.921308e-13 0.000000e+00
90 91 8.249656e-03 1.038570e-02 1 1 1 1 6.795461e-14 0.000000e+00
90 92 8.249656e-03 1.307482e-02 1 1 1 1 5.508041e-14 0.000000e+00
90 93 8.249656e-03 1.646023e-02 1 1 1 1 4.616945e-14 0.000000e+00
90 94 8.249656e-03 2.072220e-02 1 1 1 1 3.863348e-14 0.000000e+00
90 95 8.249656e-03 2.608770e-02 1 1 1 1 3.188070e-14 0.000000e+00
90 96 8.249656e-03 3.284247e-02 1 1 1 1 2.575875e-14 0.000000e+00
90 97 8.249656e-03 4.134622e-02 1 1 1 1 2.025213e-14 0.000000e+00
90 98 8.249656e-03 5.205181e-02 1 1 1 1 1.539811e-14 0.000000e+00
90 99 8.249656e-03 6.552935e-02 1 1 1 1 1.124795e-14 0.000000e+00
91 80 1.038570e-02 8.249656e-04 1 1 1 1 6.149739e-14 0.000000e+00
91 81 1.038570e-02 1.038570e-03 1 1 1 1 6.151489e-14 0.000000e+00
91 82 1.038570e-02 1.307482e-03 1 1 1 1 6.154234e-14 0.000000e+00
91 83 1.038570e-02 1.646023e-03 1 1 1 1 6.158667e-14 0.000000e+00
91 84 1.038570e-02 2.072220e-03 1 1 1 1 6.165820e-14 0.000000e+00
91 85 1.038570e-02 2.608770e-03 1 1 1 1 6.177537e-14 0.000000e+00
91 86 1.038570e-02 3.284247e-03 1 1 1 1 6.197131e-14 0.000000e+00
91 87 1.038570e-02 4.134622e-03 1 1 1 1 6.231080e-14 0.000000e+00
91 88 1.038570e-02 5.205181e-03 1 1 1 1 6.293804e-14 0.000000e+00
91 89 1.038570e-02 6.552935e-03 1 1 1 1 6.425242e-14 0.000000e+00
91 90 1.038570e-02 8.249656e-03 1 1 1 1 6.795461e-14 0.000000e+00
91 91 1.038570e-02 1.038570e-02 1 1 1 1 3.925797e-13 0.000000e+00
91 92 1.038570e-02 1.307482e-02 1 1 1 1 5.793078e-14 0.000000e+00
91 93 1.038570e-02 1.646023e-02 1 1 1 1 4.690389e-14 0.000000e+00
91 94 1.038570e-02 2.072220e-02 1 1 1 1 3.893748e-14 0.000000e+00
91 95 1.038570e-02 2.608770e-02 1 1 1 1 3.204748e-14 0.000000e+00
91 96 1.038570e-02 3.284247e-02 1 1 1 1 2.586476e-14 0.000000e+00
91 97 1.038570e-02 4.134622e-02 1 1 1 1 2.032405e-14 0.000000e+00
91 98 1.038570e-02 5.205181e-02 1 1 1 1 1.544764e-14 0.000000e+00
91 99 1.038570e-02 6.552935e-02 1 1 1 1 1.128043e-14 0.000000e+00
92 80 1.307482e-02 8.249656e-04 1 1 1 1 5.303891e-14 0.000000e+00
92 81 1.307482e-02 1.038570e-03 1 1 1 1 5.304725e-14 0.000000e+00
92 82 1.307482e-02 1.307482e-03 1 1 1 1 5.306006e-14 0.000000e+00
92 83 1.307482e-02 1.646023e-03 1 1 1 1 5.308089e-14 0.000000e+00
92 84 1.307482e-02 2.072220e-03 1 1 1 1 5.311403e-14 0.000000e+00
92 85 1.307482e-02 2.608770e-03 1 1 1 1 5.316762e-14 0.000000e+00
92 86 1.307482e-02 3.284247e-03 1 1 1 1 5.325508e-14 0.000000e+00
92 87 1.307482e-02 4.134622e-03 1 1 1 1 5.340081e-14 0.000000e+00
92 88 1.307482e-02 5.205181e-03 1 1 1 1 5.365201e-14 0.000000e+00
92 89 1.307482e-02 6.552935e-03 1 1 1 1 5.411344e-14 0.000000e+00
92 90 1.307482e-02 8.249656e-03 1 1 1 1 5.508041e-14 0.000000e+00
92 91 1.307482e-02 1.038570e-02 1 1 1 1 5.793078e-14 0.000000e+00
92 92 1.307482e-02 1.307482e-02 1 1 1 1 2.635979e-13 0.000000e+00
92 93 1.307482e-02 1.646023e-02 1 1 1 1 4.909426e-14 0.000000e+00
92 94 1.307482e-02 2.072220e-02 1 1 1 1 3.953281e-14 0.000000e+00
92 95 1.307482e-02 2.608770e-02 1 1 1 1 3.233144e-14 0.000000e+00
92 96 1.307482e-02 3.284247e-02 1 1 1 1 2.603732e-14 0.000000e+00
92 97 1.307482e-02 4.134622e-02 1 1 1 1 2.043936e-14 0.000000e+00
92 98 1.307482e-02 5.205181e-02 1 1 1 1 1.552649e-14 0.000000e+00
92 99 1.307482e-02 6.552935e-02 1 1 1 1 1.133203e-14 0.000000e+00
93 80 1.646023e-02 8.249656e-04 1 1 1 1 4.531429e-14 0.000000e+00
93 81 1.646023e-02 1.038570e-03 1 1 1 1 4.531871e-14 0.000000e+00
93 82 1.646023e-02 1.307482e-03 1 1 1 1 4.532533e-14 0.000000e+00
93 83 1.646023e-02 1.646023e-03 1 1 1 1 4.533606e-14 0.000000e+00
93 84 1.646023e-02 2.072220e-03 1 1 1 1 4.535298e-14 0.000000e+00
93 85 1.646023e-02 2.608770e-03 1 1 1 1 4.538015e-14 0.000000e+00
93 86 1.646023e-02 3.284247e-03 1 1 1 1 4.542376e-14 0.000000e+00
93 87 1.646023e-02 4.134622e-03 1 1 1 1 4.549468e-14 0.000000e+00
93 88 1.646023e-02 5.205181e-03 1 1 1 1 4.561171e-14 0.000000e+00
93 89 1.646023e-02 6.552935e-03 1 1 1 1 4.581078e-14 0.000000e+00
93 90 1.646023e-02 8.249656e-03 1 1 1 1 4.616945e-14 0.000000e+00
93 91 1.646023e-02 1.038570e-02 1 1 1 1 4.690389e-14 0.000000e+00
93 92 1.646023e-02 1.307482e-02 1 1 1 1 4.909426e-14 0.000000e+00
93 93 1.646023e-02 1.646023e-02 1 1 1 1 1.794727e-13 0.000000e+00
93 94 1.646023e-02 2.072220e-02 1 1 1 1 4.124624e-14 0.000000e+00
93 95 1.646023e-02 2.608770e-02 1 1 1 1 3.285843e-14 0.000000e+00
93 96 1.646023e-02 3.284247e-02 1 1 1 1 2.632485e-14 0.000000e+00
93 97 1.646023e-02 4.134622e-02 1 1 1 1 2.062574e-14 0.000000e+00
93 98 1.646023e-02 5.205181e-02 1 1 1 1 1.565250e-14 0.000000e+00
93 99 1.646023e-02 6.552935e-02 1 1 1 1 1.141421e-14 0.000000e+00
94 80 2.072220e-02 8.249656e-04 1 1 1 1 3.819121e-14 0.000000e+00
94 81 2.072220e-02 1.038570e-03 1 1 1 1 3.819380e-14 0.000000e+00
94 82 2.072220e-02 1.307482e-03 1 1 1 1 3.819745e-14 0.000000e+00
94 83 2.072220e-02 1.646023e-03 1 1 1 1 3.820359e-14 0.000000e+00
94 84 2.072220e-02 2.072220e-03 1 1 1 1 3.821330e-14 0.000000e+00
94 85 2.072220e-02 2.608770e-03 1 1 1 1 3.822869e-14 0.000000e+00
94 86 2.072220e-02 3.284247e-03 1 1 1 1 3.825323e-14 0.000000e+00
94 87 2.072220e-02 4.134622e-03 1 1 1 1 3.829258e-14 0.000000e+00
94 88 2.072220e-02 5.205181e-03 1 1 1 1 3.835611e-14 0.000000e+00
94 89 2.072220e-02 6.552935e-03 1 1 1 1 3.845992e-14 0.000000e+00
94 90 2.072220e-02 8.249656e-03 1 1 1 1 3.863348e-14 0.000000e+00
94 91 2.072220e-02 1.038570e-02 1 1 1 1 3.893748e-14 0.000000e+00
94 92 2.072220e-02 1.307482e-02 1 1 1 1 3.953281e-14 0.000000e+00
94 93 2.072220e-02 1.646023e-02 1 1 1 1 4.124624e-14 0.000000e+00
94 94 2.072220e-02 2.072220e-02 1 1 1 1 1.239581e-13 0.000000e+00
94 95 2.072220e-02 2.608770e-02 1 1 1 1 3.425480e-14 0.000000e+00
94 96 2.072220e-02 3.284247e-02 1 1 1 1 2.683412e-14 0.000000e+00
94 97 2.072220e-02 4.134622e-02 1 1 1 1 2.093198e-14 0.000000e+00
94 98 2.072220e-02 5.205181e-02 1 1 1 1 1.585505e-14 0.000000e+00
94 99 2.072220e-02 6.552935e-02 1 1 1 1 1.154550e-14 0.000000e+00
95 80 2.608770e-02 8.249656e-04 1 1 1 1 3.161453e-14 0.000000e+00
95 81 2.608770e-02 1.038570e-03 1 1 1 1 3.161622e-14 0.000000e+00
95 82 2.608770e-02 1.307482e-03 1 1 1 1 3.161854e-14 0.000000e+00
95 83 2.608770e-02 1.646023e-03 1 1 1 1 3.162253e-14 0.000000e+00
95 84 2.608770e-02 2.072220e-03 1 1 1 1 3.162858e-14 0.000000e+00
95 85 2.608770e-02 2.608770e-03 1 1 1 1 3.163818e-14 0.000000e+00
95 86 2.608770e-02 3.284247e-03 1 1 1 1 3.165352e-14 0.000000e+00
95 87 2.608770e-02 4.134622e-03 1 1 1 1 3.167789e-14 0.000000e+00
95 88 2.608770e-02 5.205181e-03 1 1 1 1 3.171687e-14 0.000000e+00
95 89 2.608770e-02 6.552935e-03 1 1 1 1 3.177939e-14 0.000000e+00
95 90 2.608770e-02 8.249656e-03 1 1 1 1 3.188070e-14 0.000000e+00
95 91 2.608770e-02 1.038570e-02 1 1 1 1 3.204748e-14 0.000000e+00
95 92 2.608770e-02 1.307482e-02 1 1 1 1 3.233144e-14 0.000000e+00
95 93 2.608770e-02 1.646023e-02 1 1 1 1 3.285843e-14 0.000000e+00
95 94 2.608770e-02 2.072220e-02 1 1 1 1 3.425480e-14 0.000000e+00
95 95 2.608770e-02 2.608770e-02 1 1 1 1 8.679257e-14 0.000000e+00
95 96 2.608770e-02 3.284247e-02 1 1 1 1 2.804387e-14 0.000000e+00
95 97 2.608770e-02 4.134622e-02 1 1 1 1 2.145658e-14 0.000000e+00
95 98 2.608770e-02 5.205181e-02 1 1 1 1 1.618469e-14 0.000000e+00
95 99 2.608770e-02 6.552935e-02 1 1 1 1 1.175656e-14 0.000000e+00
96 80 3.284247e-02 8.249656e-04 1 1 1 1 2.558338e-14 0.000000e+00
96 81 3.284247e-02 1.038570e-03 1 1 1 1 2.558459e-14 0.000000e+00
96 82 3.284247e-02 1.307482e-03 1 1 1 1 2.558609e-14 0.000000e+00
96 83 3.284247e-02 1.646023e-03 1 1 1 1 2.558875e-14 0.000000e+00
96 84 3.284247e-02 2.072220e-03 1 1 1 1 2.559281e-14 0.000000e+00
96 85 3.284247e-02 2.608770e-03 1 1 1 1 2.559929e-14 0.000000e+00
96 86 3.284247e-02 3.284247e-03 1 1 1 1 2.560952e-14 0.000000e+00
96 87 3.284247e-02 4.134622e-03 1 1 1 1 2.562576e-14 0.000000e+00
96 88 3.284247e-02 5.205181e-03 1 1 1 1 2.565165e-14 0.000000e+00
96 89 3.284247e-02 6.552935e-03 1 1 1 1 2.569283e-14 0.000000e+00
96 90 3.284247e-02 8.249656e-03 1 1 1 1 2.575875e-14 0.000000e+00
96 91 3.284247e-02 1.038570e-02 1 1 1 1 2.586476e-14 0.000000e+00
96 92 3.284247e-02 1.307482e-02 1 1 1 1 2.603732e-14 0.000000e+00
96 93 3.284247e-02 1.646023e-02 1 1 1 1 2.632485e-14 0.000000e+00
96 94 3.284247e-02 2.072220e-02 1 1 1 1 2.683412e-14 0.000000e+00
96 95 3.284247e-02 2.608770e-02 1 1 1 1 2.804387e-14 0.000000e+00
96 96 3.284247e-02 3.284247e-02 1 1 1 1 6.149952e-14 0.000000e+00
96 97 3.284247e-02 4.134622e-02 1 1 1 1 2.257653e-14 0.000000e+00
96 98 3.284247e-02 5.205181e-02 1 1 1 1 1.673757e-14 0.000000e+00
96 99 3.284247e-02 6.552935e-02 1 1 1 1 1.210000e-14 0.000000e+00
97 80 4.134622e-02 8.249656e-04 1 1 1 1 2.013156e-14 0.000000e+00
97 81 4.134622e-02 1.038570e-03 1 1 1 1 2.013249e-14 0.000000e+00
97 82 4.134622e-02 1.307482e-03 1 1 1 1 2.013355e-14 0.000000e+00
97 83 4.134622e-02 1.646023e-03 1 1 1 1 2.013545e-14 0.000000e+00
97 84 4.134622e-02 2.072220e-03 1 1 1 1 2.013824e-14 0.000000e+00
97 85 4.134622e-02 2.608770e-03 1 1 1 1 2.014266e-14 0.000000e+00
97 86 4.134622e-02 3.284247e-03 1 1 1 1 2.014970e-14 0.000000e+00
97 87 4.134622e-02 4.134622e-03 1 1 1 1 2.016096e-14 0.000000e+00
97 88 4.134622e-02 5.205181e-03 1 1 1 1 2.017877e-14 0.000000e+00
97 89 4.134622e-02 6.552935e-03 1 1 1 1 2.020708e-14 0.000000e+00
97 90 4.134622e-02 8.249656e-03 1 1 1 1 2.025213e-14 0.000000e+00
97 91 4.134622e-02 1.038570e-02 1 1 1 1 2.032405e-14 0.000000e+00
97 92 4.134622e-02 1.307482e-02 1 1 1 1 2.043936e-14 0.000000e+00
97 93 4.134622e-02 1.646023e-02 1 1 1 1 2.062574e-14 0.000000e+00
97 94 4.134622e-02 2.072220e-02 1 1 1 1 2.093198e-14 0.000000e+00
97 95 4.134622e-02 2.608770e-02 1 1 1 1 2.145658e-14 0.000000e+00
97 96 4.134622e-02 3.284247e-02 1 1 1 1 2.257653e-14 0.000000e+00
97 97 4.134622e-02 4.134622e-02 1 1 1 1 4.398571e-14 0.000000e+00
97 98 4.134622e-02 5.205181e-02 1 1 1 1 1.782495e-14 0.000000e+00
97 99 4.134622e-02 6.552935e-02 1 1 1 1 1.267392e-14 0.000000e+00
98 80 5.205181e-02 8.249656e-04 1 1 1 1 1.531459e-14 0.000000e+00
98 81 5.205181e-02 1.038570e-03 1 1 1 1 1.531524e-14 0.000000e+00
98 82 5.205181e-02 1.307482e-03 1 1 1 1 1.531590e-14 0.000000e+00
98 83 5.205181e-02 1.646023e-03 1 1 1 1 1.531721e-14 0.000000e+00
98 84 5.205181e-02 2.072220e-03 1 1 1 1 1.531914e-14 0.000000e+00
98 85 5.205181e-02 2.608770e-03 1 1 1 1 1.532225e-14 0.000000e+00
98 86 5.205181e-02 3.284247e-03 1 1 1 1 1.532720e-14 0.000000e+00
98 87 5.205181e-02 4.134622e-03 1 1 1 1 1.533499e-14 0.000000e+00
98 88 5.205181e-02 5.205181e-03 1 1 1 1 1.534734e-14 0.000000e+00
98 89 5.205181e-02 6.552935e-03 1 1 1 1 1.536697e-14 0.000000e+00
98 90 5.205181e-02 8.249656e-03 1 1 1 1 1.539811e-14 0.000000e+00
98 91 5.205181e-02 1.038570e-02 1 1 1 1 1.544764e-14 0.000000e+00
98 92 5.205181e-02 1.307482e-02 1 1 1 1 1.552649e-14 0.000000e+00
98 93 5.205181e-02 1.646023e-02 1 1 1 1 1.565250e-14 0.000000e+00
98 94 5.205181e-02 2.072220e-02 1 1 1 1 1.585505e-14 0.000000e+00
98 95 5.205181e-02 2.608770e-02 1 1 1 1 1.618469e-14 0.000000e+00
98 96 5.205181e-02 3.284247e-02 1 1 1 1 1.673757e-14 0.000000e+00
98 97 5.205181e-02 4.134622e-02 1 1 1 1 1.782495e-14 0.000000e+00
98 98 5.205181e-02 5.205181e-02 1 1 1 1 3.164296e-14 0.000000e+00
98 99 5.205181e-02 6.552935e-02 1 1 1 1 1.375352e-14 0.000000e+00
99 80 6.552935e-02 8.249656e-04 1 1 1 1 1.119296e-14 0.000000e+00
99 81 6.552935e-02 1.038570e-03 1 1 1 1 1.119346e-14 0.000000e+00
99 82 6.552935e-02 1.307482e-03 1 1 1 1 1.119388e-14 0.000000e+00
99 83 6.552935e-02 1.646023e-03 1 1 1 1 1.119479e-14 0.000000e+00
99 84 6.552935e-02 2.072220e-03 1 1 1 1 1.119607e-14 0.000000e+00
99 85 6.552935e-02 2.608770e-03 1 1 1 1 1.119810e-14 0.000000e+00
99 86 6.552935e-02 3.284247e-03 1 1 1 1 1.120133e-14 0.000000e+00
99 87 6.552935e-02 4.134622e-03 1 1 1 1 1.120646e-14 0.000000e+00
99 88 6.552935e-02 5.205181e-03 1 1 1 1 1.121461e-14 0.000000e+00
99 89 6.552935e-02 6.552935e-03 1 1 1 1 1.122750e-14 0.000000e+00
99 90 6.552935e-02 8.249656e-03 1 1 1 1 1.124795e-14 0.000000e+00
99 91 6.552935e-02 1.038570e-02 1 1 1 1 1.128043e-14 0.000000e+00
99 92 6.552935e-02 1.307482e-02 1 1 1 1 1.133203e-14 0.000000e+00
99 93 6.552935e-02 1.646023e-02 1 1 1 1 1.141421e-14 0.000000e+00
99 94 6.552935e-02 2.072220e-02 1 1 1 1 1.154550e-14 0.000000e+00
99 95 6.552935e-02 2.608770e-02 1 1 1 1 1.175656e-14 0.000000e+00
99 96 6.552935e-02 3.284247e-02 1 1 1 1 1.210000e-14 0.000000e+00
99 97 6.552935e-02 4.134622e-02 1 1 1 1 1.267392e-14 0.000000e+00
99 98 6.552935e-02 5.205181e-02 1 1 1 1 1.375352e-14 0.000000e+00
99 99 6.552935e-02 6.552935e-02 1 1 1 1 2.280251e-14 0.000000e+00
