# Please cite the following papers in research using this covariance:
# arXiv: 1601.05779, https://arxiv.org/abs/1601.05779
# arXiv: 1911.11947, https://arxiv.org/abs/1911.11947
# arXiv: 2004.04833, https://arxiv.org/abs/2004.04833
########################################################
60 160 8.249656e-04 8.249656e-04 0 3 2 3 2.369490e-13 0.000000e+00
60 161 8.249656e-04 1.038570e-03 0 3 2 3 2.153721e-13 0.000000e+00
60 162 8.249656e-04 1.307482e-03 0 3 2 3 1.901649e-13 0.000000e+00
60 163 8.249656e-04 1.646023e-03 0 3 2 3 1.680943e-13 0.000000e+00
60 164 8.249656e-04 2.072220e-03 0 3 2 3 1.494450e-13 0.000000e+00
60 165 8.249656e-04 2.608770e-03 0 3 2 3 1.339155e-13 0.000000e+00
60 166 8.249656e-04 3.284247e-03 0 3 2 3 1.210002e-13 0.000000e+00
60 167 8.249656e-04 4.134622e-03 0 3 2 3 1.101278e-13 0.000000e+00
60 168 8.249656e-04 5.205181e-03 0 3 2 3 1.007382e-13 0.000000e+00
60 169 8.249656e-04 6.552935e-03 0 3 2 3 9.232937e-14 0.000000e+00
60 170 8.249656e-04 8.249656e-03 0 3 2 3 8.448209e-14 0.000000e+00
60 171 8.249656e-04 1.038570e-02 0 3 2 3 7.687109e-14 0.000000e+00
60 172 8.249656e-04 1.307482e-02 0 3 2 3 6.926809e-14 0.000000e+00
60 173 8.249656e-04 1.646023e-02 0 3 2 3 6.154068e-14 0.000000e+00
60 174 8.249656e-04 2.072220e-02 0 3 2 3 5.365242e-14 0.000000e+00
60 175 8.249656e-04 2.608770e-02 0 3 2 3 4.566136e-14 0.000000e+00
60 176 8.249656e-04 3.284247e-02 0 3 2 3 3.771751e-14 0.000000e+00
60 177 8.249656e-04 4.134622e-02 0 3 2 3 3.004717e-14 0.000000e+00
60 178 8.249656e-04 5.205181e-02 0 3 2 3 2.291510e-14 0.000000e+00
60 179 8.249656e-04 6.552935e-02 0 3 2 3 1.656298e-14 0.000000e+00
61 160 1.038570e-03 8.249656e-04 0 3 2 3 2.153721e-13 0.000000e+00
61 161 1.038570e-03 1.038570e-03 0 3 2 3 2.140371e-13 0.000000e+00
61 162 1.038570e-03 1.307482e-03 0 3 2 3 1.936296e-13 0.000000e+00
61 163 1.038570e-03 1.646023e-03 0 3 2 3 1.703743e-13 0.000000e+00
61 164 1.038570e-03 2.072220e-03 0 3 2 3 1.507601e-13 0.000000e+00
61 165 1.038570e-03 2.608770e-03 0 3 2 3 1.346178e-13 0.000000e+00
61 166 1.038570e-03 3.284247e-03 0 3 2 3 1.213502e-13 0.000000e+00
61 167 1.038570e-03 4.134622e-03 0 3 2 3 1.102897e-13 0.000000e+00
61 168 1.038570e-03 5.205181e-03 0 3 2 3 1.008064e-13 0.000000e+00
61 169 1.038570e-03 6.552935e-03 0 3 2 3 9.235425e-14 0.000000e+00
61 170 1.038570e-03 8.249656e-03 0 3 2 3 8.448885e-14 0.000000e+00
61 171 1.038570e-03 1.038570e-02 0 3 2 3 7.687145e-14 0.000000e+00
61 172 1.038570e-03 1.307482e-02 0 3 2 3 6.926690e-14 0.000000e+00
61 173 1.038570e-03 1.646023e-02 0 3 2 3 6.153975e-14 0.000000e+00
61 174 1.038570e-03 2.072220e-02 0 3 2 3 5.365217e-14 0.000000e+00
61 175 1.038570e-03 2.608770e-02 0 3 2 3 4.566170e-14 0.000000e+00
61 176 1.038570e-03 3.284247e-02 0 3 2 3 3.771822e-14 0.000000e+00
61 177 1.038570e-03 4.134622e-02 0 3 2 3 3.004803e-14 0.000000e+00
61 178 1.038570e-03 5.205181e-02 0 3 2 3 2.291588e-14 0.000000e+00
61 179 1.038570e-03 6.552935e-02 0 3 2 3 1.656365e-14 0.000000e+00
62 160 1.307482e-03 8.249656e-04 0 3 2 3 1.901649e-13 0.000000e+00
62 161 1.307482e-03 1.038570e-03 0 3 2 3 1.936296e-13 0.000000e+00
62 162 1.307482e-03 1.307482e-03 0 3 2 3 1.933069e-13 0.000000e+00
62 163 1.307482e-03 1.646023e-03 0 3 2 3 1.741852e-13 0.000000e+00
62 164 1.307482e-03 2.072220e-03 0 3 2 3 1.530089e-13 0.000000e+00
62 165 1.307482e-03 2.608770e-03 0 3 2 3 1.358060e-13 0.000000e+00
62 166 1.307482e-03 3.284247e-03 0 3 2 3 1.219344e-13 0.000000e+00
62 167 1.307482e-03 4.134622e-03 0 3 2 3 1.105565e-13 0.000000e+00
62 168 1.307482e-03 5.205181e-03 0 3 2 3 1.009176e-13 0.000000e+00
62 169 1.307482e-03 6.552935e-03 0 3 2 3 9.239431e-14 0.000000e+00
62 170 1.307482e-03 8.249656e-03 0 3 2 3 8.449939e-14 0.000000e+00
62 171 1.307482e-03 1.038570e-02 0 3 2 3 7.687151e-14 0.000000e+00
62 172 1.307482e-03 1.307482e-02 0 3 2 3 6.926445e-14 0.000000e+00
62 173 1.307482e-03 1.646023e-02 0 3 2 3 6.153773e-14 0.000000e+00
62 174 1.307482e-03 2.072220e-02 0 3 2 3 5.365118e-14 0.000000e+00
62 175 1.307482e-03 2.608770e-02 0 3 2 3 4.566171e-14 0.000000e+00
62 176 1.307482e-03 3.284247e-02 0 3 2 3 3.771880e-14 0.000000e+00
62 177 1.307482e-03 4.134622e-02 0 3 2 3 3.004884e-14 0.000000e+00
62 178 1.307482e-03 5.205181e-02 0 3 2 3 2.291661e-14 0.000000e+00
62 179 1.307482e-03 6.552935e-02 0 3 2 3 1.656421e-14 0.000000e+00
63 160 1.646023e-03 8.249656e-04 0 3 2 3 1.680943e-13 0.000000e+00
63 161 1.646023e-03 1.038570e-03 0 3 2 3 1.703743e-13 0.000000e+00
63 162 1.646023e-03 1.307482e-03 0 3 2 3 1.741852e-13 0.000000e+00
63 163 1.646023e-03 1.646023e-03 0 3 2 3 1.747416e-13 0.000000e+00
63 164 1.646023e-03 2.072220e-03 0 3 2 3 1.569626e-13 0.000000e+00
63 165 1.646023e-03 2.608770e-03 0 3 2 3 1.378987e-13 0.000000e+00
63 166 1.646023e-03 3.284247e-03 0 3 2 3 1.229427e-13 0.000000e+00
63 167 1.646023e-03 4.134622e-03 0 3 2 3 1.110091e-13 0.000000e+00
63 168 1.646023e-03 5.205181e-03 0 3 2 3 1.011037e-13 0.000000e+00
63 169 1.646023e-03 6.552935e-03 0 3 2 3 9.246114e-14 0.000000e+00
63 170 1.646023e-03 8.249656e-03 0 3 2 3 8.451729e-14 0.000000e+00
63 171 1.646023e-03 1.038570e-02 0 3 2 3 7.687220e-14 0.000000e+00
63 172 1.646023e-03 1.307482e-02 0 3 2 3 6.926103e-14 0.000000e+00
63 173 1.646023e-03 1.646023e-02 0 3 2 3 6.153488e-14 0.000000e+00
63 174 1.646023e-03 2.072220e-02 0 3 2 3 5.365002e-14 0.000000e+00
63 175 1.646023e-03 2.608770e-02 0 3 2 3 4.566210e-14 0.000000e+00
63 176 1.646023e-03 3.284247e-02 0 3 2 3 3.772009e-14 0.000000e+00
63 177 1.646023e-03 4.134622e-02 0 3 2 3 3.005048e-14 0.000000e+00
63 178 1.646023e-03 5.205181e-02 0 3 2 3 2.291811e-14 0.000000e+00
63 179 1.646023e-03 6.552935e-02 0 3 2 3 1.656541e-14 0.000000e+00
64 160 2.072220e-03 8.249656e-04 0 3 2 3 1.494450e-13 0.000000e+00
64 161 2.072220e-03 1.038570e-03 0 3 2 3 1.507601e-13 0.000000e+00
64 162 2.072220e-03 1.307482e-03 0 3 2 3 1.530089e-13 0.000000e+00
64 163 2.072220e-03 1.646023e-03 0 3 2 3 1.569626e-13 0.000000e+00
64 164 2.072220e-03 2.072220e-03 0 3 2 3 1.582125e-13 0.000000e+00
64 165 2.072220e-03 2.608770e-03 0 3 2 3 1.417865e-13 0.000000e+00
64 166 2.072220e-03 3.284247e-03 0 3 2 3 1.247782e-13 0.000000e+00
64 167 2.072220e-03 4.134622e-03 0 3 2 3 1.118079e-13 0.000000e+00
64 168 2.072220e-03 5.205181e-03 0 3 2 3 1.014248e-13 0.000000e+00
64 169 2.072220e-03 6.552935e-03 0 3 2 3 9.257478e-14 0.000000e+00
64 170 2.072220e-03 8.249656e-03 0 3 2 3 8.454771e-14 0.000000e+00
64 171 2.072220e-03 1.038570e-02 0 3 2 3 7.687364e-14 0.000000e+00
64 172 2.072220e-03 1.307482e-02 0 3 2 3 6.925549e-14 0.000000e+00
64 173 2.072220e-03 1.646023e-02 0 3 2 3 6.153014e-14 0.000000e+00
64 174 2.072220e-03 2.072220e-02 0 3 2 3 5.364800e-14 0.000000e+00
64 175 2.072220e-03 2.608770e-02 0 3 2 3 4.566246e-14 0.000000e+00
64 176 2.072220e-03 3.284247e-02 0 3 2 3 3.772192e-14 0.000000e+00
64 177 2.072220e-03 4.134622e-02 0 3 2 3 3.005282e-14 0.000000e+00
64 178 2.072220e-03 5.205181e-02 0 3 2 3 2.292027e-14 0.000000e+00
64 179 2.072220e-03 6.552935e-02 0 3 2 3 1.656711e-14 0.000000e+00
65 160 2.608770e-03 8.249656e-04 0 3 2 3 1.339155e-13 0.000000e+00
65 161 2.608770e-03 1.038570e-03 0 3 2 3 1.346178e-13 0.000000e+00
65 162 2.608770e-03 1.307482e-03 0 3 2 3 1.358060e-13 0.000000e+00
65 163 2.608770e-03 1.646023e-03 0 3 2 3 1.378987e-13 0.000000e+00
65 164 2.608770e-03 2.072220e-03 0 3 2 3 1.417865e-13 0.000000e+00
65 165 2.608770e-03 2.608770e-03 0 3 2 3 1.435137e-13 0.000000e+00
65 166 2.608770e-03 3.284247e-03 0 3 2 3 1.284097e-13 0.000000e+00
65 167 2.608770e-03 4.134622e-03 0 3 2 3 1.133206e-13 0.000000e+00
65 168 2.608770e-03 5.205181e-03 0 3 2 3 1.020090e-13 0.000000e+00
65 169 2.608770e-03 6.552935e-03 0 3 2 3 9.277683e-14 0.000000e+00
65 170 2.608770e-03 8.249656e-03 0 3 2 3 8.460197e-14 0.000000e+00
65 171 2.608770e-03 1.038570e-02 0 3 2 3 7.687750e-14 0.000000e+00
65 172 2.608770e-03 1.307482e-02 0 3 2 3 6.924711e-14 0.000000e+00
65 173 2.608770e-03 1.646023e-02 0 3 2 3 6.152274e-14 0.000000e+00
65 174 2.608770e-03 2.072220e-02 0 3 2 3 5.364479e-14 0.000000e+00
65 175 2.608770e-03 2.608770e-02 0 3 2 3 4.566301e-14 0.000000e+00
65 176 2.608770e-03 3.284247e-02 0 3 2 3 3.772483e-14 0.000000e+00
65 177 2.608770e-03 4.134622e-02 0 3 2 3 3.005653e-14 0.000000e+00
65 178 2.608770e-03 5.205181e-02 0 3 2 3 2.292374e-14 0.000000e+00
65 179 2.608770e-03 6.552935e-02 0 3 2 3 1.656981e-14 0.000000e+00
66 160 3.284247e-03 8.249656e-04 0 3 2 3 1.210002e-13 0.000000e+00
66 161 3.284247e-03 1.038570e-03 0 3 2 3 1.213502e-13 0.000000e+00
66 162 3.284247e-03 1.307482e-03 0 3 2 3 1.219344e-13 0.000000e+00
66 163 3.284247e-03 1.646023e-03 0 3 2 3 1.229427e-13 0.000000e+00
66 164 3.284247e-03 2.072220e-03 0 3 2 3 1.247782e-13 0.000000e+00
66 165 3.284247e-03 2.608770e-03 0 3 2 3 1.284097e-13 0.000000e+00
66 166 3.284247e-03 3.284247e-03 0 3 2 3 1.303875e-13 0.000000e+00
66 167 3.284247e-03 4.134622e-03 0 3 2 3 1.165427e-13 0.000000e+00
66 168 3.284247e-03 5.205181e-03 0 3 2 3 1.031716e-13 0.000000e+00
66 169 3.284247e-03 6.552935e-03 0 3 2 3 9.316141e-14 0.000000e+00
66 170 3.284247e-03 8.249656e-03 0 3 2 3 8.470495e-14 0.000000e+00
66 171 3.284247e-03 1.038570e-02 0 3 2 3 7.688783e-14 0.000000e+00
66 172 3.284247e-03 1.307482e-02 0 3 2 3 6.923470e-14 0.000000e+00
66 173 3.284247e-03 1.646023e-02 0 3 2 3 6.151110e-14 0.000000e+00
66 174 3.284247e-03 2.072220e-02 0 3 2 3 5.363967e-14 0.000000e+00
66 175 3.284247e-03 2.608770e-02 0 3 2 3 4.566390e-14 0.000000e+00
66 176 3.284247e-03 3.284247e-02 0 3 2 3 3.772940e-14 0.000000e+00
66 177 3.284247e-03 4.134622e-02 0 3 2 3 3.006243e-14 0.000000e+00
66 178 3.284247e-03 5.205181e-02 0 3 2 3 2.292923e-14 0.000000e+00
66 179 3.284247e-03 6.552935e-02 0 3 2 3 1.657409e-14 0.000000e+00
67 160 4.134622e-03 8.249656e-04 0 3 2 3 1.101278e-13 0.000000e+00
67 161 4.134622e-03 1.038570e-03 0 3 2 3 1.102897e-13 0.000000e+00
67 162 4.134622e-03 1.307482e-03 0 3 2 3 1.105565e-13 0.000000e+00
67 163 4.134622e-03 1.646023e-03 0 3 2 3 1.110091e-13 0.000000e+00
67 164 4.134622e-03 2.072220e-03 0 3 2 3 1.118079e-13 0.000000e+00
67 165 4.134622e-03 2.608770e-03 0 3 2 3 1.133206e-13 0.000000e+00
67 166 4.134622e-03 3.284247e-03 0 3 2 3 1.165427e-13 0.000000e+00
67 167 4.134622e-03 4.134622e-03 0 3 2 3 1.185545e-13 0.000000e+00
67 168 4.134622e-03 5.205181e-03 0 3 2 3 1.058814e-13 0.000000e+00
67 169 4.134622e-03 6.552935e-03 0 3 2 3 9.398186e-14 0.000000e+00
67 170 4.134622e-03 8.249656e-03 0 3 2 3 8.491922e-14 0.000000e+00
67 171 4.134622e-03 1.038570e-02 0 3 2 3 7.691618e-14 0.000000e+00
67 172 4.134622e-03 1.307482e-02 0 3 2 3 6.921758e-14 0.000000e+00
67 173 4.134622e-03 1.646023e-02 0 3 2 3 6.149307e-14 0.000000e+00
67 174 4.134622e-03 2.072220e-02 0 3 2 3 5.363152e-14 0.000000e+00
67 175 4.134622e-03 2.608770e-02 0 3 2 3 4.566521e-14 0.000000e+00
67 176 4.134622e-03 3.284247e-02 0 3 2 3 3.773660e-14 0.000000e+00
67 177 4.134622e-03 4.134622e-02 0 3 2 3 3.007180e-14 0.000000e+00
67 178 4.134622e-03 5.205181e-02 0 3 2 3 2.293792e-14 0.000000e+00
67 179 4.134622e-03 6.552935e-02 0 3 2 3 1.658089e-14 0.000000e+00
68 160 5.205181e-03 8.249656e-04 0 3 2 3 1.007382e-13 0.000000e+00
68 161 5.205181e-03 1.038570e-03 0 3 2 3 1.008064e-13 0.000000e+00
68 162 5.205181e-03 1.307482e-03 0 3 2 3 1.009176e-13 0.000000e+00
68 163 5.205181e-03 1.646023e-03 0 3 2 3 1.011037e-13 0.000000e+00
68 164 5.205181e-03 2.072220e-03 0 3 2 3 1.014248e-13 0.000000e+00
68 165 5.205181e-03 2.608770e-03 0 3 2 3 1.020090e-13 0.000000e+00
68 166 5.205181e-03 3.284247e-03 0 3 2 3 1.031716e-13 0.000000e+00
68 167 5.205181e-03 4.134622e-03 0 3 2 3 1.058814e-13 0.000000e+00
68 168 5.205181e-03 5.205181e-03 0 3 2 3 1.077383e-13 0.000000e+00
68 169 5.205181e-03 6.552935e-03 0 3 2 3 9.613156e-14 0.000000e+00
68 170 5.205181e-03 8.249656e-03 0 3 2 3 8.543379e-14 0.000000e+00
68 171 5.205181e-03 1.038570e-02 0 3 2 3 7.699833e-14 0.000000e+00
68 172 5.205181e-03 1.307482e-02 0 3 2 3 6.919791e-14 0.000000e+00
68 173 5.205181e-03 1.646023e-02 0 3 2 3 6.146556e-14 0.000000e+00
68 174 5.205181e-03 2.072220e-02 0 3 2 3 5.361855e-14 0.000000e+00
68 175 5.205181e-03 2.608770e-02 0 3 2 3 4.566713e-14 0.000000e+00
68 176 5.205181e-03 3.284247e-02 0 3 2 3 3.774793e-14 0.000000e+00
68 177 5.205181e-03 4.134622e-02 0 3 2 3 3.008656e-14 0.000000e+00
68 178 5.205181e-03 5.205181e-02 0 3 2 3 2.295166e-14 0.000000e+00
68 179 5.205181e-03 6.552935e-02 0 3 2 3 1.659168e-14 0.000000e+00
69 160 6.552935e-03 8.249656e-04 0 3 2 3 9.232937e-14 0.000000e+00
69 161 6.552935e-03 1.038570e-03 0 3 2 3 9.235425e-14 0.000000e+00
69 162 6.552935e-03 1.307482e-03 0 3 2 3 9.239431e-14 0.000000e+00
69 163 6.552935e-03 1.646023e-03 0 3 2 3 9.246114e-14 0.000000e+00
69 164 6.552935e-03 2.072220e-03 0 3 2 3 9.257478e-14 0.000000e+00
69 165 6.552935e-03 2.608770e-03 0 3 2 3 9.277683e-14 0.000000e+00
69 166 6.552935e-03 3.284247e-03 0 3 2 3 9.316141e-14 0.000000e+00
69 167 6.552935e-03 4.134622e-03 0 3 2 3 9.398186e-14 0.000000e+00
69 168 6.552935e-03 5.205181e-03 0 3 2 3 9.613156e-14 0.000000e+00
69 169 6.552935e-03 6.552935e-03 0 3 2 3 9.768554e-14 0.000000e+00
69 170 6.552935e-03 8.249656e-03 0 3 2 3 8.702845e-14 0.000000e+00
69 171 6.552935e-03 1.038570e-02 0 3 2 3 7.726302e-14 0.000000e+00
69 172 6.552935e-03 1.307482e-02 0 3 2 3 6.919097e-14 0.000000e+00
69 173 6.552935e-03 1.646023e-02 0 3 2 3 6.142550e-14 0.000000e+00
69 174 6.552935e-03 2.072220e-02 0 3 2 3 5.359792e-14 0.000000e+00
69 175 6.552935e-03 2.608770e-02 0 3 2 3 4.566973e-14 0.000000e+00
69 176 6.552935e-03 3.284247e-02 0 3 2 3 3.776556e-14 0.000000e+00
69 177 6.552935e-03 4.134622e-02 0 3 2 3 3.010983e-14 0.000000e+00
69 178 6.552935e-03 5.205181e-02 0 3 2 3 2.297343e-14 0.000000e+00
69 179 6.552935e-03 6.552935e-02 0 3 2 3 1.660875e-14 0.000000e+00
70 160 8.249656e-03 8.249656e-04 0 3 2 3 8.448209e-14 0.000000e+00
70 161 8.249656e-03 1.038570e-03 0 3 2 3 8.448885e-14 0.000000e+00
70 162 8.249656e-03 1.307482e-03 0 3 2 3 8.449939e-14 0.000000e+00
70 163 8.249656e-03 1.646023e-03 0 3 2 3 8.451729e-14 0.000000e+00
70 164 8.249656e-03 2.072220e-03 0 3 2 3 8.454771e-14 0.000000e+00
70 165 8.249656e-03 2.608770e-03 0 3 2 3 8.460197e-14 0.000000e+00
70 166 8.249656e-03 3.284247e-03 0 3 2 3 8.470495e-14 0.000000e+00
70 167 8.249656e-03 4.134622e-03 0 3 2 3 8.491922e-14 0.000000e+00
70 168 8.249656e-03 5.205181e-03 0 3 2 3 8.543379e-14 0.000000e+00
70 169 8.249656e-03 6.552935e-03 0 3 2 3 8.702845e-14 0.000000e+00
70 170 8.249656e-03 8.249656e-03 0 3 2 3 8.818076e-14 0.000000e+00
70 171 8.249656e-03 1.038570e-02 0 3 2 3 7.835315e-14 0.000000e+00
70 172 8.249656e-03 1.307482e-02 0 3 2 3 6.927419e-14 0.000000e+00
70 173 8.249656e-03 1.646023e-02 0 3 2 3 6.137482e-14 0.000000e+00
70 174 8.249656e-03 2.072220e-02 0 3 2 3 5.356549e-14 0.000000e+00
70 175 8.249656e-03 2.608770e-02 0 3 2 3 4.567284e-14 0.000000e+00
70 176 8.249656e-03 3.284247e-02 0 3 2 3 3.779283e-14 0.000000e+00
70 177 8.249656e-03 4.134622e-02 0 3 2 3 3.014635e-14 0.000000e+00
70 178 8.249656e-03 5.205181e-02 0 3 2 3 2.300781e-14 0.000000e+00
70 179 8.249656e-03 6.552935e-02 0 3 2 3 1.663580e-14 0.000000e+00
71 160 1.038570e-02 8.249656e-04 0 3 2 3 7.687109e-14 0.000000e+00
71 161 1.038570e-02 1.038570e-03 0 3 2 3 7.687145e-14 0.000000e+00
71 162 1.038570e-02 1.307482e-03 0 3 2 3 7.687151e-14 0.000000e+00
71 163 1.038570e-02 1.646023e-03 0 3 2 3 7.687220e-14 0.000000e+00
71 164 1.038570e-02 2.072220e-03 0 3 2 3 7.687364e-14 0.000000e+00
71 165 1.038570e-02 2.608770e-03 0 3 2 3 7.687750e-14 0.000000e+00
71 166 1.038570e-02 3.284247e-03 0 3 2 3 7.688783e-14 0.000000e+00
71 167 1.038570e-02 4.134622e-03 0 3 2 3 7.691618e-14 0.000000e+00
71 168 1.038570e-02 5.205181e-03 0 3 2 3 7.699833e-14 0.000000e+00
71 169 1.038570e-02 6.552935e-03 0 3 2 3 7.726302e-14 0.000000e+00
71 170 1.038570e-02 8.249656e-03 0 3 2 3 7.835315e-14 0.000000e+00
71 171 1.038570e-02 1.038570e-02 0 3 2 3 7.905859e-14 0.000000e+00
71 172 1.038570e-02 1.307482e-02 0 3 2 3 6.994621e-14 0.000000e+00
71 173 1.038570e-02 1.646023e-02 0 3 2 3 6.135180e-14 0.000000e+00
71 174 1.038570e-02 2.072220e-02 0 3 2 3 5.351729e-14 0.000000e+00
71 175 1.038570e-02 2.608770e-02 0 3 2 3 4.567537e-14 0.000000e+00
71 176 1.038570e-02 3.284247e-02 0 3 2 3 3.783422e-14 0.000000e+00
71 177 1.038570e-02 4.134622e-02 0 3 2 3 3.020338e-14 0.000000e+00
71 178 1.038570e-02 5.205181e-02 0 3 2 3 2.306208e-14 0.000000e+00
71 179 1.038570e-02 6.552935e-02 0 3 2 3 1.667869e-14 0.000000e+00
72 160 1.307482e-02 8.249656e-04 0 3 2 3 6.926809e-14 0.000000e+00
72 161 1.307482e-02 1.038570e-03 0 3 2 3 6.926690e-14 0.000000e+00
72 162 1.307482e-02 1.307482e-03 0 3 2 3 6.926445e-14 0.000000e+00
72 163 1.307482e-02 1.646023e-03 0 3 2 3 6.926103e-14 0.000000e+00
72 164 1.307482e-02 2.072220e-03 0 3 2 3 6.925549e-14 0.000000e+00
72 165 1.307482e-02 2.608770e-03 0 3 2 3 6.924711e-14 0.000000e+00
72 166 1.307482e-02 3.284247e-03 0 3 2 3 6.923470e-14 0.000000e+00
72 167 1.307482e-02 4.134622e-03 0 3 2 3 6.921758e-14 0.000000e+00
72 168 1.307482e-02 5.205181e-03 0 3 2 3 6.919791e-14 0.000000e+00
72 169 1.307482e-02 6.552935e-03 0 3 2 3 6.919097e-14 0.000000e+00
72 170 1.307482e-02 8.249656e-03 0 3 2 3 6.927419e-14 0.000000e+00
72 171 1.307482e-02 1.038570e-02 0 3 2 3 6.994621e-14 0.000000e+00
72 172 1.307482e-02 1.307482e-02 0 3 2 3 7.021305e-14 0.000000e+00
72 173 1.307482e-02 1.646023e-02 0 3 2 3 6.171793e-14 0.000000e+00
72 174 1.307482e-02 2.072220e-02 0 3 2 3 5.346619e-14 0.000000e+00
72 175 1.307482e-02 2.608770e-02 0 3 2 3 4.567470e-14 0.000000e+00
72 176 1.307482e-02 3.284247e-02 0 3 2 3 3.789536e-14 0.000000e+00
72 177 1.307482e-02 4.134622e-02 0 3 2 3 3.029155e-14 0.000000e+00
72 178 1.307482e-02 5.205181e-02 0 3 2 3 2.314743e-14 0.000000e+00
72 179 1.307482e-02 6.552935e-02 0 3 2 3 1.674662e-14 0.000000e+00
73 160 1.646023e-02 8.249656e-04 0 3 2 3 6.154068e-14 0.000000e+00
73 161 1.646023e-02 1.038570e-03 0 3 2 3 6.153975e-14 0.000000e+00
73 162 1.646023e-02 1.307482e-03 0 3 2 3 6.153773e-14 0.000000e+00
73 163 1.646023e-02 1.646023e-03 0 3 2 3 6.153488e-14 0.000000e+00
73 164 1.646023e-02 2.072220e-03 0 3 2 3 6.153014e-14 0.000000e+00
73 165 1.646023e-02 2.608770e-03 0 3 2 3 6.152274e-14 0.000000e+00
73 166 1.646023e-02 3.284247e-03 0 3 2 3 6.151110e-14 0.000000e+00
73 167 1.646023e-02 4.134622e-03 0 3 2 3 6.149307e-14 0.000000e+00
73 168 1.646023e-02 5.205181e-03 0 3 2 3 6.146556e-14 0.000000e+00
73 169 1.646023e-02 6.552935e-03 0 3 2 3 6.142550e-14 0.000000e+00
73 170 1.646023e-02 8.249656e-03 0 3 2 3 6.137482e-14 0.000000e+00
73 171 1.646023e-02 1.038570e-02 0 3 2 3 6.135180e-14 0.000000e+00
73 172 1.646023e-02 1.307482e-02 0 3 2 3 6.171793e-14 0.000000e+00
73 173 1.646023e-02 1.646023e-02 0 3 2 3 6.160455e-14 0.000000e+00
73 174 1.646023e-02 2.072220e-02 0 3 2 3 5.365475e-14 0.000000e+00
73 175 1.646023e-02 2.608770e-02 0 3 2 3 4.567210e-14 0.000000e+00
73 176 1.646023e-02 3.284247e-02 0 3 2 3 3.798135e-14 0.000000e+00
73 177 1.646023e-02 4.134622e-02 0 3 2 3 3.042561e-14 0.000000e+00
73 178 1.646023e-02 5.205181e-02 0 3 2 3 2.328099e-14 0.000000e+00
73 179 1.646023e-02 6.552935e-02 0 3 2 3 1.685419e-14 0.000000e+00
74 160 2.072220e-02 8.249656e-04 0 3 2 3 5.365242e-14 0.000000e+00
74 161 2.072220e-02 1.038570e-03 0 3 2 3 5.365217e-14 0.000000e+00
74 162 2.072220e-02 1.307482e-03 0 3 2 3 5.365118e-14 0.000000e+00
74 163 2.072220e-02 1.646023e-03 0 3 2 3 5.365002e-14 0.000000e+00
74 164 2.072220e-02 2.072220e-03 0 3 2 3 5.364800e-14 0.000000e+00
74 165 2.072220e-02 2.608770e-03 0 3 2 3 5.364479e-14 0.000000e+00
74 166 2.072220e-02 3.284247e-03 0 3 2 3 5.363967e-14 0.000000e+00
74 167 2.072220e-02 4.134622e-03 0 3 2 3 5.363152e-14 0.000000e+00
74 168 2.072220e-02 5.205181e-03 0 3 2 3 5.361855e-14 0.000000e+00
74 169 2.072220e-02 6.552935e-03 0 3 2 3 5.359792e-14 0.000000e+00
74 170 2.072220e-02 8.249656e-03 0 3 2 3 5.356549e-14 0.000000e+00
74 171 2.072220e-02 1.038570e-02 0 3 2 3 5.351729e-14 0.000000e+00
74 172 2.072220e-02 1.307482e-02 0 3 2 3 5.346619e-14 0.000000e+00
74 173 2.072220e-02 1.646023e-02 0 3 2 3 5.365475e-14 0.000000e+00
74 174 2.072220e-02 2.072220e-02 0 3 2 3 5.326183e-14 0.000000e+00
74 175 2.072220e-02 2.608770e-02 0 3 2 3 4.581627e-14 0.000000e+00
74 176 2.072220e-02 3.284247e-02 0 3 2 3 3.809463e-14 0.000000e+00
74 177 2.072220e-02 4.134622e-02 0 3 2 3 3.062335e-14 0.000000e+00
74 178 2.072220e-02 5.205181e-02 0 3 2 3 2.348796e-14 0.000000e+00
74 179 2.072220e-02 6.552935e-02 0 3 2 3 1.702427e-14 0.000000e+00
75 160 2.608770e-02 8.249656e-04 0 3 2 3 4.566136e-14 0.000000e+00
75 161 2.608770e-02 1.038570e-03 0 3 2 3 4.566170e-14 0.000000e+00
75 162 2.608770e-02 1.307482e-03 0 3 2 3 4.566171e-14 0.000000e+00
75 163 2.608770e-02 1.646023e-03 0 3 2 3 4.566210e-14 0.000000e+00
75 164 2.608770e-02 2.072220e-03 0 3 2 3 4.566246e-14 0.000000e+00
75 165 2.608770e-02 2.608770e-03 0 3 2 3 4.566301e-14 0.000000e+00
75 166 2.608770e-02 3.284247e-03 0 3 2 3 4.566390e-14 0.000000e+00
75 167 2.608770e-02 4.134622e-03 0 3 2 3 4.566521e-14 0.000000e+00
75 168 2.608770e-02 5.205181e-03 0 3 2 3 4.566713e-14 0.000000e+00
75 169 2.608770e-02 6.552935e-03 0 3 2 3 4.566973e-14 0.000000e+00
75 170 2.608770e-02 8.249656e-03 0 3 2 3 4.567284e-14 0.000000e+00
75 171 2.608770e-02 1.038570e-02 0 3 2 3 4.567537e-14 0.000000e+00
75 172 2.608770e-02 1.307482e-02 0 3 2 3 4.567470e-14 0.000000e+00
75 173 2.608770e-02 1.646023e-02 0 3 2 3 4.567210e-14 0.000000e+00
75 174 2.608770e-02 2.072220e-02 0 3 2 3 4.581627e-14 0.000000e+00
75 175 2.608770e-02 2.608770e-02 0 3 2 3 4.527304e-14 0.000000e+00
75 176 2.608770e-02 3.284247e-02 0 3 2 3 3.831785e-14 0.000000e+00
75 177 2.608770e-02 4.134622e-02 0 3 2 3 3.089954e-14 0.000000e+00
75 178 2.608770e-02 5.205181e-02 0 3 2 3 2.380258e-14 0.000000e+00
75 179 2.608770e-02 6.552935e-02 0 3 2 3 1.729216e-14 0.000000e+00
76 160 3.284247e-02 8.249656e-04 0 3 2 3 3.771751e-14 0.000000e+00
76 161 3.284247e-02 1.038570e-03 0 3 2 3 3.771822e-14 0.000000e+00
76 162 3.284247e-02 1.307482e-03 0 3 2 3 3.771880e-14 0.000000e+00
76 163 3.284247e-02 1.646023e-03 0 3 2 3 3.772009e-14 0.000000e+00
76 164 3.284247e-02 2.072220e-03 0 3 2 3 3.772192e-14 0.000000e+00
76 165 3.284247e-02 2.608770e-03 0 3 2 3 3.772483e-14 0.000000e+00
76 166 3.284247e-02 3.284247e-03 0 3 2 3 3.772940e-14 0.000000e+00
76 167 3.284247e-02 4.134622e-03 0 3 2 3 3.773660e-14 0.000000e+00
76 168 3.284247e-02 5.205181e-03 0 3 2 3 3.774793e-14 0.000000e+00
76 169 3.284247e-02 6.552935e-03 0 3 2 3 3.776556e-14 0.000000e+00
76 170 3.284247e-02 8.249656e-03 0 3 2 3 3.779283e-14 0.000000e+00
76 171 3.284247e-02 1.038570e-02 0 3 2 3 3.783422e-14 0.000000e+00
76 172 3.284247e-02 1.307482e-02 0 3 2 3 3.789536e-14 0.000000e+00
76 173 3.284247e-02 1.646023e-02 0 3 2 3 3.798135e-14 0.000000e+00
76 174 3.284247e-02 2.072220e-02 0 3 2 3 3.809463e-14 0.000000e+00
76 175 3.284247e-02 2.608770e-02 0 3 2 3 3.831785e-14 0.000000e+00
76 176 3.284247e-02 3.284247e-02 0 3 2 3 3.776179e-14 0.000000e+00
76 177 3.284247e-02 4.134622e-02 0 3 2 3 3.129997e-14 0.000000e+00
76 178 3.284247e-02 5.205181e-02 0 3 2 3 2.426190e-14 0.000000e+00
76 179 3.284247e-02 6.552935e-02 0 3 2 3 1.770992e-14 0.000000e+00
77 160 4.134622e-02 8.249656e-04 0 3 2 3 3.004717e-14 0.000000e+00
77 161 4.134622e-02 1.038570e-03 0 3 2 3 3.004803e-14 0.000000e+00
77 162 4.134622e-02 1.307482e-03 0 3 2 3 3.004884e-14 0.000000e+00
77 163 4.134622e-02 1.646023e-03 0 3 2 3 3.005048e-14 0.000000e+00
77 164 4.134622e-02 2.072220e-03 0 3 2 3 3.005282e-14 0.000000e+00
77 165 4.134622e-02 2.608770e-03 0 3 2 3 3.005653e-14 0.000000e+00
77 166 4.134622e-02 3.284247e-03 0 3 2 3 3.006243e-14 0.000000e+00
77 167 4.134622e-02 4.134622e-03 0 3 2 3 3.007180e-14 0.000000e+00
77 168 4.134622e-02 5.205181e-03 0 3 2 3 3.008656e-14 0.000000e+00
77 169 4.134622e-02 6.552935e-03 0 3 2 3 3.010983e-14 0.000000e+00
77 170 4.134622e-02 8.249656e-03 0 3 2 3 3.014635e-14 0.000000e+00
77 171 4.134622e-02 1.038570e-02 0 3 2 3 3.020338e-14 0.000000e+00
77 172 4.134622e-02 1.307482e-02 0 3 2 3 3.029155e-14 0.000000e+00
77 173 4.134622e-02 1.646023e-02 0 3 2 3 3.042561e-14 0.000000e+00
77 174 4.134622e-02 2.072220e-02 0 3 2 3 3.062335e-14 0.000000e+00
77 175 4.134622e-02 2.608770e-02 0 3 2 3 3.089954e-14 0.000000e+00
77 176 4.134622e-02 3.284247e-02 0 3 2 3 3.129997e-14 0.000000e+00
77 177 4.134622e-02 4.134622e-02 0 3 2 3 3.085893e-14 0.000000e+00
77 178 4.134622e-02 5.205181e-02 0 3 2 3 2.490424e-14 0.000000e+00
77 179 4.134622e-02 6.552935e-02 0 3 2 3 1.834412e-14 0.000000e+00
78 160 5.205181e-02 8.249656e-04 0 3 2 3 2.291510e-14 0.000000e+00
78 161 5.205181e-02 1.038570e-03 0 3 2 3 2.291588e-14 0.000000e+00
78 162 5.205181e-02 1.307482e-03 0 3 2 3 2.291661e-14 0.000000e+00
78 163 5.205181e-02 1.646023e-03 0 3 2 3 2.291811e-14 0.000000e+00
78 164 5.205181e-02 2.072220e-03 0 3 2 3 2.292027e-14 0.000000e+00
78 165 5.205181e-02 2.608770e-03 0 3 2 3 2.292374e-14 0.000000e+00
78 166 5.205181e-02 3.284247e-03 0 3 2 3 2.292923e-14 0.000000e+00
78 167 5.205181e-02 4.134622e-03 0 3 2 3 2.293792e-14 0.000000e+00
78 168 5.205181e-02 5.205181e-03 0 3 2 3 2.295166e-14 0.000000e+00
78 169 5.205181e-02 6.552935e-03 0 3 2 3 2.297343e-14 0.000000e+00
78 170 5.205181e-02 8.249656e-03 0 3 2 3 2.300781e-14 0.000000e+00
78 171 5.205181e-02 1.038570e-02 0 3 2 3 2.306208e-14 0.000000e+00
78 172 5.205181e-02 1.307482e-02 0 3 2 3 2.314743e-14 0.000000e+00
78 173 5.205181e-02 1.646023e-02 0 3 2 3 2.328099e-14 0.000000e+00
78 174 5.205181e-02 2.072220e-02 0 3 2 3 2.348796e-14 0.000000e+00
78 175 5.205181e-02 2.608770e-02 0 3 2 3 2.380258e-14 0.000000e+00
78 176 5.205181e-02 3.284247e-02 0 3 2 3 2.426190e-14 0.000000e+00
78 177 5.205181e-02 4.134622e-02 0 3 2 3 2.490424e-14 0.000000e+00
78 178 5.205181e-02 5.205181e-02 0 3 2 3 2.468412e-14 0.000000e+00
78 179 5.205181e-02 6.552935e-02 0 3 2 3 1.925352e-14 0.000000e+00
79 160 6.552935e-02 8.249656e-04 0 3 2 3 1.656298e-14 0.000000e+00
79 161 6.552935e-02 1.038570e-03 0 3 2 3 1.656365e-14 0.000000e+00
79 162 6.552935e-02 1.307482e-03 0 3 2 3 1.656421e-14 0.000000e+00
79 163 6.552935e-02 1.646023e-03 0 3 2 3 1.656541e-14 0.000000e+00
79 164 6.552935e-02 2.072220e-03 0 3 2 3 1.656711e-14 0.000000e+00
79 165 6.552935e-02 2.608770e-03 0 3 2 3 1.656981e-14 0.000000e+00
79 166 6.552935e-02 3.284247e-03 0 3 2 3 1.657409e-14 0.000000e+00
79 167 6.552935e-02 4.134622e-03 0 3 2 3 1.658089e-14 0.000000e+00
79 168 6.552935e-02 5.205181e-03 0 3 2 3 1.659168e-14 0.000000e+00
79 169 6.552935e-02 6.552935e-03 0 3 2 3 1.660875e-14 0.000000e+00
79 170 6.552935e-02 8.249656e-03 0 3 2 3 1.663580e-14 0.000000e+00
79 171 6.552935e-02 1.038570e-02 0 3 2 3 1.667869e-14 0.000000e+00
79 172 6.552935e-02 1.307482e-02 0 3 2 3 1.674662e-14 0.000000e+00
79 173 6.552935e-02 1.646023e-02 0 3 2 3 1.685419e-14 0.000000e+00
79 174 6.552935e-02 2.072220e-02 0 3 2 3 1.702427e-14 0.000000e+00
79 175 6.552935e-02 2.608770e-02 0 3 2 3 1.729216e-14 0.000000e+00
79 176 6.552935e-02 3.284247e-02 0 3 2 3 1.770992e-14 0.000000e+00
79 177 6.552935e-02 4.134622e-02 0 3 2 3 1.834412e-14 0.000000e+00
79 178 6.552935e-02 5.205181e-02 0 3 2 3 1.925352e-14 0.000000e+00
79 179 6.552935e-02 6.552935e-02 0 3 2 3 1.932737e-14 0.000000e+00
