# Please cite the following papers in research using this covariance:
# arXiv: 1601.05779, https://arxiv.org/abs/1601.05779
# arXiv: 1911.11947, https://arxiv.org/abs/1911.11947
# arXiv: 2004.04833, https://arxiv.org/abs/2004.04833
########################################################
80 100 8.249656e-04 8.249656e-04 1 1 1 2 2.871159e-13 0.000000e+00
80 101 8.249656e-04 1.038570e-03 1 1 1 2 2.511762e-13 0.000000e+00
80 102 8.249656e-04 1.307482e-03 1 1 1 2 2.102302e-13 0.000000e+00
80 103 8.249656e-04 1.646023e-03 1 1 1 2 1.761310e-13 0.000000e+00
80 104 8.249656e-04 2.072220e-03 1 1 1 2 1.487393e-13 0.000000e+00
80 105 8.249656e-04 2.608770e-03 1 1 1 2 1.270282e-13 0.000000e+00
80 106 8.249656e-04 3.284247e-03 1 1 1 2 1.098175e-13 0.000000e+00
80 107 8.249656e-04 4.134622e-03 1 1 1 2 9.600483e-14 0.000000e+00
80 108 8.249656e-04 5.205181e-03 1 1 1 2 8.465609e-14 0.000000e+00
80 109 8.249656e-04 6.552935e-03 1 1 1 2 7.503199e-14 0.000000e+00
80 110 8.249656e-04 8.249656e-03 1 1 1 2 6.658035e-14 0.000000e+00
80 111 8.249656e-04 1.038570e-02 1 1 1 2 5.891284e-14 0.000000e+00
80 112 8.249656e-04 1.307482e-02 1 1 1 2 5.177454e-14 0.000000e+00
80 113 8.249656e-04 1.646023e-02 1 1 1 2 4.501381e-14 0.000000e+00
80 114 8.249656e-04 2.072220e-02 1 1 1 2 3.855883e-14 0.000000e+00
80 115 8.249656e-04 2.608770e-02 1 1 1 2 3.239820e-14 0.000000e+00
80 116 8.249656e-04 3.284247e-02 1 1 1 2 2.656790e-14 0.000000e+00
80 117 8.249656e-04 4.134622e-02 1 1 1 2 2.114246e-14 0.000000e+00
80 118 8.249656e-04 5.205181e-02 1 1 1 2 1.622497e-14 0.000000e+00
80 119 8.249656e-04 6.552935e-02 1 1 1 2 1.192184e-14 0.000000e+00
81 100 1.038570e-03 8.249656e-04 1 1 1 2 2.511762e-13 0.000000e+00
81 101 1.038570e-03 1.038570e-03 1 1 1 2 2.509631e-13 0.000000e+00
81 102 1.038570e-03 1.307482e-03 1 1 1 2 2.174667e-13 0.000000e+00
81 103 1.038570e-03 1.646023e-03 1 1 1 2 1.804957e-13 0.000000e+00
81 104 1.038570e-03 2.072220e-03 1 1 1 2 1.510954e-13 0.000000e+00
81 105 1.038570e-03 2.608770e-03 1 1 1 2 1.282237e-13 0.000000e+00
81 106 1.038570e-03 3.284247e-03 1 1 1 2 1.103952e-13 0.000000e+00
81 107 1.038570e-03 4.134622e-03 1 1 1 2 9.627235e-14 0.000000e+00
81 108 1.038570e-03 5.205181e-03 1 1 1 2 8.477540e-14 0.000000e+00
81 109 1.038570e-03 6.552935e-03 1 1 1 2 7.508357e-14 0.000000e+00
81 110 1.038570e-03 8.249656e-03 1 1 1 2 6.660228e-14 0.000000e+00
81 111 1.038570e-03 1.038570e-02 1 1 1 2 5.892237e-14 0.000000e+00
81 112 1.038570e-03 1.307482e-02 1 1 1 2 5.177893e-14 0.000000e+00
81 113 1.038570e-03 1.646023e-02 1 1 1 2 4.501614e-14 0.000000e+00
81 114 1.038570e-03 2.072220e-02 1 1 1 2 3.856031e-14 0.000000e+00
81 115 1.038570e-03 2.608770e-02 1 1 1 2 3.239929e-14 0.000000e+00
81 116 1.038570e-03 3.284247e-02 1 1 1 2 2.656880e-14 0.000000e+00
81 117 1.038570e-03 4.134622e-02 1 1 1 2 2.114324e-14 0.000000e+00
81 118 1.038570e-03 5.205181e-02 1 1 1 2 1.622558e-14 0.000000e+00
81 119 1.038570e-03 6.552935e-02 1 1 1 2 1.192233e-14 0.000000e+00
82 100 1.307482e-03 8.249656e-04 1 1 1 2 2.102302e-13 0.000000e+00
82 101 1.307482e-03 1.038570e-03 1 1 1 2 2.174667e-13 0.000000e+00
82 102 1.307482e-03 1.307482e-03 1 1 1 2 2.190027e-13 0.000000e+00
82 103 1.307482e-03 1.646023e-03 1 1 1 2 1.880957e-13 0.000000e+00
82 104 1.307482e-03 2.072220e-03 1 1 1 2 1.552192e-13 0.000000e+00
82 105 1.307482e-03 2.608770e-03 1 1 1 2 1.302737e-13 0.000000e+00
82 106 1.307482e-03 3.284247e-03 1 1 1 2 1.113659e-13 0.000000e+00
82 107 1.307482e-03 4.134622e-03 1 1 1 2 9.671434e-14 0.000000e+00
82 108 1.307482e-03 5.205181e-03 1 1 1 2 8.496982e-14 0.000000e+00
82 109 1.307482e-03 6.552935e-03 1 1 1 2 7.516668e-14 0.000000e+00
82 110 1.307482e-03 8.249656e-03 1 1 1 2 6.663719e-14 0.000000e+00
82 111 1.307482e-03 1.038570e-02 1 1 1 2 5.893710e-14 0.000000e+00
82 112 1.307482e-03 1.307482e-02 1 1 1 2 5.178543e-14 0.000000e+00
82 113 1.307482e-03 1.646023e-02 1 1 1 2 4.501943e-14 0.000000e+00
82 114 1.307482e-03 2.072220e-02 1 1 1 2 3.856219e-14 0.000000e+00
82 115 1.307482e-03 2.608770e-02 1 1 1 2 3.240064e-14 0.000000e+00
82 116 1.307482e-03 3.284247e-02 1 1 1 2 2.656981e-14 0.000000e+00
82 117 1.307482e-03 4.134622e-02 1 1 1 2 2.114405e-14 0.000000e+00
82 118 1.307482e-03 5.205181e-02 1 1 1 2 1.622616e-14 0.000000e+00
82 119 1.307482e-03 6.552935e-02 1 1 1 2 1.192272e-14 0.000000e+00
83 100 1.646023e-03 8.249656e-04 1 1 1 2 1.761310e-13 0.000000e+00
83 101 1.646023e-03 1.038570e-03 1 1 1 2 1.804957e-13 0.000000e+00
83 102 1.646023e-03 1.307482e-03 1 1 1 2 1.880957e-13 0.000000e+00
83 103 1.646023e-03 1.646023e-03 1 1 1 2 1.910588e-13 0.000000e+00
83 104 1.646023e-03 2.072220e-03 1 1 1 2 1.627955e-13 0.000000e+00
83 105 1.646023e-03 2.608770e-03 1 1 1 2 1.339712e-13 0.000000e+00
83 106 1.646023e-03 3.284247e-03 1 1 1 2 1.130604e-13 0.000000e+00
83 107 1.646023e-03 4.134622e-03 1 1 1 2 9.746536e-14 0.000000e+00
83 108 1.646023e-03 5.205181e-03 1 1 1 2 8.529364e-14 0.000000e+00
83 109 1.646023e-03 6.552935e-03 1 1 1 2 7.530310e-14 0.000000e+00
83 110 1.646023e-03 8.249656e-03 1 1 1 2 6.669399e-14 0.000000e+00
83 111 1.646023e-03 1.038570e-02 1 1 1 2 5.896105e-14 0.000000e+00
83 112 1.646023e-03 1.307482e-02 1 1 1 2 5.179620e-14 0.000000e+00
83 113 1.646023e-03 1.646023e-02 1 1 1 2 4.502490e-14 0.000000e+00
83 114 1.646023e-03 2.072220e-02 1 1 1 2 3.856551e-14 0.000000e+00
83 115 1.646023e-03 2.608770e-02 1 1 1 2 3.240308e-14 0.000000e+00
83 116 1.646023e-03 3.284247e-02 1 1 1 2 2.657168e-14 0.000000e+00
83 117 1.646023e-03 4.134622e-02 1 1 1 2 2.114559e-14 0.000000e+00
83 118 1.646023e-03 5.205181e-02 1 1 1 2 1.622733e-14 0.000000e+00
83 119 1.646023e-03 6.552935e-02 1 1 1 2 1.192358e-14 0.000000e+00
84 100 2.072220e-03 8.249656e-04 1 1 1 2 1.487393e-13 0.000000e+00
84 101 2.072220e-03 1.038570e-03 1 1 1 2 1.510954e-13 0.000000e+00
84 102 2.072220e-03 1.307482e-03 1 1 1 2 1.552192e-13 0.000000e+00
84 103 2.072220e-03 1.646023e-03 1 1 1 2 1.627955e-13 0.000000e+00
84 104 2.072220e-03 2.072220e-03 1 1 1 2 1.668027e-13 0.000000e+00
84 105 2.072220e-03 2.608770e-03 1 1 1 2 1.411723e-13 0.000000e+00
84 106 2.072220e-03 3.284247e-03 1 1 1 2 1.162142e-13 0.000000e+00
84 107 2.072220e-03 4.134622e-03 1 1 1 2 9.879940e-14 0.000000e+00
84 108 2.072220e-03 5.205181e-03 1 1 1 2 8.584901e-14 0.000000e+00
84 109 2.072220e-03 6.552935e-03 1 1 1 2 7.553122e-14 0.000000e+00
84 110 2.072220e-03 8.249656e-03 1 1 1 2 6.678720e-14 0.000000e+00
84 111 2.072220e-03 1.038570e-02 1 1 1 2 5.899973e-14 0.000000e+00
84 112 2.072220e-03 1.307482e-02 1 1 1 2 5.181323e-14 0.000000e+00
84 113 2.072220e-03 1.646023e-02 1 1 1 2 4.503344e-14 0.000000e+00
84 114 2.072220e-03 2.072220e-02 1 1 1 2 3.857070e-14 0.000000e+00
84 115 2.072220e-03 2.608770e-02 1 1 1 2 3.240671e-14 0.000000e+00
84 116 2.072220e-03 3.284247e-02 1 1 1 2 2.657449e-14 0.000000e+00
84 117 2.072220e-03 4.134622e-02 1 1 1 2 2.114781e-14 0.000000e+00
84 118 2.072220e-03 5.205181e-02 1 1 1 2 1.622904e-14 0.000000e+00
84 119 2.072220e-03 6.552935e-02 1 1 1 2 1.192477e-14 0.000000e+00
85 100 2.608770e-03 8.249656e-04 1 1 1 2 1.270282e-13 0.000000e+00
85 101 2.608770e-03 1.038570e-03 1 1 1 2 1.282237e-13 0.000000e+00
85 102 2.608770e-03 1.307482e-03 1 1 1 2 1.302737e-13 0.000000e+00
85 103 2.608770e-03 1.646023e-03 1 1 1 2 1.339712e-13 0.000000e+00
85 104 2.608770e-03 2.072220e-03 1 1 1 2 1.411723e-13 0.000000e+00
85 105 2.608770e-03 2.608770e-03 1 1 1 2 1.458227e-13 0.000000e+00
85 106 2.608770e-03 3.284247e-03 1 1 1 2 1.227607e-13 0.000000e+00
85 107 2.608770e-03 4.134622e-03 1 1 1 2 1.013650e-13 0.000000e+00
85 108 2.608770e-03 5.205181e-03 1 1 1 2 8.685329e-14 0.000000e+00
85 109 2.608770e-03 6.552935e-03 1 1 1 2 7.592636e-14 0.000000e+00
85 110 2.608770e-03 8.249656e-03 1 1 1 2 6.694381e-14 0.000000e+00
85 111 2.608770e-03 1.038570e-02 1 1 1 2 5.906335e-14 0.000000e+00
85 112 2.608770e-03 1.307482e-02 1 1 1 2 5.184090e-14 0.000000e+00
85 113 2.608770e-03 1.646023e-02 1 1 1 2 4.504719e-14 0.000000e+00
85 114 2.608770e-03 2.072220e-02 1 1 1 2 3.857892e-14 0.000000e+00
85 115 2.608770e-03 2.608770e-02 1 1 1 2 3.241246e-14 0.000000e+00
85 116 2.608770e-03 3.284247e-02 1 1 1 2 2.657898e-14 0.000000e+00
85 117 2.608770e-03 4.134622e-02 1 1 1 2 2.115133e-14 0.000000e+00
85 118 2.608770e-03 5.205181e-02 1 1 1 2 1.623178e-14 0.000000e+00
85 119 2.608770e-03 6.552935e-02 1 1 1 2 1.192668e-14 0.000000e+00
86 100 3.284247e-03 8.249656e-04 1 1 1 2 1.098175e-13 0.000000e+00
86 101 3.284247e-03 1.038570e-03 1 1 1 2 1.103952e-13 0.000000e+00
86 102 3.284247e-03 1.307482e-03 1 1 1 2 1.113659e-13 0.000000e+00
86 103 3.284247e-03 1.646023e-03 1 1 1 2 1.130604e-13 0.000000e+00
86 104 3.284247e-03 2.072220e-03 1 1 1 2 1.162142e-13 0.000000e+00
86 105 3.284247e-03 2.608770e-03 1 1 1 2 1.227607e-13 0.000000e+00
86 106 3.284247e-03 3.284247e-03 1 1 1 2 1.276723e-13 0.000000e+00
86 107 3.284247e-03 4.134622e-03 1 1 1 2 1.070722e-13 0.000000e+00
86 108 3.284247e-03 5.205181e-03 1 1 1 2 8.885001e-14 0.000000e+00
86 109 3.284247e-03 6.552935e-03 1 1 1 2 7.665303e-14 0.000000e+00
86 110 3.284247e-03 8.249656e-03 1 1 1 2 6.721716e-14 0.000000e+00
86 111 3.284247e-03 1.038570e-02 1 1 1 2 5.917046e-14 0.000000e+00
86 112 3.284247e-03 1.307482e-02 1 1 1 2 5.188620e-14 0.000000e+00
86 113 3.284247e-03 1.646023e-02 1 1 1 2 4.506930e-14 0.000000e+00
86 114 3.284247e-03 2.072220e-02 1 1 1 2 3.859203e-14 0.000000e+00
86 115 3.284247e-03 2.608770e-02 1 1 1 2 3.242165e-14 0.000000e+00
86 116 3.284247e-03 3.284247e-02 1 1 1 2 2.658605e-14 0.000000e+00
86 117 3.284247e-03 4.134622e-02 1 1 1 2 2.115694e-14 0.000000e+00
86 118 3.284247e-03 5.205181e-02 1 1 1 2 1.623614e-14 0.000000e+00
86 119 3.284247e-03 6.552935e-02 1 1 1 2 1.192970e-14 0.000000e+00
87 100 4.134622e-03 8.249656e-04 1 1 1 2 9.600483e-14 0.000000e+00
87 101 4.134622e-03 1.038570e-03 1 1 1 2 9.627235e-14 0.000000e+00
87 102 4.134622e-03 1.307482e-03 1 1 1 2 9.671434e-14 0.000000e+00
87 103 4.134622e-03 1.646023e-03 1 1 1 2 9.746536e-14 0.000000e+00
87 104 4.134622e-03 2.072220e-03 1 1 1 2 9.879940e-14 0.000000e+00
87 105 4.134622e-03 2.608770e-03 1 1 1 2 1.013650e-13 0.000000e+00
87 106 4.134622e-03 3.284247e-03 1 1 1 2 1.070722e-13 0.000000e+00
87 107 4.134622e-03 4.134622e-03 1 1 1 2 1.119125e-13 0.000000e+00
87 108 4.134622e-03 5.205181e-03 1 1 1 2 9.363282e-14 0.000000e+00
87 109 4.134622e-03 6.552935e-03 1 1 1 2 7.814568e-14 0.000000e+00
87 110 4.134622e-03 8.249656e-03 1 1 1 2 6.772706e-14 0.000000e+00
87 111 4.134622e-03 1.038570e-02 1 1 1 2 5.935804e-14 0.000000e+00
87 112 4.134622e-03 1.307482e-02 1 1 1 2 5.196225e-14 0.000000e+00
87 113 4.134622e-03 1.646023e-02 1 1 1 2 4.510539e-14 0.000000e+00
87 114 4.134622e-03 2.072220e-02 1 1 1 2 3.861302e-14 0.000000e+00
87 115 4.134622e-03 2.608770e-02 1 1 1 2 3.243622e-14 0.000000e+00
87 116 4.134622e-03 3.284247e-02 1 1 1 2 2.659727e-14 0.000000e+00
87 117 4.134622e-03 4.134622e-02 1 1 1 2 2.116588e-14 0.000000e+00
87 118 4.134622e-03 5.205181e-02 1 1 1 2 1.624302e-14 0.000000e+00
87 119 4.134622e-03 6.552935e-02 1 1 1 2 1.193450e-14 0.000000e+00
88 100 5.205181e-03 8.249656e-04 1 1 1 2 8.465609e-14 0.000000e+00
88 101 5.205181e-03 1.038570e-03 1 1 1 2 8.477540e-14 0.000000e+00
88 102 5.205181e-03 1.307482e-03 1 1 1 2 8.496982e-14 0.000000e+00
88 103 5.205181e-03 1.646023e-03 1 1 1 2 8.529364e-14 0.000000e+00
88 104 5.205181e-03 2.072220e-03 1 1 1 2 8.584901e-14 0.000000e+00
88 105 5.205181e-03 2.608770e-03 1 1 1 2 8.685329e-14 0.000000e+00
88 106 5.205181e-03 3.284247e-03 1 1 1 2 8.885001e-14 0.000000e+00
88 107 5.205181e-03 4.134622e-03 1 1 1 2 9.363282e-14 0.000000e+00
88 108 5.205181e-03 5.205181e-03 1 1 1 2 9.813923e-14 0.000000e+00
88 109 5.205181e-03 6.552935e-03 1 1 1 2 8.200955e-14 0.000000e+00
88 110 5.205181e-03 8.249656e-03 1 1 1 2 6.880576e-14 0.000000e+00
88 111 5.205181e-03 1.038570e-02 1 1 1 2 5.971081e-14 0.000000e+00
88 112 5.205181e-03 1.307482e-02 1 1 1 2 5.209487e-14 0.000000e+00
88 113 5.205181e-03 1.646023e-02 1 1 1 2 4.516523e-14 0.000000e+00
88 114 5.205181e-03 2.072220e-02 1 1 1 2 3.864689e-14 0.000000e+00
88 115 5.205181e-03 2.608770e-02 1 1 1 2 3.245948e-14 0.000000e+00
88 116 5.205181e-03 3.284247e-02 1 1 1 2 2.661512e-14 0.000000e+00
88 117 5.205181e-03 4.134622e-02 1 1 1 2 2.118002e-14 0.000000e+00
88 118 5.205181e-03 5.205181e-02 1 1 1 2 1.625391e-14 0.000000e+00
88 119 5.205181e-03 6.552935e-02 1 1 1 2 1.194213e-14 0.000000e+00
89 100 6.552935e-03 8.249656e-04 1 1 1 2 7.503199e-14 0.000000e+00
89 101 6.552935e-03 1.038570e-03 1 1 1 2 7.508357e-14 0.000000e+00
89 102 6.552935e-03 1.307482e-03 1 1 1 2 7.516668e-14 0.000000e+00
89 103 6.552935e-03 1.646023e-03 1 1 1 2 7.530310e-14 0.000000e+00
89 104 6.552935e-03 2.072220e-03 1 1 1 2 7.553122e-14 0.000000e+00
89 105 6.552935e-03 2.608770e-03 1 1 1 2 7.592636e-14 0.000000e+00
89 106 6.552935e-03 3.284247e-03 1 1 1 2 7.665303e-14 0.000000e+00
89 107 6.552935e-03 4.134622e-03 1 1 1 2 7.814568e-14 0.000000e+00
89 108 6.552935e-03 5.205181e-03 1 1 1 2 8.200955e-14 0.000000e+00
89 109 6.552935e-03 6.552935e-03 1 1 1 2 8.599957e-14 0.000000e+00
89 110 6.552935e-03 8.249656e-03 1 1 1 2 7.182601e-14 0.000000e+00
89 111 6.552935e-03 1.038570e-02 1 1 1 2 6.047335e-14 0.000000e+00
89 112 6.552935e-03 1.307482e-02 1 1 1 2 5.234331e-14 0.000000e+00
89 113 6.552935e-03 1.646023e-02 1 1 1 2 4.526791e-14 0.000000e+00
89 114 6.552935e-03 2.072220e-02 1 1 1 2 3.870221e-14 0.000000e+00
89 115 6.552935e-03 2.608770e-02 1 1 1 2 3.249667e-14 0.000000e+00
89 116 6.552935e-03 3.284247e-02 1 1 1 2 2.664345e-14 0.000000e+00
89 117 6.552935e-03 4.134622e-02 1 1 1 2 2.120244e-14 0.000000e+00
89 118 6.552935e-03 5.205181e-02 1 1 1 2 1.627118e-14 0.000000e+00
89 119 6.552935e-03 6.552935e-02 1 1 1 2 1.195419e-14 0.000000e+00
90 100 8.249656e-03 8.249656e-04 1 1 1 2 6.658035e-14 0.000000e+00
90 101 8.249656e-03 1.038570e-03 1 1 1 2 6.660228e-14 0.000000e+00
90 102 8.249656e-03 1.307482e-03 1 1 1 2 6.663719e-14 0.000000e+00
90 103 8.249656e-03 1.646023e-03 1 1 1 2 6.669399e-14 0.000000e+00
90 104 8.249656e-03 2.072220e-03 1 1 1 2 6.678720e-14 0.000000e+00
90 105 8.249656e-03 2.608770e-03 1 1 1 2 6.694381e-14 0.000000e+00
90 106 8.249656e-03 3.284247e-03 1 1 1 2 6.721716e-14 0.000000e+00
90 107 8.249656e-03 4.134622e-03 1 1 1 2 6.772706e-14 0.000000e+00
90 108 8.249656e-03 5.205181e-03 1 1 1 2 6.880576e-14 0.000000e+00
90 109 8.249656e-03 6.552935e-03 1 1 1 2 7.182601e-14 0.000000e+00
90 110 8.249656e-03 8.249656e-03 1 1 1 2 7.519727e-14 0.000000e+00
90 111 8.249656e-03 1.038570e-02 1 1 1 2 6.277073e-14 0.000000e+00
90 112 8.249656e-03 1.307482e-02 1 1 1 2 5.288257e-14 0.000000e+00
90 113 8.249656e-03 1.646023e-02 1 1 1 2 4.545586e-14 0.000000e+00
90 114 8.249656e-03 2.072220e-02 1 1 1 2 3.879469e-14 0.000000e+00
90 115 8.249656e-03 2.608770e-02 1 1 1 2 3.255662e-14 0.000000e+00
90 116 8.249656e-03 3.284247e-02 1 1 1 2 2.668858e-14 0.000000e+00
90 117 8.249656e-03 4.134622e-02 1 1 1 2 2.123801e-14 0.000000e+00
90 118 8.249656e-03 5.205181e-02 1 1 1 2 1.629855e-14 0.000000e+00
90 119 8.249656e-03 6.552935e-02 1 1 1 2 1.197331e-14 0.000000e+00
91 100 1.038570e-02 8.249656e-04 1 1 1 2 5.891284e-14 0.000000e+00
91 101 1.038570e-02 1.038570e-03 1 1 1 2 5.892237e-14 0.000000e+00
91 102 1.038570e-02 1.307482e-03 1 1 1 2 5.893710e-14 0.000000e+00
91 103 1.038570e-02 1.646023e-03 1 1 1 2 5.896105e-14 0.000000e+00
91 104 1.038570e-02 2.072220e-03 1 1 1 2 5.899973e-14 0.000000e+00
91 105 1.038570e-02 2.608770e-03 1 1 1 2 5.906335e-14 0.000000e+00
91 106 1.038570e-02 3.284247e-03 1 1 1 2 5.917046e-14 0.000000e+00
91 107 1.038570e-02 4.134622e-03 1 1 1 2 5.935804e-14 0.000000e+00
91 108 1.038570e-02 5.205181e-03 1 1 1 2 5.971081e-14 0.000000e+00
91 109 1.038570e-02 6.552935e-03 1 1 1 2 6.047335e-14 0.000000e+00
91 110 1.038570e-02 8.249656e-03 1 1 1 2 6.277073e-14 0.000000e+00
91 111 1.038570e-02 1.038570e-02 1 1 1 2 6.549335e-14 0.000000e+00
91 112 1.038570e-02 1.307482e-02 1 1 1 2 5.460011e-14 0.000000e+00
91 113 1.038570e-02 1.646023e-02 1 1 1 2 4.585302e-14 0.000000e+00
91 114 1.038570e-02 2.072220e-02 1 1 1 2 3.895716e-14 0.000000e+00
91 115 1.038570e-02 2.608770e-02 1 1 1 2 3.265455e-14 0.000000e+00
91 116 1.038570e-02 3.284247e-02 1 1 1 2 2.676065e-14 0.000000e+00
91 117 1.038570e-02 4.134622e-02 1 1 1 2 2.129449e-14 0.000000e+00
91 118 1.038570e-02 5.205181e-02 1 1 1 2 1.634192e-14 0.000000e+00
91 119 1.038570e-02 6.552935e-02 1 1 1 2 1.200366e-14 0.000000e+00
92 100 1.307482e-02 8.249656e-04 1 1 1 2 5.177454e-14 0.000000e+00
92 101 1.307482e-02 1.038570e-03 1 1 1 2 5.177893e-14 0.000000e+00
92 102 1.307482e-02 1.307482e-03 1 1 1 2 5.178543e-14 0.000000e+00
92 103 1.307482e-02 1.646023e-03 1 1 1 2 5.179620e-14 0.000000e+00
92 104 1.307482e-02 2.072220e-03 1 1 1 2 5.181323e-14 0.000000e+00
92 105 1.307482e-02 2.608770e-03 1 1 1 2 5.184090e-14 0.000000e+00
92 106 1.307482e-02 3.284247e-03 1 1 1 2 5.188620e-14 0.000000e+00
92 107 1.307482e-02 4.134622e-03 1 1 1 2 5.196225e-14 0.000000e+00
92 108 1.307482e-02 5.205181e-03 1 1 1 2 5.209487e-14 0.000000e+00
92 109 1.307482e-02 6.552935e-03 1 1 1 2 5.234331e-14 0.000000e+00
92 110 1.307482e-02 8.249656e-03 1 1 1 2 5.288257e-14 0.000000e+00
92 111 1.307482e-02 1.038570e-02 1 1 1 2 5.460011e-14 0.000000e+00
92 112 1.307482e-02 1.307482e-02 1 1 1 2 5.670394e-14 0.000000e+00
92 113 1.307482e-02 1.646023e-02 1 1 1 2 4.713706e-14 0.000000e+00
92 114 1.307482e-02 2.072220e-02 1 1 1 2 3.927953e-14 0.000000e+00
92 115 1.307482e-02 2.608770e-02 1 1 1 2 3.281940e-14 0.000000e+00
92 116 1.307482e-02 3.284247e-02 1 1 1 2 2.687655e-14 0.000000e+00
92 117 1.307482e-02 4.134622e-02 1 1 1 2 2.138425e-14 0.000000e+00
92 118 1.307482e-02 5.205181e-02 1 1 1 2 1.641062e-14 0.000000e+00
92 119 1.307482e-02 6.552935e-02 1 1 1 2 1.205178e-14 0.000000e+00
93 100 1.646023e-02 8.249656e-04 1 1 1 2 4.501381e-14 0.000000e+00
93 101 1.646023e-02 1.038570e-03 1 1 1 2 4.501614e-14 0.000000e+00
93 102 1.646023e-02 1.307482e-03 1 1 1 2 4.501943e-14 0.000000e+00
93 103 1.646023e-02 1.646023e-03 1 1 1 2 4.502490e-14 0.000000e+00
93 104 1.646023e-02 2.072220e-03 1 1 1 2 4.503344e-14 0.000000e+00
93 105 1.646023e-02 2.608770e-03 1 1 1 2 4.504719e-14 0.000000e+00
93 106 1.646023e-02 3.284247e-03 1 1 1 2 4.506930e-14 0.000000e+00
93 107 1.646023e-02 4.134622e-03 1 1 1 2 4.510539e-14 0.000000e+00
93 108 1.646023e-02 5.205181e-03 1 1 1 2 4.516523e-14 0.000000e+00
93 109 1.646023e-02 6.552935e-03 1 1 1 2 4.526791e-14 0.000000e+00
93 110 1.646023e-02 8.249656e-03 1 1 1 2 4.545586e-14 0.000000e+00
93 111 1.646023e-02 1.038570e-02 1 1 1 2 4.585302e-14 0.000000e+00
93 112 1.646023e-02 1.307482e-02 1 1 1 2 4.713706e-14 0.000000e+00
93 113 1.646023e-02 1.646023e-02 1 1 1 2 4.869650e-14 0.000000e+00
93 114 1.646023e-02 2.072220e-02 1 1 1 2 4.026745e-14 0.000000e+00
93 115 1.646023e-02 2.608770e-02 1 1 1 2 3.312139e-14 0.000000e+00
93 116 1.646023e-02 3.284247e-02 1 1 1 2 2.706588e-14 0.000000e+00
93 117 1.646023e-02 4.134622e-02 1 1 1 2 2.152732e-14 0.000000e+00
93 118 1.646023e-02 5.205181e-02 1 1 1 2 1.651953e-14 0.000000e+00
93 119 1.646023e-02 6.552935e-02 1 1 1 2 1.212820e-14 0.000000e+00
94 100 2.072220e-02 8.249656e-04 1 1 1 2 3.855883e-14 0.000000e+00
94 101 2.072220e-02 1.038570e-03 1 1 1 2 3.856031e-14 0.000000e+00
94 102 2.072220e-02 1.307482e-03 1 1 1 2 3.856219e-14 0.000000e+00
94 103 2.072220e-02 1.646023e-03 1 1 1 2 3.856551e-14 0.000000e+00
94 104 2.072220e-02 2.072220e-03 1 1 1 2 3.857070e-14 0.000000e+00
94 105 2.072220e-02 2.608770e-03 1 1 1 2 3.857892e-14 0.000000e+00
94 106 2.072220e-02 3.284247e-03 1 1 1 2 3.859203e-14 0.000000e+00
94 107 2.072220e-02 4.134622e-03 1 1 1 2 3.861302e-14 0.000000e+00
94 108 2.072220e-02 5.205181e-03 1 1 1 2 3.864689e-14 0.000000e+00
94 109 2.072220e-02 6.552935e-03 1 1 1 2 3.870221e-14 0.000000e+00
94 110 2.072220e-02 8.249656e-03 1 1 1 2 3.879469e-14 0.000000e+00
94 111 2.072220e-02 1.038570e-02 1 1 1 2 3.895716e-14 0.000000e+00
94 112 2.072220e-02 1.307482e-02 1 1 1 2 3.927953e-14 0.000000e+00
94 113 2.072220e-02 1.646023e-02 1 1 1 2 4.026745e-14 0.000000e+00
94 114 2.072220e-02 2.072220e-02 1 1 1 2 4.138661e-14 0.000000e+00
94 115 2.072220e-02 2.608770e-02 1 1 1 2 3.393493e-14 0.000000e+00
94 116 2.072220e-02 3.284247e-02 1 1 1 2 2.739046e-14 0.000000e+00
94 117 2.072220e-02 4.134622e-02 1 1 1 2 2.175699e-14 0.000000e+00
94 118 2.072220e-02 5.205181e-02 1 1 1 2 1.669226e-14 0.000000e+00
94 119 2.072220e-02 6.552935e-02 1 1 1 2 1.224966e-14 0.000000e+00
95 100 2.608770e-02 8.249656e-04 1 1 1 2 3.239820e-14 0.000000e+00
95 101 2.608770e-02 1.038570e-03 1 1 1 2 3.239929e-14 0.000000e+00
95 102 2.608770e-02 1.307482e-03 1 1 1 2 3.240064e-14 0.000000e+00
95 103 2.608770e-02 1.646023e-03 1 1 1 2 3.240308e-14 0.000000e+00
95 104 2.608770e-02 2.072220e-03 1 1 1 2 3.240671e-14 0.000000e+00
95 105 2.608770e-02 2.608770e-03 1 1 1 2 3.241246e-14 0.000000e+00
95 106 2.608770e-02 3.284247e-03 1 1 1 2 3.242165e-14 0.000000e+00
95 107 2.608770e-02 4.134622e-03 1 1 1 2 3.243622e-14 0.000000e+00
95 108 2.608770e-02 5.205181e-03 1 1 1 2 3.245948e-14 0.000000e+00
95 109 2.608770e-02 6.552935e-03 1 1 1 2 3.249667e-14 0.000000e+00
95 110 2.608770e-02 8.249656e-03 1 1 1 2 3.255662e-14 0.000000e+00
95 111 2.608770e-02 1.038570e-02 1 1 1 2 3.265455e-14 0.000000e+00
95 112 2.608770e-02 1.307482e-02 1 1 1 2 3.281940e-14 0.000000e+00
95 113 2.608770e-02 1.646023e-02 1 1 1 2 3.312139e-14 0.000000e+00
95 114 2.608770e-02 2.072220e-02 1 1 1 2 3.393493e-14 0.000000e+00
95 115 2.608770e-02 2.608770e-02 1 1 1 2 3.473392e-14 0.000000e+00
95 116 2.608770e-02 3.284247e-02 1 1 1 2 2.813180e-14 0.000000e+00
95 117 2.608770e-02 4.134622e-02 1 1 1 2 2.213466e-14 0.000000e+00
95 118 2.608770e-02 5.205181e-02 1 1 1 2 1.696704e-14 0.000000e+00
95 119 2.608770e-02 6.552935e-02 1 1 1 2 1.244318e-14 0.000000e+00
96 100 3.284247e-02 8.249656e-04 1 1 1 2 2.656790e-14 0.000000e+00
96 101 3.284247e-02 1.038570e-03 1 1 1 2 2.656880e-14 0.000000e+00
96 102 3.284247e-02 1.307482e-03 1 1 1 2 2.656981e-14 0.000000e+00
96 103 3.284247e-02 1.646023e-03 1 1 1 2 2.657168e-14 0.000000e+00
96 104 3.284247e-02 2.072220e-03 1 1 1 2 2.657449e-14 0.000000e+00
96 105 3.284247e-02 2.608770e-03 1 1 1 2 2.657898e-14 0.000000e+00
96 106 3.284247e-02 3.284247e-03 1 1 1 2 2.658605e-14 0.000000e+00
96 107 3.284247e-02 4.134622e-03 1 1 1 2 2.659727e-14 0.000000e+00
96 108 3.284247e-02 5.205181e-03 1 1 1 2 2.661512e-14 0.000000e+00
96 109 3.284247e-02 6.552935e-03 1 1 1 2 2.664345e-14 0.000000e+00
96 110 3.284247e-02 8.249656e-03 1 1 1 2 2.668858e-14 0.000000e+00
96 111 3.284247e-02 1.038570e-02 1 1 1 2 2.676065e-14 0.000000e+00
96 112 3.284247e-02 1.307482e-02 1 1 1 2 2.687655e-14 0.000000e+00
96 113 3.284247e-02 1.646023e-02 1 1 1 2 2.706588e-14 0.000000e+00
96 114 3.284247e-02 2.072220e-02 1 1 1 2 2.739046e-14 0.000000e+00
96 115 3.284247e-02 2.608770e-02 1 1 1 2 2.813180e-14 0.000000e+00
96 116 3.284247e-02 3.284247e-02 1 1 1 2 2.873286e-14 0.000000e+00
96 117 3.284247e-02 4.134622e-02 1 1 1 2 2.288097e-14 0.000000e+00
96 118 3.284247e-02 5.205181e-02 1 1 1 2 1.740946e-14 0.000000e+00
96 119 3.284247e-02 6.552935e-02 1 1 1 2 1.275284e-14 0.000000e+00
97 100 4.134622e-02 8.249656e-04 1 1 1 2 2.114246e-14 0.000000e+00
97 101 4.134622e-02 1.038570e-03 1 1 1 2 2.114324e-14 0.000000e+00
97 102 4.134622e-02 1.307482e-03 1 1 1 2 2.114405e-14 0.000000e+00
97 103 4.134622e-02 1.646023e-03 1 1 1 2 2.114559e-14 0.000000e+00
97 104 4.134622e-02 2.072220e-03 1 1 1 2 2.114781e-14 0.000000e+00
97 105 4.134622e-02 2.608770e-03 1 1 1 2 2.115133e-14 0.000000e+00
97 106 4.134622e-02 3.284247e-03 1 1 1 2 2.115694e-14 0.000000e+00
97 107 4.134622e-02 4.134622e-03 1 1 1 2 2.116588e-14 0.000000e+00
97 108 4.134622e-02 5.205181e-03 1 1 1 2 2.118002e-14 0.000000e+00
97 109 4.134622e-02 6.552935e-03 1 1 1 2 2.120244e-14 0.000000e+00
97 110 4.134622e-02 8.249656e-03 1 1 1 2 2.123801e-14 0.000000e+00
97 111 4.134622e-02 1.038570e-02 1 1 1 2 2.129449e-14 0.000000e+00
97 112 4.134622e-02 1.307482e-02 1 1 1 2 2.138425e-14 0.000000e+00
97 113 4.134622e-02 1.646023e-02 1 1 1 2 2.152732e-14 0.000000e+00
97 114 4.134622e-02 2.072220e-02 1 1 1 2 2.175699e-14 0.000000e+00
97 115 4.134622e-02 2.608770e-02 1 1 1 2 2.213466e-14 0.000000e+00
97 116 4.134622e-02 3.284247e-02 1 1 1 2 2.288097e-14 0.000000e+00
97 117 4.134622e-02 4.134622e-02 1 1 1 2 2.339076e-14 0.000000e+00
97 118 4.134622e-02 5.205181e-02 1 1 1 2 1.820519e-14 0.000000e+00
97 119 4.134622e-02 6.552935e-02 1 1 1 2 1.325319e-14 0.000000e+00
98 100 5.205181e-02 8.249656e-04 1 1 1 2 1.622497e-14 0.000000e+00
98 101 5.205181e-02 1.038570e-03 1 1 1 2 1.622558e-14 0.000000e+00
98 102 5.205181e-02 1.307482e-03 1 1 1 2 1.622616e-14 0.000000e+00
98 103 5.205181e-02 1.646023e-03 1 1 1 2 1.622733e-14 0.000000e+00
98 104 5.205181e-02 2.072220e-03 1 1 1 2 1.622904e-14 0.000000e+00
98 105 5.205181e-02 2.608770e-03 1 1 1 2 1.623178e-14 0.000000e+00
98 106 5.205181e-02 3.284247e-03 1 1 1 2 1.623614e-14 0.000000e+00
98 107 5.205181e-02 4.134622e-03 1 1 1 2 1.624302e-14 0.000000e+00
98 108 5.205181e-02 5.205181e-03 1 1 1 2 1.625391e-14 0.000000e+00
98 109 5.205181e-02 6.552935e-03 1 1 1 2 1.627118e-14 0.000000e+00
98 110 5.205181e-02 8.249656e-03 1 1 1 2 1.629855e-14 0.000000e+00
98 111 5.205181e-02 1.038570e-02 1 1 1 2 1.634192e-14 0.000000e+00
98 112 5.205181e-02 1.307482e-02 1 1 1 2 1.641062e-14 0.000000e+00
98 113 5.205181e-02 1.646023e-02 1 1 1 2 1.651953e-14 0.000000e+00
98 114 5.205181e-02 2.072220e-02 1 1 1 2 1.669226e-14 0.000000e+00
98 115 5.205181e-02 2.608770e-02 1 1 1 2 1.696704e-14 0.000000e+00
98 116 5.205181e-02 3.284247e-02 1 1 1 2 1.740946e-14 0.000000e+00
98 117 5.205181e-02 4.134622e-02 1 1 1 2 1.820519e-14 0.000000e+00
98 118 5.205181e-02 5.205181e-02 1 1 1 2 1.870377e-14 0.000000e+00
98 119 5.205181e-02 6.552935e-02 1 1 1 2 1.411799e-14 0.000000e+00
99 100 6.552935e-02 8.249656e-04 1 1 1 2 1.192184e-14 0.000000e+00
99 101 6.552935e-02 1.038570e-03 1 1 1 2 1.192233e-14 0.000000e+00
99 102 6.552935e-02 1.307482e-03 1 1 1 2 1.192272e-14 0.000000e+00
99 103 6.552935e-02 1.646023e-03 1 1 1 2 1.192358e-14 0.000000e+00
99 104 6.552935e-02 2.072220e-03 1 1 1 2 1.192477e-14 0.000000e+00
99 105 6.552935e-02 2.608770e-03 1 1 1 2 1.192668e-14 0.000000e+00
99 106 6.552935e-02 3.284247e-03 1 1 1 2 1.192970e-14 0.000000e+00
99 107 6.552935e-02 4.134622e-03 1 1 1 2 1.193450e-14 0.000000e+00
99 108 6.552935e-02 5.205181e-03 1 1 1 2 1.194213e-14 0.000000e+00
99 109 6.552935e-02 6.552935e-03 1 1 1 2 1.195419e-14 0.000000e+00
99 110 6.552935e-02 8.249656e-03 1 1 1 2 1.197331e-14 0.000000e+00
99 111 6.552935e-02 1.038570e-02 1 1 1 2 1.200366e-14 0.000000e+00
99 112 6.552935e-02 1.307482e-02 1 1 1 2 1.205178e-14 0.000000e+00
99 113 6.552935e-02 1.646023e-02 1 1 1 2 1.212820e-14 0.000000e+00
99 114 6.552935e-02 2.072220e-02 1 1 1 2 1.224966e-14 0.000000e+00
99 115 6.552935e-02 2.608770e-02 1 1 1 2 1.244318e-14 0.000000e+00
99 116 6.552935e-02 3.284247e-02 1 1 1 2 1.275284e-14 0.000000e+00
99 117 6.552935e-02 4.134622e-02 1 1 1 2 1.325319e-14 0.000000e+00
99 118 6.552935e-02 5.205181e-02 1 1 1 2 1.411799e-14 0.000000e+00
99 119 6.552935e-02 6.552935e-02 1 1 1 2 1.466769e-14 0.000000e+00
