# Please cite the following papers in research using this covariance:
# arXiv: 1601.05779, https://arxiv.org/abs/1601.05779
# arXiv: 1911.11947, https://arxiv.org/abs/1911.11947
# arXiv: 2004.04833, https://arxiv.org/abs/2004.04833
########################################################
100 120 8.249656e-04 8.249656e-04 1 2 1 3 3.000352e-13 0.000000e+00
100 121 8.249656e-04 1.038570e-03 1 2 1 3 2.634531e-13 0.000000e+00
100 122 8.249656e-04 1.307482e-03 1 2 1 3 2.231612e-13 0.000000e+00
100 123 8.249656e-04 1.646023e-03 1 2 1 3 1.911493e-13 0.000000e+00
100 124 8.249656e-04 2.072220e-03 1 2 1 3 1.661074e-13 0.000000e+00
100 125 8.249656e-04 2.608770e-03 1 2 1 3 1.463466e-13 0.000000e+00
100 126 8.249656e-04 3.284247e-03 1 2 1 3 1.304122e-13 0.000000e+00
100 127 8.249656e-04 4.134622e-03 1 2 1 3 1.171593e-13 0.000000e+00
100 128 8.249656e-04 5.205181e-03 1 2 1 3 1.057269e-13 0.000000e+00
100 129 8.249656e-04 6.552935e-03 1 2 1 3 9.548966e-14 0.000000e+00
100 130 8.249656e-04 8.249656e-03 1 2 1 3 8.601009e-14 0.000000e+00
100 131 8.249656e-04 1.038570e-02 1 2 1 3 7.699671e-14 0.000000e+00
100 132 8.249656e-04 1.307482e-02 1 2 1 3 6.826941e-14 0.000000e+00
100 133 8.249656e-04 1.646023e-02 1 2 1 3 5.973410e-14 0.000000e+00
100 134 8.249656e-04 2.072220e-02 1 2 1 3 5.136815e-14 0.000000e+00
100 135 8.249656e-04 2.608770e-02 1 2 1 3 4.321354e-14 0.000000e+00
100 136 8.249656e-04 3.284247e-02 1 2 1 3 3.537438e-14 0.000000e+00
100 137 8.249656e-04 4.134622e-02 1 2 1 3 2.800885e-14 0.000000e+00
100 138 8.249656e-04 5.205181e-02 1 2 1 3 2.130686e-14 0.000000e+00
100 139 8.249656e-04 6.552935e-02 1 2 1 3 1.542481e-14 0.000000e+00
101 120 1.038570e-03 8.249656e-04 1 2 1 3 2.634531e-13 0.000000e+00
101 121 1.038570e-03 1.038570e-03 1 2 1 3 2.651937e-13 0.000000e+00
101 122 1.038570e-03 1.307482e-03 1 2 1 3 2.313926e-13 0.000000e+00
101 123 1.038570e-03 1.646023e-03 1 2 1 3 1.955219e-13 0.000000e+00
101 124 1.038570e-03 2.072220e-03 1 2 1 3 1.682456e-13 0.000000e+00
101 125 1.038570e-03 2.608770e-03 1 2 1 3 1.473470e-13 0.000000e+00
101 126 1.038570e-03 3.284247e-03 1 2 1 3 1.308633e-13 0.000000e+00
101 127 1.038570e-03 4.134622e-03 1 2 1 3 1.173556e-13 0.000000e+00
101 128 1.038570e-03 5.205181e-03 1 2 1 3 1.058092e-13 0.000000e+00
101 129 1.038570e-03 6.552935e-03 1 2 1 3 9.552294e-14 0.000000e+00
101 130 1.038570e-03 8.249656e-03 1 2 1 3 8.602319e-14 0.000000e+00
101 131 1.038570e-03 1.038570e-02 1 2 1 3 7.700198e-14 0.000000e+00
101 132 1.038570e-03 1.307482e-02 1 2 1 3 6.827175e-14 0.000000e+00
101 133 1.038570e-03 1.646023e-02 1 2 1 3 5.973550e-14 0.000000e+00
101 134 1.038570e-03 2.072220e-02 1 2 1 3 5.136930e-14 0.000000e+00
101 135 1.038570e-03 2.608770e-02 1 2 1 3 4.321463e-14 0.000000e+00
101 136 1.038570e-03 3.284247e-02 1 2 1 3 3.537544e-14 0.000000e+00
101 137 1.038570e-03 4.134622e-02 1 2 1 3 2.800984e-14 0.000000e+00
101 138 1.038570e-03 5.205181e-02 1 2 1 3 2.130766e-14 0.000000e+00
101 139 1.038570e-03 6.552935e-02 1 2 1 3 1.542544e-14 0.000000e+00
102 120 1.307482e-03 8.249656e-04 1 2 1 3 2.231612e-13 0.000000e+00
102 121 1.307482e-03 1.038570e-03 1 2 1 3 2.313926e-13 0.000000e+00
102 122 1.307482e-03 1.307482e-03 1 2 1 3 2.346092e-13 0.000000e+00
102 123 1.307482e-03 1.646023e-03 1 2 1 3 2.036489e-13 0.000000e+00
102 124 1.307482e-03 2.072220e-03 1 2 1 3 1.721255e-13 0.000000e+00
102 125 1.307482e-03 2.608770e-03 1 2 1 3 1.490978e-13 0.000000e+00
102 126 1.307482e-03 3.284247e-03 1 2 1 3 1.316302e-13 0.000000e+00
102 127 1.307482e-03 4.134622e-03 1 2 1 3 1.176820e-13 0.000000e+00
102 128 1.307482e-03 5.205181e-03 1 2 1 3 1.059438e-13 0.000000e+00
102 129 1.307482e-03 6.552935e-03 1 2 1 3 9.557653e-14 0.000000e+00
102 130 1.307482e-03 8.249656e-03 1 2 1 3 8.604385e-14 0.000000e+00
102 131 1.307482e-03 1.038570e-02 1 2 1 3 7.700983e-14 0.000000e+00
102 132 1.307482e-03 1.307482e-02 1 2 1 3 6.827492e-14 0.000000e+00
102 133 1.307482e-03 1.646023e-02 1 2 1 3 5.973722e-14 0.000000e+00
102 134 1.307482e-03 2.072220e-02 1 2 1 3 5.137054e-14 0.000000e+00
102 135 1.307482e-03 2.608770e-02 1 2 1 3 4.321586e-14 0.000000e+00
102 136 1.307482e-03 3.284247e-02 1 2 1 3 3.537659e-14 0.000000e+00
102 137 1.307482e-03 4.134622e-02 1 2 1 3 2.801090e-14 0.000000e+00
102 138 1.307482e-03 5.205181e-02 1 2 1 3 2.130845e-14 0.000000e+00
102 139 1.307482e-03 6.552935e-02 1 2 1 3 1.542596e-14 0.000000e+00
103 120 1.646023e-03 8.249656e-04 1 2 1 3 1.911493e-13 0.000000e+00
103 121 1.646023e-03 1.038570e-03 1 2 1 3 1.955219e-13 0.000000e+00
103 122 1.646023e-03 1.307482e-03 1 2 1 3 2.036489e-13 0.000000e+00
103 123 1.646023e-03 1.646023e-03 1 2 1 3 2.079194e-13 0.000000e+00
103 124 1.646023e-03 2.072220e-03 1 2 1 3 1.797799e-13 0.000000e+00
103 125 1.646023e-03 2.608770e-03 1 2 1 3 1.523767e-13 0.000000e+00
103 126 1.646023e-03 3.284247e-03 1 2 1 3 1.329971e-13 0.000000e+00
103 127 1.646023e-03 4.134622e-03 1 2 1 3 1.182437e-13 0.000000e+00
103 128 1.646023e-03 5.205181e-03 1 2 1 3 1.061699e-13 0.000000e+00
103 129 1.646023e-03 6.552935e-03 1 2 1 3 9.566515e-14 0.000000e+00
103 130 1.646023e-03 8.249656e-03 1 2 1 3 8.607777e-14 0.000000e+00
103 131 1.646023e-03 1.038570e-02 1 2 1 3 7.702283e-14 0.000000e+00
103 132 1.646023e-03 1.307482e-02 1 2 1 3 6.828043e-14 0.000000e+00
103 133 1.646023e-03 1.646023e-02 1 2 1 3 5.974024e-14 0.000000e+00
103 134 1.646023e-03 2.072220e-02 1 2 1 3 5.137292e-14 0.000000e+00
103 135 1.646023e-03 2.608770e-02 1 2 1 3 4.321819e-14 0.000000e+00
103 136 1.646023e-03 3.284247e-02 1 2 1 3 3.537878e-14 0.000000e+00
103 137 1.646023e-03 4.134622e-02 1 2 1 3 2.801289e-14 0.000000e+00
103 138 1.646023e-03 5.205181e-02 1 2 1 3 2.131002e-14 0.000000e+00
103 139 1.646023e-03 6.552935e-02 1 2 1 3 1.542709e-14 0.000000e+00
104 120 2.072220e-03 8.249656e-04 1 2 1 3 1.661074e-13 0.000000e+00
104 121 2.072220e-03 1.038570e-03 1 2 1 3 1.682456e-13 0.000000e+00
104 122 2.072220e-03 1.307482e-03 1 2 1 3 1.721255e-13 0.000000e+00
104 123 2.072220e-03 1.646023e-03 1 2 1 3 1.797799e-13 0.000000e+00
104 124 2.072220e-03 2.072220e-03 1 2 1 3 1.846685e-13 0.000000e+00
104 125 2.072220e-03 2.608770e-03 1 2 1 3 1.592756e-13 0.000000e+00
104 126 2.072220e-03 3.284247e-03 1 2 1 3 1.356409e-13 0.000000e+00
104 127 2.072220e-03 4.134622e-03 1 2 1 3 1.192623e-13 0.000000e+00
104 128 2.072220e-03 5.205181e-03 1 2 1 3 1.065625e-13 0.000000e+00
104 129 2.072220e-03 6.552935e-03 1 2 1 3 9.581461e-14 0.000000e+00
104 130 2.072220e-03 8.249656e-03 1 2 1 3 8.613376e-14 0.000000e+00
104 131 2.072220e-03 1.038570e-02 1 2 1 3 7.704383e-14 0.000000e+00
104 132 2.072220e-03 1.307482e-02 1 2 1 3 6.828902e-14 0.000000e+00
104 133 2.072220e-03 1.646023e-02 1 2 1 3 5.974485e-14 0.000000e+00
104 134 2.072220e-03 2.072220e-02 1 2 1 3 5.137656e-14 0.000000e+00
104 135 2.072220e-03 2.608770e-02 1 2 1 3 4.322159e-14 0.000000e+00
104 136 2.072220e-03 3.284247e-02 1 2 1 3 3.538204e-14 0.000000e+00
104 137 2.072220e-03 4.134622e-02 1 2 1 3 2.801581e-14 0.000000e+00
104 138 2.072220e-03 5.205181e-02 1 2 1 3 2.131231e-14 0.000000e+00
104 139 2.072220e-03 6.552935e-02 1 2 1 3 1.542868e-14 0.000000e+00
105 120 2.608770e-03 8.249656e-04 1 2 1 3 1.463466e-13 0.000000e+00
105 121 2.608770e-03 1.038570e-03 1 2 1 3 1.473470e-13 0.000000e+00
105 122 2.608770e-03 1.307482e-03 1 2 1 3 1.490978e-13 0.000000e+00
105 123 2.608770e-03 1.646023e-03 1 2 1 3 1.523767e-13 0.000000e+00
105 124 2.608770e-03 2.072220e-03 1 2 1 3 1.592756e-13 0.000000e+00
105 125 2.608770e-03 2.608770e-03 1 2 1 3 1.643740e-13 0.000000e+00
105 126 2.608770e-03 3.284247e-03 1 2 1 3 1.416054e-13 0.000000e+00
105 127 2.608770e-03 4.134622e-03 1 2 1 3 1.213001e-13 0.000000e+00
105 128 2.608770e-03 5.205181e-03 1 2 1 3 1.072883e-13 0.000000e+00
105 129 2.608770e-03 6.552935e-03 1 2 1 3 9.607737e-14 0.000000e+00
105 130 2.608770e-03 8.249656e-03 1 2 1 3 8.622887e-14 0.000000e+00
105 131 2.608770e-03 1.038570e-02 1 2 1 3 7.707870e-14 0.000000e+00
105 132 2.608770e-03 1.307482e-02 1 2 1 3 6.830308e-14 0.000000e+00
105 133 2.608770e-03 1.646023e-02 1 2 1 3 5.975232e-14 0.000000e+00
105 134 2.608770e-03 2.072220e-02 1 2 1 3 5.138231e-14 0.000000e+00
105 135 2.608770e-03 2.608770e-02 1 2 1 3 4.322699e-14 0.000000e+00
105 136 2.608770e-03 3.284247e-02 1 2 1 3 3.538724e-14 0.000000e+00
105 137 2.608770e-03 4.134622e-02 1 2 1 3 2.802042e-14 0.000000e+00
105 138 2.608770e-03 5.205181e-02 1 2 1 3 2.131599e-14 0.000000e+00
105 139 2.608770e-03 6.552935e-02 1 2 1 3 1.543121e-14 0.000000e+00
106 120 3.284247e-03 8.249656e-04 1 2 1 3 1.304122e-13 0.000000e+00
106 121 3.284247e-03 1.038570e-03 1 2 1 3 1.308633e-13 0.000000e+00
106 122 3.284247e-03 1.307482e-03 1 2 1 3 1.316302e-13 0.000000e+00
106 123 3.284247e-03 1.646023e-03 1 2 1 3 1.329971e-13 0.000000e+00
106 124 3.284247e-03 2.072220e-03 1 2 1 3 1.356409e-13 0.000000e+00
106 125 3.284247e-03 2.608770e-03 1 2 1 3 1.416054e-13 0.000000e+00
106 126 3.284247e-03 3.284247e-03 1 2 1 3 1.465628e-13 0.000000e+00
106 127 3.284247e-03 4.134622e-03 1 2 1 3 1.262555e-13 0.000000e+00
106 128 3.284247e-03 5.205181e-03 1 2 1 3 1.087920e-13 0.000000e+00
106 129 3.284247e-03 6.552935e-03 1 2 1 3 9.657261e-14 0.000000e+00
106 130 3.284247e-03 8.249656e-03 1 2 1 3 8.639797e-14 0.000000e+00
106 131 3.284247e-03 1.038570e-02 1 2 1 3 7.713827e-14 0.000000e+00
106 132 3.284247e-03 1.307482e-02 1 2 1 3 6.832629e-14 0.000000e+00
106 133 3.284247e-03 1.646023e-02 1 2 1 3 5.976432e-14 0.000000e+00
106 134 3.284247e-03 2.072220e-02 1 2 1 3 5.139146e-14 0.000000e+00
106 135 3.284247e-03 2.608770e-02 1 2 1 3 4.323559e-14 0.000000e+00
106 136 3.284247e-03 3.284247e-02 1 2 1 3 3.539545e-14 0.000000e+00
106 137 3.284247e-03 4.134622e-02 1 2 1 3 2.802776e-14 0.000000e+00
106 138 3.284247e-03 5.205181e-02 1 2 1 3 2.132182e-14 0.000000e+00
106 139 3.284247e-03 6.552935e-02 1 2 1 3 1.543524e-14 0.000000e+00
107 120 4.134622e-03 8.249656e-04 1 2 1 3 1.171593e-13 0.000000e+00
107 121 4.134622e-03 1.038570e-03 1 2 1 3 1.173556e-13 0.000000e+00
107 122 4.134622e-03 1.307482e-03 1 2 1 3 1.176820e-13 0.000000e+00
107 123 4.134622e-03 1.646023e-03 1 2 1 3 1.182437e-13 0.000000e+00
107 124 4.134622e-03 2.072220e-03 1 2 1 3 1.192623e-13 0.000000e+00
107 125 4.134622e-03 2.608770e-03 1 2 1 3 1.213001e-13 0.000000e+00
107 126 4.134622e-03 3.284247e-03 1 2 1 3 1.262555e-13 0.000000e+00
107 127 4.134622e-03 4.134622e-03 1 2 1 3 1.307984e-13 0.000000e+00
107 128 4.134622e-03 5.205181e-03 1 2 1 3 1.127553e-13 0.000000e+00
107 129 4.134622e-03 6.552935e-03 1 2 1 3 9.763651e-14 0.000000e+00
107 130 4.134622e-03 8.249656e-03 1 2 1 3 8.672299e-14 0.000000e+00
107 131 4.134622e-03 1.038570e-02 1 2 1 3 7.724503e-14 0.000000e+00
107 132 4.134622e-03 1.307482e-02 1 2 1 3 6.836582e-14 0.000000e+00
107 133 4.134622e-03 1.646023e-02 1 2 1 3 5.978396e-14 0.000000e+00
107 134 4.134622e-03 2.072220e-02 1 2 1 3 5.140605e-14 0.000000e+00
107 135 4.134622e-03 2.608770e-02 1 2 1 3 4.324920e-14 0.000000e+00
107 136 4.134622e-03 3.284247e-02 1 2 1 3 3.540844e-14 0.000000e+00
107 137 4.134622e-03 4.134622e-02 1 2 1 3 2.803944e-14 0.000000e+00
107 138 4.134622e-03 5.205181e-02 1 2 1 3 2.133103e-14 0.000000e+00
107 139 4.134622e-03 6.552935e-02 1 2 1 3 1.544162e-14 0.000000e+00
108 120 5.205181e-03 8.249656e-04 1 2 1 3 1.057269e-13 0.000000e+00
108 121 5.205181e-03 1.038570e-03 1 2 1 3 1.058092e-13 0.000000e+00
108 122 5.205181e-03 1.307482e-03 1 2 1 3 1.059438e-13 0.000000e+00
108 123 5.205181e-03 1.646023e-03 1 2 1 3 1.061699e-13 0.000000e+00
108 124 5.205181e-03 2.072220e-03 1 2 1 3 1.065625e-13 0.000000e+00
108 125 5.205181e-03 2.608770e-03 1 2 1 3 1.072883e-13 0.000000e+00
108 126 5.205181e-03 3.284247e-03 1 2 1 3 1.087920e-13 0.000000e+00
108 127 5.205181e-03 4.134622e-03 1 2 1 3 1.127553e-13 0.000000e+00
108 128 5.205181e-03 5.205181e-03 1 2 1 3 1.166958e-13 0.000000e+00
108 129 5.205181e-03 6.552935e-03 1 2 1 3 1.006936e-13 0.000000e+00
108 130 5.205181e-03 8.249656e-03 1 2 1 3 8.744731e-14 0.000000e+00
108 131 5.205181e-03 1.038570e-02 1 2 1 3 7.745344e-14 0.000000e+00
108 132 5.205181e-03 1.307482e-02 1 2 1 3 6.843636e-14 0.000000e+00
108 133 5.205181e-03 1.646023e-02 1 2 1 3 5.981663e-14 0.000000e+00
108 134 5.205181e-03 2.072220e-02 1 2 1 3 5.142946e-14 0.000000e+00
108 135 5.205181e-03 2.608770e-02 1 2 1 3 4.327080e-14 0.000000e+00
108 136 5.205181e-03 3.284247e-02 1 2 1 3 3.542904e-14 0.000000e+00
108 137 5.205181e-03 4.134622e-02 1 2 1 3 2.805789e-14 0.000000e+00
108 138 5.205181e-03 5.205181e-02 1 2 1 3 2.134562e-14 0.000000e+00
108 139 5.205181e-03 6.552935e-02 1 2 1 3 1.545176e-14 0.000000e+00
109 120 6.552935e-03 8.249656e-04 1 2 1 3 9.548966e-14 0.000000e+00
109 121 6.552935e-03 1.038570e-03 1 2 1 3 9.552294e-14 0.000000e+00
109 122 6.552935e-03 1.307482e-03 1 2 1 3 9.557653e-14 0.000000e+00
109 123 6.552935e-03 1.646023e-03 1 2 1 3 9.566515e-14 0.000000e+00
109 124 6.552935e-03 2.072220e-03 1 2 1 3 9.581461e-14 0.000000e+00
109 125 6.552935e-03 2.608770e-03 1 2 1 3 9.607737e-14 0.000000e+00
109 126 6.552935e-03 3.284247e-03 1 2 1 3 9.657261e-14 0.000000e+00
109 127 6.552935e-03 4.134622e-03 1 2 1 3 9.763651e-14 0.000000e+00
109 128 6.552935e-03 5.205181e-03 1 2 1 3 1.006936e-13 0.000000e+00
109 129 6.552935e-03 6.552935e-03 1 2 1 3 1.039280e-13 0.000000e+00
109 130 6.552935e-03 8.249656e-03 1 2 1 3 8.972730e-14 0.000000e+00
109 131 6.552935e-03 1.038570e-02 1 2 1 3 7.793297e-14 0.000000e+00
109 132 6.552935e-03 1.307482e-02 1 2 1 3 6.857373e-14 0.000000e+00
109 133 6.552935e-03 1.646023e-02 1 2 1 3 5.987314e-14 0.000000e+00
109 134 6.552935e-03 2.072220e-02 1 2 1 3 5.146732e-14 0.000000e+00
109 135 6.552935e-03 2.608770e-02 1 2 1 3 4.330505e-14 0.000000e+00
109 136 6.552935e-03 3.284247e-02 1 2 1 3 3.546161e-14 0.000000e+00
109 137 6.552935e-03 4.134622e-02 1 2 1 3 2.808707e-14 0.000000e+00
109 138 6.552935e-03 5.205181e-02 1 2 1 3 2.136874e-14 0.000000e+00
109 139 6.552935e-03 6.552935e-02 1 2 1 3 1.546782e-14 0.000000e+00
110 120 8.249656e-03 8.249656e-04 1 2 1 3 8.601009e-14 0.000000e+00
110 121 8.249656e-03 1.038570e-03 1 2 1 3 8.602319e-14 0.000000e+00
110 122 8.249656e-03 1.307482e-03 1 2 1 3 8.604385e-14 0.000000e+00
110 123 8.249656e-03 1.646023e-03 1 2 1 3 8.607777e-14 0.000000e+00
110 124 8.249656e-03 2.072220e-03 1 2 1 3 8.613376e-14 0.000000e+00
110 125 8.249656e-03 2.608770e-03 1 2 1 3 8.622887e-14 0.000000e+00
110 126 8.249656e-03 3.284247e-03 1 2 1 3 8.639797e-14 0.000000e+00
110 127 8.249656e-03 4.134622e-03 1 2 1 3 8.672299e-14 0.000000e+00
110 128 8.249656e-03 5.205181e-03 1 2 1 3 8.744731e-14 0.000000e+00
110 129 8.249656e-03 6.552935e-03 1 2 1 3 8.972730e-14 0.000000e+00
110 130 8.249656e-03 8.249656e-03 1 2 1 3 9.222770e-14 0.000000e+00
110 131 8.249656e-03 1.038570e-02 1 2 1 3 7.958591e-14 0.000000e+00
110 132 8.249656e-03 1.307482e-02 1 2 1 3 6.889270e-14 0.000000e+00
110 133 8.249656e-03 1.646023e-02 1 2 1 3 5.997832e-14 0.000000e+00
110 134 8.249656e-03 2.072220e-02 1 2 1 3 5.152972e-14 0.000000e+00
110 135 8.249656e-03 2.608770e-02 1 2 1 3 4.335951e-14 0.000000e+00
110 136 8.249656e-03 3.284247e-02 1 2 1 3 3.551312e-14 0.000000e+00
110 137 8.249656e-03 4.134622e-02 1 2 1 3 2.813320e-14 0.000000e+00
110 138 8.249656e-03 5.205181e-02 1 2 1 3 2.140532e-14 0.000000e+00
110 139 8.249656e-03 6.552935e-02 1 2 1 3 1.549332e-14 0.000000e+00
111 120 1.038570e-02 8.249656e-04 1 2 1 3 7.699671e-14 0.000000e+00
111 121 1.038570e-02 1.038570e-03 1 2 1 3 7.700198e-14 0.000000e+00
111 122 1.038570e-02 1.307482e-03 1 2 1 3 7.700983e-14 0.000000e+00
111 123 1.038570e-02 1.646023e-03 1 2 1 3 7.702283e-14 0.000000e+00
111 124 1.038570e-02 2.072220e-03 1 2 1 3 7.704383e-14 0.000000e+00
111 125 1.038570e-02 2.608770e-03 1 2 1 3 7.707870e-14 0.000000e+00
111 126 1.038570e-02 3.284247e-03 1 2 1 3 7.713827e-14 0.000000e+00
111 127 1.038570e-02 4.134622e-03 1 2 1 3 7.724503e-14 0.000000e+00
111 128 1.038570e-02 5.205181e-03 1 2 1 3 7.745344e-14 0.000000e+00
111 129 1.038570e-02 6.552935e-03 1 2 1 3 7.793297e-14 0.000000e+00
111 130 1.038570e-02 8.249656e-03 1 2 1 3 7.958591e-14 0.000000e+00
111 131 1.038570e-02 1.038570e-02 1 2 1 3 8.138645e-14 0.000000e+00
111 132 1.038570e-02 1.307482e-02 1 2 1 3 7.007260e-14 0.000000e+00
111 133 1.038570e-02 1.646023e-02 1 2 1 3 6.020993e-14 0.000000e+00
111 134 1.038570e-02 2.072220e-02 1 2 1 3 5.163709e-14 0.000000e+00
111 135 1.038570e-02 2.608770e-02 1 2 1 3 4.344649e-14 0.000000e+00
111 136 1.038570e-02 3.284247e-02 1 2 1 3 3.559441e-14 0.000000e+00
111 137 1.038570e-02 4.134622e-02 1 2 1 3 2.820598e-14 0.000000e+00
111 138 1.038570e-02 5.205181e-02 1 2 1 3 2.146322e-14 0.000000e+00
111 139 1.038570e-02 6.552935e-02 1 2 1 3 1.553386e-14 0.000000e+00
112 120 1.307482e-02 8.249656e-04 1 2 1 3 6.826941e-14 0.000000e+00
112 121 1.307482e-02 1.038570e-03 1 2 1 3 6.827175e-14 0.000000e+00
112 122 1.307482e-02 1.307482e-03 1 2 1 3 6.827492e-14 0.000000e+00
112 123 1.307482e-02 1.646023e-03 1 2 1 3 6.828043e-14 0.000000e+00
112 124 1.307482e-02 2.072220e-03 1 2 1 3 6.828902e-14 0.000000e+00
112 125 1.307482e-02 2.608770e-03 1 2 1 3 6.830308e-14 0.000000e+00
112 126 1.307482e-02 3.284247e-03 1 2 1 3 6.832629e-14 0.000000e+00
112 127 1.307482e-02 4.134622e-03 1 2 1 3 6.836582e-14 0.000000e+00
112 128 1.307482e-02 5.205181e-03 1 2 1 3 6.843636e-14 0.000000e+00
112 129 1.307482e-02 6.552935e-03 1 2 1 3 6.857373e-14 0.000000e+00
112 130 1.307482e-02 8.249656e-03 1 2 1 3 6.889270e-14 0.000000e+00
112 131 1.307482e-02 1.038570e-02 1 2 1 3 7.007260e-14 0.000000e+00
112 132 1.307482e-02 1.307482e-02 1 2 1 3 7.125571e-14 0.000000e+00
112 133 1.307482e-02 1.646023e-02 1 2 1 3 6.106470e-14 0.000000e+00
112 134 1.307482e-02 2.072220e-02 1 2 1 3 5.184551e-14 0.000000e+00
112 135 1.307482e-02 2.608770e-02 1 2 1 3 4.358753e-14 0.000000e+00
112 136 1.307482e-02 3.284247e-02 1 2 1 3 3.572260e-14 0.000000e+00
112 137 1.307482e-02 4.134622e-02 1 2 1 3 2.832053e-14 0.000000e+00
112 138 1.307482e-02 5.205181e-02 1 2 1 3 2.155471e-14 0.000000e+00
112 139 1.307482e-02 6.552935e-02 1 2 1 3 1.559834e-14 0.000000e+00
113 120 1.646023e-02 8.249656e-04 1 2 1 3 5.973410e-14 0.000000e+00
113 121 1.646023e-02 1.038570e-03 1 2 1 3 5.973550e-14 0.000000e+00
113 122 1.646023e-02 1.307482e-03 1 2 1 3 5.973722e-14 0.000000e+00
113 123 1.646023e-02 1.646023e-03 1 2 1 3 5.974024e-14 0.000000e+00
113 124 1.646023e-02 2.072220e-03 1 2 1 3 5.974485e-14 0.000000e+00
113 125 1.646023e-02 2.608770e-03 1 2 1 3 5.975232e-14 0.000000e+00
113 126 1.646023e-02 3.284247e-03 1 2 1 3 5.976432e-14 0.000000e+00
113 127 1.646023e-02 4.134622e-03 1 2 1 3 5.978396e-14 0.000000e+00
113 128 1.646023e-02 5.205181e-03 1 2 1 3 5.981663e-14 0.000000e+00
113 129 1.646023e-02 6.552935e-03 1 2 1 3 5.987314e-14 0.000000e+00
113 130 1.646023e-02 8.249656e-03 1 2 1 3 5.997832e-14 0.000000e+00
113 131 1.646023e-02 1.038570e-02 1 2 1 3 6.020993e-14 0.000000e+00
113 132 1.646023e-02 1.307482e-02 1 2 1 3 6.106470e-14 0.000000e+00
113 133 1.646023e-02 1.646023e-02 1 2 1 3 6.174758e-14 0.000000e+00
113 134 1.646023e-02 2.072220e-02 1 2 1 3 5.251205e-14 0.000000e+00
113 135 1.646023e-02 2.608770e-02 1 2 1 3 4.382979e-14 0.000000e+00
113 136 1.646023e-02 3.284247e-02 1 2 1 3 3.592489e-14 0.000000e+00
113 137 1.646023e-02 4.134622e-02 1 2 1 3 2.850014e-14 0.000000e+00
113 138 1.646023e-02 5.205181e-02 1 2 1 3 2.169912e-14 0.000000e+00
113 139 1.646023e-02 6.552935e-02 1 2 1 3 1.570111e-14 0.000000e+00
114 120 2.072220e-02 8.249656e-04 1 2 1 3 5.136815e-14 0.000000e+00
114 121 2.072220e-02 1.038570e-03 1 2 1 3 5.136930e-14 0.000000e+00
114 122 2.072220e-02 1.307482e-03 1 2 1 3 5.137054e-14 0.000000e+00
114 123 2.072220e-02 1.646023e-03 1 2 1 3 5.137292e-14 0.000000e+00
114 124 2.072220e-02 2.072220e-03 1 2 1 3 5.137656e-14 0.000000e+00
114 125 2.072220e-02 2.608770e-03 1 2 1 3 5.138231e-14 0.000000e+00
114 126 2.072220e-02 3.284247e-03 1 2 1 3 5.139146e-14 0.000000e+00
114 127 2.072220e-02 4.134622e-03 1 2 1 3 5.140605e-14 0.000000e+00
114 128 2.072220e-02 5.205181e-03 1 2 1 3 5.142946e-14 0.000000e+00
114 129 2.072220e-02 6.552935e-03 1 2 1 3 5.146732e-14 0.000000e+00
114 130 2.072220e-02 8.249656e-03 1 2 1 3 5.152972e-14 0.000000e+00
114 131 2.072220e-02 1.038570e-02 1 2 1 3 5.163709e-14 0.000000e+00
114 132 2.072220e-02 1.307482e-02 1 2 1 3 5.184551e-14 0.000000e+00
114 133 2.072220e-02 1.646023e-02 1 2 1 3 5.251205e-14 0.000000e+00
114 134 2.072220e-02 2.072220e-02 1 2 1 3 5.283439e-14 0.000000e+00
114 135 2.072220e-02 2.608770e-02 1 2 1 3 4.443134e-14 0.000000e+00
114 136 2.072220e-02 3.284247e-02 1 2 1 3 3.624945e-14 0.000000e+00
114 137 2.072220e-02 4.134622e-02 1 2 1 3 2.878047e-14 0.000000e+00
114 138 2.072220e-02 5.205181e-02 1 2 1 3 2.192647e-14 0.000000e+00
114 139 2.072220e-02 6.552935e-02 1 2 1 3 1.586518e-14 0.000000e+00
115 120 2.608770e-02 8.249656e-04 1 2 1 3 4.321354e-14 0.000000e+00
115 121 2.608770e-02 1.038570e-03 1 2 1 3 4.321463e-14 0.000000e+00
115 122 2.608770e-02 1.307482e-03 1 2 1 3 4.321586e-14 0.000000e+00
115 123 2.608770e-02 1.646023e-03 1 2 1 3 4.321819e-14 0.000000e+00
115 124 2.608770e-02 2.072220e-03 1 2 1 3 4.322159e-14 0.000000e+00
115 125 2.608770e-02 2.608770e-03 1 2 1 3 4.322699e-14 0.000000e+00
115 126 2.608770e-02 3.284247e-03 1 2 1 3 4.323559e-14 0.000000e+00
115 127 2.608770e-02 4.134622e-03 1 2 1 3 4.324920e-14 0.000000e+00
115 128 2.608770e-02 5.205181e-03 1 2 1 3 4.327080e-14 0.000000e+00
115 129 2.608770e-02 6.552935e-03 1 2 1 3 4.330505e-14 0.000000e+00
115 130 2.608770e-02 8.249656e-03 1 2 1 3 4.335951e-14 0.000000e+00
115 131 2.608770e-02 1.038570e-02 1 2 1 3 4.344649e-14 0.000000e+00
115 132 2.608770e-02 1.307482e-02 1 2 1 3 4.358753e-14 0.000000e+00
115 133 2.608770e-02 1.646023e-02 1 2 1 3 4.382979e-14 0.000000e+00
115 134 2.608770e-02 2.072220e-02 1 2 1 3 4.443134e-14 0.000000e+00
115 135 2.608770e-02 2.608770e-02 1 2 1 3 4.454267e-14 0.000000e+00
115 136 2.608770e-02 3.284247e-02 1 2 1 3 3.688964e-14 0.000000e+00
115 137 2.608770e-02 4.134622e-02 1 2 1 3 2.921756e-14 0.000000e+00
115 138 2.608770e-02 5.205181e-02 1 2 1 3 2.228310e-14 0.000000e+00
115 139 2.608770e-02 6.552935e-02 1 2 1 3 1.612749e-14 0.000000e+00
116 120 3.284247e-02 8.249656e-04 1 2 1 3 3.537438e-14 0.000000e+00
116 121 3.284247e-02 1.038570e-03 1 2 1 3 3.537544e-14 0.000000e+00
116 122 3.284247e-02 1.307482e-03 1 2 1 3 3.537659e-14 0.000000e+00
116 123 3.284247e-02 1.646023e-03 1 2 1 3 3.537878e-14 0.000000e+00
116 124 3.284247e-02 2.072220e-03 1 2 1 3 3.538204e-14 0.000000e+00
116 125 3.284247e-02 2.608770e-03 1 2 1 3 3.538724e-14 0.000000e+00
116 126 3.284247e-02 3.284247e-03 1 2 1 3 3.539545e-14 0.000000e+00
116 127 3.284247e-02 4.134622e-03 1 2 1 3 3.540844e-14 0.000000e+00
116 128 3.284247e-02 5.205181e-03 1 2 1 3 3.542904e-14 0.000000e+00
116 129 3.284247e-02 6.552935e-03 1 2 1 3 3.546161e-14 0.000000e+00
116 130 3.284247e-02 8.249656e-03 1 2 1 3 3.551312e-14 0.000000e+00
116 131 3.284247e-02 1.038570e-02 1 2 1 3 3.559441e-14 0.000000e+00
116 132 3.284247e-02 1.307482e-02 1 2 1 3 3.572260e-14 0.000000e+00
116 133 3.284247e-02 1.646023e-02 1 2 1 3 3.592489e-14 0.000000e+00
116 134 3.284247e-02 2.072220e-02 1 2 1 3 3.624945e-14 0.000000e+00
116 135 3.284247e-02 2.608770e-02 1 2 1 3 3.688964e-14 0.000000e+00
116 136 3.284247e-02 3.284247e-02 1 2 1 3 3.693017e-14 0.000000e+00
116 137 3.284247e-02 4.134622e-02 1 2 1 3 2.996853e-14 0.000000e+00
116 138 3.284247e-02 5.205181e-02 1 2 1 3 2.283985e-14 0.000000e+00
116 139 3.284247e-02 6.552935e-02 1 2 1 3 1.654677e-14 0.000000e+00
117 120 4.134622e-02 8.249656e-04 1 2 1 3 2.800885e-14 0.000000e+00
117 121 4.134622e-02 1.038570e-03 1 2 1 3 2.800984e-14 0.000000e+00
117 122 4.134622e-02 1.307482e-03 1 2 1 3 2.801090e-14 0.000000e+00
117 123 4.134622e-02 1.646023e-03 1 2 1 3 2.801289e-14 0.000000e+00
117 124 4.134622e-02 2.072220e-03 1 2 1 3 2.801581e-14 0.000000e+00
117 125 4.134622e-02 2.608770e-03 1 2 1 3 2.802042e-14 0.000000e+00
117 126 4.134622e-02 3.284247e-03 1 2 1 3 2.802776e-14 0.000000e+00
117 127 4.134622e-02 4.134622e-03 1 2 1 3 2.803944e-14 0.000000e+00
117 128 4.134622e-02 5.205181e-03 1 2 1 3 2.805789e-14 0.000000e+00
117 129 4.134622e-02 6.552935e-03 1 2 1 3 2.808707e-14 0.000000e+00
117 130 4.134622e-02 8.249656e-03 1 2 1 3 2.813320e-14 0.000000e+00
117 131 4.134622e-02 1.038570e-02 1 2 1 3 2.820598e-14 0.000000e+00
117 132 4.134622e-02 1.307482e-02 1 2 1 3 2.832053e-14 0.000000e+00
117 133 4.134622e-02 1.646023e-02 1 2 1 3 2.850014e-14 0.000000e+00
117 134 4.134622e-02 2.072220e-02 1 2 1 3 2.878047e-14 0.000000e+00
117 135 4.134622e-02 2.608770e-02 1 2 1 3 2.921756e-14 0.000000e+00
117 136 4.134622e-02 3.284247e-02 1 2 1 3 2.996853e-14 0.000000e+00
117 137 4.134622e-02 4.134622e-02 1 2 1 3 3.005326e-14 0.000000e+00
117 138 4.134622e-02 5.205181e-02 1 2 1 3 2.374391e-14 0.000000e+00
117 139 4.134622e-02 6.552935e-02 1 2 1 3 1.721436e-14 0.000000e+00
118 120 5.205181e-02 8.249656e-04 1 2 1 3 2.130686e-14 0.000000e+00
118 121 5.205181e-02 1.038570e-03 1 2 1 3 2.130766e-14 0.000000e+00
118 122 5.205181e-02 1.307482e-03 1 2 1 3 2.130845e-14 0.000000e+00
118 123 5.205181e-02 1.646023e-03 1 2 1 3 2.131002e-14 0.000000e+00
118 124 5.205181e-02 2.072220e-03 1 2 1 3 2.131231e-14 0.000000e+00
118 125 5.205181e-02 2.608770e-03 1 2 1 3 2.131599e-14 0.000000e+00
118 126 5.205181e-02 3.284247e-03 1 2 1 3 2.132182e-14 0.000000e+00
118 127 5.205181e-02 4.134622e-03 1 2 1 3 2.133103e-14 0.000000e+00
118 128 5.205181e-02 5.205181e-03 1 2 1 3 2.134562e-14 0.000000e+00
118 129 5.205181e-02 6.552935e-03 1 2 1 3 2.136874e-14 0.000000e+00
118 130 5.205181e-02 8.249656e-03 1 2 1 3 2.140532e-14 0.000000e+00
118 131 5.205181e-02 1.038570e-02 1 2 1 3 2.146322e-14 0.000000e+00
118 132 5.205181e-02 1.307482e-02 1 2 1 3 2.155471e-14 0.000000e+00
118 133 5.205181e-02 1.646023e-02 1 2 1 3 2.169912e-14 0.000000e+00
118 134 5.205181e-02 2.072220e-02 1 2 1 3 2.192647e-14 0.000000e+00
118 135 5.205181e-02 2.608770e-02 1 2 1 3 2.228310e-14 0.000000e+00
118 136 5.205181e-02 3.284247e-02 1 2 1 3 2.283985e-14 0.000000e+00
118 137 5.205181e-02 4.134622e-02 1 2 1 3 2.374391e-14 0.000000e+00
118 138 5.205181e-02 5.205181e-02 1 2 1 3 2.396522e-14 0.000000e+00
118 139 5.205181e-02 6.552935e-02 1 2 1 3 1.828962e-14 0.000000e+00
119 120 6.552935e-02 8.249656e-04 1 2 1 3 1.542481e-14 0.000000e+00
119 121 6.552935e-02 1.038570e-03 1 2 1 3 1.542544e-14 0.000000e+00
119 122 6.552935e-02 1.307482e-03 1 2 1 3 1.542596e-14 0.000000e+00
119 123 6.552935e-02 1.646023e-03 1 2 1 3 1.542709e-14 0.000000e+00
119 124 6.552935e-02 2.072220e-03 1 2 1 3 1.542868e-14 0.000000e+00
119 125 6.552935e-02 2.608770e-03 1 2 1 3 1.543121e-14 0.000000e+00
119 126 6.552935e-02 3.284247e-03 1 2 1 3 1.543524e-14 0.000000e+00
119 127 6.552935e-02 4.134622e-03 1 2 1 3 1.544162e-14 0.000000e+00
119 128 6.552935e-02 5.205181e-03 1 2 1 3 1.545176e-14 0.000000e+00
119 129 6.552935e-02 6.552935e-03 1 2 1 3 1.546782e-14 0.000000e+00
119 130 6.552935e-02 8.249656e-03 1 2 1 3 1.549332e-14 0.000000e+00
119 131 6.552935e-02 1.038570e-02 1 2 1 3 1.553386e-14 0.000000e+00
119 132 6.552935e-02 1.307482e-02 1 2 1 3 1.559834e-14 0.000000e+00
119 133 6.552935e-02 1.646023e-02 1 2 1 3 1.570111e-14 0.000000e+00
119 134 6.552935e-02 2.072220e-02 1 2 1 3 1.586518e-14 0.000000e+00
119 135 6.552935e-02 2.608770e-02 1 2 1 3 1.612749e-14 0.000000e+00
119 136 6.552935e-02 3.284247e-02 1 2 1 3 1.654677e-14 0.000000e+00
119 137 6.552935e-02 4.134622e-02 1 2 1 3 1.721436e-14 0.000000e+00
119 138 6.552935e-02 5.205181e-02 1 2 1 3 1.828962e-14 0.000000e+00
119 139 6.552935e-02 6.552935e-02 1 2 1 3 1.871528e-14 0.000000e+00
