# Please cite the following papers in research using this covariance:
# arXiv: 1601.05779, https://arxiv.org/abs/1601.05779
# arXiv: 1911.11947, https://arxiv.org/abs/1911.11947
# arXiv: 2004.04833, https://arxiv.org/abs/2004.04833
########################################################
0 100 8.249656e-04 8.249656e-04 0 0 1 2 2.318455e-14 0.000000e+00
0 101 8.249656e-04 1.038570e-03 0 0 1 2 2.298571e-14 0.000000e+00
0 102 8.249656e-04 1.307482e-03 0 0 1 2 2.269724e-14 0.000000e+00
0 103 8.249656e-04 1.646023e-03 0 0 1 2 2.231648e-14 0.000000e+00
0 104 8.249656e-04 2.072220e-03 0 0 1 2 2.184835e-14 0.000000e+00
0 105 8.249656e-04 2.608770e-03 0 0 1 2 2.130339e-14 0.000000e+00
0 106 8.249656e-04 3.284247e-03 0 0 1 2 2.069410e-14 0.000000e+00
0 107 8.249656e-04 4.134622e-03 0 0 1 2 2.003102e-14 0.000000e+00
0 108 8.249656e-04 5.205181e-03 0 0 1 2 1.931911e-14 0.000000e+00
0 109 8.249656e-04 6.552935e-03 0 0 1 2 1.855560e-14 0.000000e+00
0 110 8.249656e-04 8.249656e-03 0 0 1 2 1.772977e-14 0.000000e+00
0 111 8.249656e-04 1.038570e-02 0 0 1 2 1.682469e-14 0.000000e+00
0 112 8.249656e-04 1.307482e-02 0 0 1 2 1.582039e-14 0.000000e+00
0 113 8.249656e-04 1.646023e-02 0 0 1 2 1.469801e-14 0.000000e+00
0 114 8.249656e-04 2.072220e-02 0 0 1 2 1.344449e-14 0.000000e+00
0 115 8.249656e-04 2.608770e-02 0 0 1 2 1.205756e-14 0.000000e+00
0 116 8.249656e-04 3.284247e-02 0 0 1 2 1.055086e-14 0.000000e+00
0 117 8.249656e-04 4.134622e-02 0 0 1 2 8.957795e-15 0.000000e+00
0 118 8.249656e-04 5.205181e-02 0 0 1 2 7.332906e-15 0.000000e+00
0 119 8.249656e-04 6.552935e-02 0 0 1 2 5.747122e-15 0.000000e+00
1 100 1.038570e-03 8.249656e-04 0 0 1 2 2.298571e-14 0.000000e+00
1 101 1.038570e-03 1.038570e-03 0 0 1 2 2.283952e-14 0.000000e+00
1 102 1.038570e-03 1.307482e-03 0 0 1 2 2.260201e-14 0.000000e+00
1 103 1.038570e-03 1.646023e-03 0 0 1 2 2.225934e-14 0.000000e+00
1 104 1.038570e-03 2.072220e-03 0 0 1 2 2.181638e-14 0.000000e+00
1 105 1.038570e-03 2.608770e-03 0 0 1 2 2.128638e-14 0.000000e+00
1 106 1.038570e-03 3.284247e-03 0 0 1 2 2.068509e-14 0.000000e+00
1 107 1.038570e-03 4.134622e-03 0 0 1 2 2.002586e-14 0.000000e+00
1 108 1.038570e-03 5.205181e-03 0 0 1 2 1.931567e-14 0.000000e+00
1 109 1.038570e-03 6.552935e-03 0 0 1 2 1.855298e-14 0.000000e+00
1 110 1.038570e-03 8.249656e-03 0 0 1 2 1.772768e-14 0.000000e+00
1 111 1.038570e-03 1.038570e-02 0 0 1 2 1.682305e-14 0.000000e+00
1 112 1.038570e-03 1.307482e-02 0 0 1 2 1.581917e-14 0.000000e+00
1 113 1.038570e-03 1.646023e-02 0 0 1 2 1.469718e-14 0.000000e+00
1 114 1.038570e-03 2.072220e-02 0 0 1 2 1.344399e-14 0.000000e+00
1 115 1.038570e-03 2.608770e-02 0 0 1 2 1.205732e-14 0.000000e+00
1 116 1.038570e-03 3.284247e-02 0 0 1 2 1.055080e-14 0.000000e+00
1 117 1.038570e-03 4.134622e-02 0 0 1 2 8.957853e-15 0.000000e+00
1 118 1.038570e-03 5.205181e-02 0 0 1 2 7.333028e-15 0.000000e+00
1 119 1.038570e-03 6.552935e-02 0 0 1 2 5.747267e-15 0.000000e+00
2 100 1.307482e-03 8.249656e-04 0 0 1 2 2.269724e-14 0.000000e+00
2 101 1.307482e-03 1.038570e-03 0 0 1 2 2.260201e-14 0.000000e+00
2 102 1.307482e-03 1.307482e-03 0 0 1 2 2.243600e-14 0.000000e+00
2 103 1.307482e-03 1.646023e-03 0 0 1 2 2.215913e-14 0.000000e+00
2 104 1.307482e-03 2.072220e-03 0 0 1 2 2.176080e-14 0.000000e+00
2 105 1.307482e-03 2.608770e-03 0 0 1 2 2.125720e-14 0.000000e+00
2 106 1.307482e-03 3.284247e-03 0 0 1 2 2.066985e-14 0.000000e+00
2 107 1.307482e-03 4.134622e-03 0 0 1 2 2.001722e-14 0.000000e+00
2 108 1.307482e-03 5.205181e-03 0 0 1 2 1.930995e-14 0.000000e+00
2 109 1.307482e-03 6.552935e-03 0 0 1 2 1.854861e-14 0.000000e+00
2 110 1.307482e-03 8.249656e-03 0 0 1 2 1.772414e-14 0.000000e+00
2 111 1.307482e-03 1.038570e-02 0 0 1 2 1.682023e-14 0.000000e+00
2 112 1.307482e-03 1.307482e-02 0 0 1 2 1.581703e-14 0.000000e+00
2 113 1.307482e-03 1.646023e-02 0 0 1 2 1.469566e-14 0.000000e+00
2 114 1.307482e-03 2.072220e-02 0 0 1 2 1.344299e-14 0.000000e+00
2 115 1.307482e-03 2.608770e-02 0 0 1 2 1.205673e-14 0.000000e+00
2 116 1.307482e-03 3.284247e-02 0 0 1 2 1.055050e-14 0.000000e+00
2 117 1.307482e-03 4.134622e-02 0 0 1 2 8.957743e-15 0.000000e+00
2 118 1.307482e-03 5.205181e-02 0 0 1 2 7.333022e-15 0.000000e+00
2 119 1.307482e-03 6.552935e-02 0 0 1 2 5.747304e-15 0.000000e+00
3 100 1.646023e-03 8.249656e-04 0 0 1 2 2.231648e-14 0.000000e+00
3 101 1.646023e-03 1.038570e-03 0 0 1 2 2.225934e-14 0.000000e+00
3 102 1.646023e-03 1.307482e-03 0 0 1 2 2.215913e-14 0.000000e+00
3 103 1.646023e-03 1.646023e-03 0 0 1 2 2.197636e-14 0.000000e+00
3 104 1.646023e-03 2.072220e-03 0 0 1 2 2.165967e-14 0.000000e+00
3 105 1.646023e-03 2.608770e-03 0 0 1 2 2.120543e-14 0.000000e+00
3 106 1.646023e-03 3.284247e-03 0 0 1 2 2.064374e-14 0.000000e+00
3 107 1.646023e-03 4.134622e-03 0 0 1 2 2.000302e-14 0.000000e+00
3 108 1.646023e-03 5.205181e-03 0 0 1 2 1.930084e-14 0.000000e+00
3 109 1.646023e-03 6.552935e-03 0 0 1 2 1.854179e-14 0.000000e+00
3 110 1.646023e-03 8.249656e-03 0 0 1 2 1.771868e-14 0.000000e+00
3 111 1.646023e-03 1.038570e-02 0 0 1 2 1.681590e-14 0.000000e+00
3 112 1.646023e-03 1.307482e-02 0 0 1 2 1.581378e-14 0.000000e+00
3 113 1.646023e-03 1.646023e-02 0 0 1 2 1.469339e-14 0.000000e+00
3 114 1.646023e-03 2.072220e-02 0 0 1 2 1.344154e-14 0.000000e+00
3 115 1.646023e-03 2.608770e-02 0 0 1 2 1.205592e-14 0.000000e+00
3 116 1.646023e-03 3.284247e-02 0 0 1 2 1.055015e-14 0.000000e+00
3 117 1.646023e-03 4.134622e-02 0 0 1 2 8.957697e-15 0.000000e+00
3 118 1.646023e-03 5.205181e-02 0 0 1 2 7.333139e-15 0.000000e+00
3 119 1.646023e-03 6.552935e-02 0 0 1 2 5.747482e-15 0.000000e+00
4 100 2.072220e-03 8.249656e-04 0 0 1 2 2.184835e-14 0.000000e+00
4 101 2.072220e-03 1.038570e-03 0 0 1 2 2.181638e-14 0.000000e+00
4 102 2.072220e-03 1.307482e-03 0 0 1 2 2.176080e-14 0.000000e+00
4 103 2.072220e-03 1.646023e-03 0 0 1 2 2.165967e-14 0.000000e+00
4 104 2.072220e-03 2.072220e-03 0 0 1 2 2.146314e-14 0.000000e+00
4 105 2.072220e-03 2.608770e-03 0 0 1 2 2.110639e-14 0.000000e+00
4 106 2.072220e-03 3.284247e-03 0 0 1 2 2.059610e-14 0.000000e+00
4 107 2.072220e-03 4.134622e-03 0 0 1 2 1.997850e-14 0.000000e+00
4 108 2.072220e-03 5.205181e-03 0 0 1 2 1.928583e-14 0.000000e+00
4 109 2.072220e-03 6.552935e-03 0 0 1 2 1.853078e-14 0.000000e+00
4 110 2.072220e-03 8.249656e-03 0 0 1 2 1.770991e-14 0.000000e+00
4 111 2.072220e-03 1.038570e-02 0 0 1 2 1.680895e-14 0.000000e+00
4 112 2.072220e-03 1.307482e-02 0 0 1 2 1.580853e-14 0.000000e+00
4 113 2.072220e-03 1.646023e-02 0 0 1 2 1.468968e-14 0.000000e+00
4 114 2.072220e-03 2.072220e-02 0 0 1 2 1.343914e-14 0.000000e+00
4 115 2.072220e-03 2.608770e-02 0 0 1 2 1.205454e-14 0.000000e+00
4 116 2.072220e-03 3.284247e-02 0 0 1 2 1.054951e-14 0.000000e+00
4 117 2.072220e-03 4.134622e-02 0 0 1 2 8.957530e-15 0.000000e+00
4 118 2.072220e-03 5.205181e-02 0 0 1 2 7.333232e-15 0.000000e+00
4 119 2.072220e-03 6.552935e-02 0 0 1 2 5.747673e-15 0.000000e+00
5 100 2.608770e-03 8.249656e-04 0 0 1 2 2.130339e-14 0.000000e+00
5 101 2.608770e-03 1.038570e-03 0 0 1 2 2.128638e-14 0.000000e+00
5 102 2.608770e-03 1.307482e-03 0 0 1 2 2.125720e-14 0.000000e+00
5 103 2.608770e-03 1.646023e-03 0 0 1 2 2.120543e-14 0.000000e+00
5 104 2.608770e-03 2.072220e-03 0 0 1 2 2.110639e-14 0.000000e+00
5 105 2.608770e-03 2.608770e-03 0 0 1 2 2.089888e-14 0.000000e+00
5 106 2.608770e-03 3.284247e-03 0 0 1 2 2.050083e-14 0.000000e+00
5 107 2.608770e-03 4.134622e-03 0 0 1 2 1.993370e-14 0.000000e+00
5 108 2.608770e-03 5.205181e-03 0 0 1 2 1.926055e-14 0.000000e+00
5 109 2.608770e-03 6.552935e-03 0 0 1 2 1.851305e-14 0.000000e+00
5 110 2.608770e-03 8.249656e-03 0 0 1 2 1.769598e-14 0.000000e+00
5 111 2.608770e-03 1.038570e-02 0 0 1 2 1.679793e-14 0.000000e+00
5 112 2.608770e-03 1.307482e-02 0 0 1 2 1.580020e-14 0.000000e+00
5 113 2.608770e-03 1.646023e-02 0 0 1 2 1.468381e-14 0.000000e+00
5 114 2.608770e-03 2.072220e-02 0 0 1 2 1.343534e-14 0.000000e+00
5 115 2.608770e-03 2.608770e-02 0 0 1 2 1.205237e-14 0.000000e+00
5 116 2.608770e-03 3.284247e-02 0 0 1 2 1.054850e-14 0.000000e+00
5 117 2.608770e-03 4.134622e-02 0 0 1 2 8.957277e-15 0.000000e+00
5 118 2.608770e-03 5.205181e-02 0 0 1 2 7.333391e-15 0.000000e+00
5 119 2.608770e-03 6.552935e-02 0 0 1 2 5.747988e-15 0.000000e+00
6 100 3.284247e-03 8.249656e-04 0 0 1 2 2.069410e-14 0.000000e+00
6 101 3.284247e-03 1.038570e-03 0 0 1 2 2.068509e-14 0.000000e+00
6 102 3.284247e-03 1.307482e-03 0 0 1 2 2.066985e-14 0.000000e+00
6 103 3.284247e-03 1.646023e-03 0 0 1 2 2.064374e-14 0.000000e+00
6 104 3.284247e-03 2.072220e-03 0 0 1 2 2.059610e-14 0.000000e+00
6 105 3.284247e-03 2.608770e-03 0 0 1 2 2.050083e-14 0.000000e+00
6 106 3.284247e-03 3.284247e-03 0 0 1 2 2.028366e-14 0.000000e+00
6 107 3.284247e-03 4.134622e-03 0 0 1 2 1.984157e-14 0.000000e+00
6 108 3.284247e-03 5.205181e-03 0 0 1 2 1.921542e-14 0.000000e+00
6 109 3.284247e-03 6.552935e-03 0 0 1 2 1.848398e-14 0.000000e+00
6 110 3.284247e-03 8.249656e-03 0 0 1 2 1.767376e-14 0.000000e+00
6 111 3.284247e-03 1.038570e-02 0 0 1 2 1.678044e-14 0.000000e+00
6 112 3.284247e-03 1.307482e-02 0 0 1 2 1.578699e-14 0.000000e+00
6 113 3.284247e-03 1.646023e-02 0 0 1 2 1.467448e-14 0.000000e+00
6 114 3.284247e-03 2.072220e-02 0 0 1 2 1.342931e-14 0.000000e+00
6 115 3.284247e-03 2.608770e-02 0 0 1 2 1.204892e-14 0.000000e+00
6 116 3.284247e-03 3.284247e-02 0 0 1 2 1.054690e-14 0.000000e+00
6 117 3.284247e-03 4.134622e-02 0 0 1 2 8.956873e-15 0.000000e+00
6 118 3.284247e-03 5.205181e-02 0 0 1 2 7.333643e-15 0.000000e+00
6 119 3.284247e-03 6.552935e-02 0 0 1 2 5.748488e-15 0.000000e+00
7 100 4.134622e-03 8.249656e-04 0 0 1 2 2.003102e-14 0.000000e+00
7 101 4.134622e-03 1.038570e-03 0 0 1 2 2.002586e-14 0.000000e+00
7 102 4.134622e-03 1.307482e-03 0 0 1 2 2.001722e-14 0.000000e+00
7 103 4.134622e-03 1.646023e-03 0 0 1 2 2.000302e-14 0.000000e+00
7 104 4.134622e-03 2.072220e-03 0 0 1 2 1.997850e-14 0.000000e+00
7 105 4.134622e-03 2.608770e-03 0 0 1 2 1.993370e-14 0.000000e+00
7 106 4.134622e-03 3.284247e-03 0 0 1 2 1.984157e-14 0.000000e+00
7 107 4.134622e-03 4.134622e-03 0 0 1 2 1.961404e-14 0.000000e+00
7 108 4.134622e-03 5.205181e-03 0 0 1 2 1.912339e-14 0.000000e+00
7 109 4.134622e-03 6.552935e-03 0 0 1 2 1.843420e-14 0.000000e+00
7 110 4.134622e-03 8.249656e-03 0 0 1 2 1.763805e-14 0.000000e+00
7 111 4.134622e-03 1.038570e-02 0 0 1 2 1.675267e-14 0.000000e+00
7 112 4.134622e-03 1.307482e-02 0 0 1 2 1.576601e-14 0.000000e+00
7 113 4.134622e-03 1.646023e-02 0 0 1 2 1.465967e-14 0.000000e+00
7 114 4.134622e-03 2.072220e-02 0 0 1 2 1.341972e-14 0.000000e+00
7 115 4.134622e-03 2.608770e-02 0 0 1 2 1.204343e-14 0.000000e+00
7 116 4.134622e-03 3.284247e-02 0 0 1 2 1.054435e-14 0.000000e+00
7 117 4.134622e-03 4.134622e-02 0 0 1 2 8.956228e-15 0.000000e+00
7 118 4.134622e-03 5.205181e-02 0 0 1 2 7.334040e-15 0.000000e+00
7 119 4.134622e-03 6.552935e-02 0 0 1 2 5.749279e-15 0.000000e+00
8 100 5.205181e-03 8.249656e-04 0 0 1 2 1.931911e-14 0.000000e+00
8 101 5.205181e-03 1.038570e-03 0 0 1 2 1.931567e-14 0.000000e+00
8 102 5.205181e-03 1.307482e-03 0 0 1 2 1.930995e-14 0.000000e+00
8 103 5.205181e-03 1.646023e-03 0 0 1 2 1.930084e-14 0.000000e+00
8 104 5.205181e-03 2.072220e-03 0 0 1 2 1.928583e-14 0.000000e+00
8 105 5.205181e-03 2.608770e-03 0 0 1 2 1.926055e-14 0.000000e+00
8 106 5.205181e-03 3.284247e-03 0 0 1 2 1.921542e-14 0.000000e+00
8 107 5.205181e-03 4.134622e-03 0 0 1 2 1.912339e-14 0.000000e+00
8 108 5.205181e-03 5.205181e-03 0 0 1 2 1.888260e-14 0.000000e+00
8 109 5.205181e-03 6.552935e-03 0 0 1 2 1.833728e-14 0.000000e+00
8 110 5.205181e-03 8.249656e-03 0 0 1 2 1.757915e-14 0.000000e+00
8 111 5.205181e-03 1.038570e-02 0 0 1 2 1.670841e-14 0.000000e+00
8 112 5.205181e-03 1.307482e-02 0 0 1 2 1.573266e-14 0.000000e+00
8 113 5.205181e-03 1.646023e-02 0 0 1 2 1.463607e-14 0.000000e+00
8 114 5.205181e-03 2.072220e-02 0 0 1 2 1.340444e-14 0.000000e+00
8 115 5.205181e-03 2.608770e-02 0 0 1 2 1.203468e-14 0.000000e+00
8 116 5.205181e-03 3.284247e-02 0 0 1 2 1.054029e-14 0.000000e+00
8 117 5.205181e-03 4.134622e-02 0 0 1 2 8.955190e-15 0.000000e+00
8 118 5.205181e-03 5.205181e-02 0 0 1 2 7.334660e-15 0.000000e+00
8 119 5.205181e-03 6.552935e-02 0 0 1 2 5.750530e-15 0.000000e+00
9 100 6.552935e-03 8.249656e-04 0 0 1 2 1.855560e-14 0.000000e+00
9 101 6.552935e-03 1.038570e-03 0 0 1 2 1.855298e-14 0.000000e+00
9 102 6.552935e-03 1.307482e-03 0 0 1 2 1.854861e-14 0.000000e+00
9 103 6.552935e-03 1.646023e-03 0 0 1 2 1.854179e-14 0.000000e+00
9 104 6.552935e-03 2.072220e-03 0 0 1 2 1.853078e-14 0.000000e+00
9 105 6.552935e-03 2.608770e-03 0 0 1 2 1.851305e-14 0.000000e+00
9 106 6.552935e-03 3.284247e-03 0 0 1 2 1.848398e-14 0.000000e+00
9 107 6.552935e-03 4.134622e-03 0 0 1 2 1.843420e-14 0.000000e+00
9 108 6.552935e-03 5.205181e-03 0 0 1 2 1.833728e-14 0.000000e+00
9 109 6.552935e-03 6.552935e-03 0 0 1 2 1.807848e-14 0.000000e+00
9 110 6.552935e-03 8.249656e-03 0 0 1 2 1.747144e-14 0.000000e+00
9 111 6.552935e-03 1.038570e-02 0 0 1 2 1.663694e-14 0.000000e+00
9 112 6.552935e-03 1.307482e-02 0 0 1 2 1.567950e-14 0.000000e+00
9 113 6.552935e-03 1.646023e-02 0 0 1 2 1.459841e-14 0.000000e+00
9 114 6.552935e-03 2.072220e-02 0 0 1 2 1.338002e-14 0.000000e+00
9 115 6.552935e-03 2.608770e-02 0 0 1 2 1.202067e-14 0.000000e+00
9 116 6.552935e-03 3.284247e-02 0 0 1 2 1.053376e-14 0.000000e+00
9 117 6.552935e-03 4.134622e-02 0 0 1 2 8.953503e-15 0.000000e+00
9 118 6.552935e-03 5.205181e-02 0 0 1 2 7.335624e-15 0.000000e+00
9 119 6.552935e-03 6.552935e-02 0 0 1 2 5.752505e-15 0.000000e+00
10 100 8.249656e-03 8.249656e-04 0 0 1 2 1.772977e-14 0.000000e+00
10 101 8.249656e-03 1.038570e-03 0 0 1 2 1.772768e-14 0.000000e+00
10 102 8.249656e-03 1.307482e-03 0 0 1 2 1.772414e-14 0.000000e+00
10 103 8.249656e-03 1.646023e-03 0 0 1 2 1.771868e-14 0.000000e+00
10 104 8.249656e-03 2.072220e-03 0 0 1 2 1.770991e-14 0.000000e+00
10 105 8.249656e-03 2.608770e-03 0 0 1 2 1.769598e-14 0.000000e+00
10 106 8.249656e-03 3.284247e-03 0 0 1 2 1.767376e-14 0.000000e+00
10 107 8.249656e-03 4.134622e-03 0 0 1 2 1.763805e-14 0.000000e+00
10 108 8.249656e-03 5.205181e-03 0 0 1 2 1.757915e-14 0.000000e+00
10 109 8.249656e-03 6.552935e-03 0 0 1 2 1.747144e-14 0.000000e+00
10 110 8.249656e-03 8.249656e-03 0 0 1 2 1.718884e-14 0.000000e+00
10 111 8.249656e-03 1.038570e-02 0 0 1 2 1.651310e-14 0.000000e+00
10 112 8.249656e-03 1.307482e-02 0 0 1 2 1.559421e-14 0.000000e+00
10 113 8.249656e-03 1.646023e-02 0 0 1 2 1.453806e-14 0.000000e+00
10 114 8.249656e-03 2.072220e-02 0 0 1 2 1.334077e-14 0.000000e+00
10 115 8.249656e-03 2.608770e-02 0 0 1 2 1.199811e-14 0.000000e+00
10 116 8.249656e-03 3.284247e-02 0 0 1 2 1.052322e-14 0.000000e+00
10 117 8.249656e-03 4.134622e-02 0 0 1 2 8.950727e-15 0.000000e+00
10 118 8.249656e-03 5.205181e-02 0 0 1 2 7.337102e-15 0.000000e+00
10 119 8.249656e-03 6.552935e-02 0 0 1 2 5.755615e-15 0.000000e+00
11 100 1.038570e-02 8.249656e-04 0 0 1 2 1.682469e-14 0.000000e+00
11 101 1.038570e-02 1.038570e-03 0 0 1 2 1.682305e-14 0.000000e+00
11 102 1.038570e-02 1.307482e-03 0 0 1 2 1.682023e-14 0.000000e+00
11 103 1.038570e-02 1.646023e-03 0 0 1 2 1.681590e-14 0.000000e+00
11 104 1.038570e-02 2.072220e-03 0 0 1 2 1.680895e-14 0.000000e+00
11 105 1.038570e-02 2.608770e-03 0 0 1 2 1.679793e-14 0.000000e+00
11 106 1.038570e-02 3.284247e-03 0 0 1 2 1.678044e-14 0.000000e+00
11 107 1.038570e-02 4.134622e-03 0 0 1 2 1.675267e-14 0.000000e+00
11 108 1.038570e-02 5.205181e-03 0 0 1 2 1.670841e-14 0.000000e+00
11 109 1.038570e-02 6.552935e-03 0 0 1 2 1.663694e-14 0.000000e+00
11 110 1.038570e-02 8.249656e-03 0 0 1 2 1.651310e-14 0.000000e+00
11 111 1.038570e-02 1.038570e-02 0 0 1 2 1.620117e-14 0.000000e+00
11 112 1.038570e-02 1.307482e-02 0 0 1 2 1.545108e-14 0.000000e+00
11 113 1.038570e-02 1.646023e-02 0 0 1 2 1.444073e-14 0.000000e+00
11 114 1.038570e-02 2.072220e-02 0 0 1 2 1.327727e-14 0.000000e+00
11 115 1.038570e-02 2.608770e-02 0 0 1 2 1.196150e-14 0.000000e+00
11 116 1.038570e-02 3.284247e-02 0 0 1 2 1.050602e-14 0.000000e+00
11 117 1.038570e-02 4.134622e-02 0 0 1 2 8.946067e-15 0.000000e+00
11 118 1.038570e-02 5.205181e-02 0 0 1 2 7.339322e-15 0.000000e+00
11 119 1.038570e-02 6.552935e-02 0 0 1 2 5.760496e-15 0.000000e+00
12 100 1.307482e-02 8.249656e-04 0 0 1 2 1.582039e-14 0.000000e+00
12 101 1.307482e-02 1.038570e-03 0 0 1 2 1.581917e-14 0.000000e+00
12 102 1.307482e-02 1.307482e-03 0 0 1 2 1.581703e-14 0.000000e+00
12 103 1.307482e-02 1.646023e-03 0 0 1 2 1.581378e-14 0.000000e+00
12 104 1.307482e-02 2.072220e-03 0 0 1 2 1.580853e-14 0.000000e+00
12 105 1.307482e-02 2.608770e-03 0 0 1 2 1.580020e-14 0.000000e+00
12 106 1.307482e-02 3.284247e-03 0 0 1 2 1.578699e-14 0.000000e+00
12 107 1.307482e-02 4.134622e-03 0 0 1 2 1.576601e-14 0.000000e+00
12 108 1.307482e-02 5.205181e-03 0 0 1 2 1.573266e-14 0.000000e+00
12 109 1.307482e-02 6.552935e-03 0 0 1 2 1.567950e-14 0.000000e+00
12 110 1.307482e-02 8.249656e-03 0 0 1 2 1.559421e-14 0.000000e+00
12 111 1.307482e-02 1.038570e-02 0 0 1 2 1.545108e-14 0.000000e+00
12 112 1.307482e-02 1.307482e-02 0 0 1 2 1.510623e-14 0.000000e+00
12 113 1.307482e-02 1.646023e-02 0 0 1 2 1.427903e-14 0.000000e+00
12 114 1.307482e-02 2.072220e-02 0 0 1 2 1.317340e-14 0.000000e+00
12 115 1.307482e-02 2.608770e-02 0 0 1 2 1.190126e-14 0.000000e+00
12 116 1.307482e-02 3.284247e-02 0 0 1 2 1.047748e-14 0.000000e+00
12 117 1.307482e-02 4.134622e-02 0 0 1 2 8.938020e-15 0.000000e+00
12 118 1.307482e-02 5.205181e-02 0 0 1 2 7.342525e-15 0.000000e+00
12 119 1.307482e-02 6.552935e-02 0 0 1 2 5.768108e-15 0.000000e+00
13 100 1.646023e-02 8.249656e-04 0 0 1 2 1.469801e-14 0.000000e+00
13 101 1.646023e-02 1.038570e-03 0 0 1 2 1.469718e-14 0.000000e+00
13 102 1.646023e-02 1.307482e-03 0 0 1 2 1.469566e-14 0.000000e+00
13 103 1.646023e-02 1.646023e-03 0 0 1 2 1.469339e-14 0.000000e+00
13 104 1.646023e-02 2.072220e-03 0 0 1 2 1.468968e-14 0.000000e+00
13 105 1.646023e-02 2.608770e-03 0 0 1 2 1.468381e-14 0.000000e+00
13 106 1.646023e-02 3.284247e-03 0 0 1 2 1.467448e-14 0.000000e+00
13 107 1.646023e-02 4.134622e-03 0 0 1 2 1.465967e-14 0.000000e+00
13 108 1.646023e-02 5.205181e-03 0 0 1 2 1.463607e-14 0.000000e+00
13 109 1.646023e-02 6.552935e-03 0 0 1 2 1.459841e-14 0.000000e+00
13 110 1.646023e-02 8.249656e-03 0 0 1 2 1.453806e-14 0.000000e+00
13 111 1.646023e-02 1.038570e-02 0 0 1 2 1.444073e-14 0.000000e+00
13 112 1.646023e-02 1.307482e-02 0 0 1 2 1.427903e-14 0.000000e+00
13 113 1.646023e-02 1.646023e-02 0 0 1 2 1.390150e-14 0.000000e+00
13 114 1.646023e-02 2.072220e-02 0 0 1 2 1.299905e-14 0.000000e+00
13 115 1.646023e-02 2.608770e-02 0 0 1 2 1.180019e-14 0.000000e+00
13 116 1.646023e-02 3.284247e-02 0 0 1 2 1.042896e-14 0.000000e+00
13 117 1.646023e-02 4.134622e-02 0 0 1 2 8.923554e-15 0.000000e+00
13 118 1.646023e-02 5.205181e-02 0 0 1 2 7.346797e-15 0.000000e+00
13 119 1.646023e-02 6.552935e-02 0 0 1 2 5.779854e-15 0.000000e+00
14 100 2.072220e-02 8.249656e-04 0 0 1 2 1.344449e-14 0.000000e+00
14 101 2.072220e-02 1.038570e-03 0 0 1 2 1.344399e-14 0.000000e+00
14 102 2.072220e-02 1.307482e-03 0 0 1 2 1.344299e-14 0.000000e+00
14 103 2.072220e-02 1.646023e-03 0 0 1 2 1.344154e-14 0.000000e+00
14 104 2.072220e-02 2.072220e-03 0 0 1 2 1.343914e-14 0.000000e+00
14 105 2.072220e-02 2.608770e-03 0 0 1 2 1.343534e-14 0.000000e+00
14 106 2.072220e-02 3.284247e-03 0 0 1 2 1.342931e-14 0.000000e+00
14 107 2.072220e-02 4.134622e-03 0 0 1 2 1.341972e-14 0.000000e+00
14 108 2.072220e-02 5.205181e-03 0 0 1 2 1.340444e-14 0.000000e+00
14 109 2.072220e-02 6.552935e-03 0 0 1 2 1.338002e-14 0.000000e+00
14 110 2.072220e-02 8.249656e-03 0 0 1 2 1.334077e-14 0.000000e+00
14 111 2.072220e-02 1.038570e-02 0 0 1 2 1.327727e-14 0.000000e+00
14 112 2.072220e-02 1.307482e-02 0 0 1 2 1.317340e-14 0.000000e+00
14 113 2.072220e-02 1.646023e-02 0 0 1 2 1.299905e-14 0.000000e+00
14 114 2.072220e-02 2.072220e-02 0 0 1 2 1.259474e-14 0.000000e+00
14 115 2.072220e-02 2.608770e-02 0 0 1 2 1.162507e-14 0.000000e+00
14 116 2.072220e-02 3.284247e-02 0 0 1 2 1.034346e-14 0.000000e+00
14 117 2.072220e-02 4.134622e-02 0 0 1 2 8.896147e-15 0.000000e+00
14 118 2.072220e-02 5.205181e-02 0 0 1 2 7.351478e-15 0.000000e+00
14 119 2.072220e-02 6.552935e-02 0 0 1 2 5.797644e-15 0.000000e+00
15 100 2.608770e-02 8.249656e-04 0 0 1 2 1.205756e-14 0.000000e+00
15 101 2.608770e-02 1.038570e-03 0 0 1 2 1.205732e-14 0.000000e+00
15 102 2.608770e-02 1.307482e-03 0 0 1 2 1.205673e-14 0.000000e+00
15 103 2.608770e-02 1.646023e-03 0 0 1 2 1.205592e-14 0.000000e+00
15 104 2.608770e-02 2.072220e-03 0 0 1 2 1.205454e-14 0.000000e+00
15 105 2.608770e-02 2.608770e-03 0 0 1 2 1.205237e-14 0.000000e+00
15 106 2.608770e-02 3.284247e-03 0 0 1 2 1.204892e-14 0.000000e+00
15 107 2.608770e-02 4.134622e-03 0 0 1 2 1.204343e-14 0.000000e+00
15 108 2.608770e-02 5.205181e-03 0 0 1 2 1.203468e-14 0.000000e+00
15 109 2.608770e-02 6.552935e-03 0 0 1 2 1.202067e-14 0.000000e+00
15 110 2.608770e-02 8.249656e-03 0 0 1 2 1.199811e-14 0.000000e+00
15 111 2.608770e-02 1.038570e-02 0 0 1 2 1.196150e-14 0.000000e+00
15 112 2.608770e-02 1.307482e-02 0 0 1 2 1.190126e-14 0.000000e+00
15 113 2.608770e-02 1.646023e-02 0 0 1 2 1.180019e-14 0.000000e+00
15 114 2.608770e-02 2.072220e-02 0 0 1 2 1.162507e-14 0.000000e+00
15 115 2.608770e-02 2.608770e-02 0 0 1 2 1.120678e-14 0.000000e+00
15 116 2.608770e-02 3.284247e-02 0 0 1 2 1.018500e-14 0.000000e+00
15 117 2.608770e-02 4.134622e-02 0 0 1 2 8.840710e-15 0.000000e+00
15 118 2.608770e-02 5.205181e-02 0 0 1 2 7.353355e-15 0.000000e+00
15 119 2.608770e-02 6.552935e-02 0 0 1 2 5.823655e-15 0.000000e+00
16 100 3.284247e-02 8.249656e-04 0 0 1 2 1.055086e-14 0.000000e+00
16 101 3.284247e-02 1.038570e-03 0 0 1 2 1.055080e-14 0.000000e+00
16 102 3.284247e-02 1.307482e-03 0 0 1 2 1.055050e-14 0.000000e+00
16 103 3.284247e-02 1.646023e-03 0 0 1 2 1.055015e-14 0.000000e+00
16 104 3.284247e-02 2.072220e-03 0 0 1 2 1.054951e-14 0.000000e+00
16 105 3.284247e-02 2.608770e-03 0 0 1 2 1.054850e-14 0.000000e+00
16 106 3.284247e-02 3.284247e-03 0 0 1 2 1.054690e-14 0.000000e+00
16 107 3.284247e-02 4.134622e-03 0 0 1 2 1.054435e-14 0.000000e+00
16 108 3.284247e-02 5.205181e-03 0 0 1 2 1.054029e-14 0.000000e+00
16 109 3.284247e-02 6.552935e-03 0 0 1 2 1.053376e-14 0.000000e+00
16 110 3.284247e-02 8.249656e-03 0 0 1 2 1.052322e-14 0.000000e+00
16 111 3.284247e-02 1.038570e-02 0 0 1 2 1.050602e-14 0.000000e+00
16 112 3.284247e-02 1.307482e-02 0 0 1 2 1.047748e-14 0.000000e+00
16 113 3.284247e-02 1.646023e-02 0 0 1 2 1.042896e-14 0.000000e+00
16 114 3.284247e-02 2.072220e-02 0 0 1 2 1.034346e-14 0.000000e+00
16 115 3.284247e-02 2.608770e-02 0 0 1 2 1.018500e-14 0.000000e+00
16 116 3.284247e-02 3.284247e-02 0 0 1 2 9.772294e-15 0.000000e+00
16 117 3.284247e-02 4.134622e-02 0 0 1 2 8.719693e-15 0.000000e+00
16 118 3.284247e-02 5.205181e-02 0 0 1 2 7.341112e-15 0.000000e+00
16 119 3.284247e-02 6.552935e-02 0 0 1 2 5.858927e-15 0.000000e+00
17 100 4.134622e-02 8.249656e-04 0 0 1 2 8.957795e-15 0.000000e+00
17 101 4.134622e-02 1.038570e-03 0 0 1 2 8.957853e-15 0.000000e+00
17 102 4.134622e-02 1.307482e-03 0 0 1 2 8.957743e-15 0.000000e+00
17 103 4.134622e-02 1.646023e-03 0 0 1 2 8.957697e-15 0.000000e+00
17 104 4.134622e-02 2.072220e-03 0 0 1 2 8.957530e-15 0.000000e+00
17 105 4.134622e-02 2.608770e-03 0 0 1 2 8.957277e-15 0.000000e+00
17 106 4.134622e-02 3.284247e-03 0 0 1 2 8.956873e-15 0.000000e+00
17 107 4.134622e-02 4.134622e-03 0 0 1 2 8.956228e-15 0.000000e+00
17 108 4.134622e-02 5.205181e-03 0 0 1 2 8.955190e-15 0.000000e+00
17 109 4.134622e-02 6.552935e-03 0 0 1 2 8.953503e-15 0.000000e+00
17 110 4.134622e-02 8.249656e-03 0 0 1 2 8.950727e-15 0.000000e+00
17 111 4.134622e-02 1.038570e-02 0 0 1 2 8.946067e-15 0.000000e+00
17 112 4.134622e-02 1.307482e-02 0 0 1 2 8.938020e-15 0.000000e+00
17 113 4.134622e-02 1.646023e-02 0 0 1 2 8.923554e-15 0.000000e+00
17 114 4.134622e-02 2.072220e-02 0 0 1 2 8.896147e-15 0.000000e+00
17 115 4.134622e-02 2.608770e-02 0 0 1 2 8.840710e-15 0.000000e+00
17 116 4.134622e-02 3.284247e-02 0 0 1 2 8.719693e-15 0.000000e+00
17 117 4.134622e-02 4.134622e-02 0 0 1 2 8.336581e-15 0.000000e+00
17 118 4.134622e-02 5.205181e-02 0 0 1 2 7.277668e-15 0.000000e+00
17 119 4.134622e-02 6.552935e-02 0 0 1 2 5.897816e-15 0.000000e+00
18 100 5.205181e-02 8.249656e-04 0 0 1 2 7.332906e-15 0.000000e+00
18 101 5.205181e-02 1.038570e-03 0 0 1 2 7.333028e-15 0.000000e+00
18 102 5.205181e-02 1.307482e-03 0 0 1 2 7.333022e-15 0.000000e+00
18 103 5.205181e-02 1.646023e-03 0 0 1 2 7.333139e-15 0.000000e+00
18 104 5.205181e-02 2.072220e-03 0 0 1 2 7.333232e-15 0.000000e+00
18 105 5.205181e-02 2.608770e-03 0 0 1 2 7.333391e-15 0.000000e+00
18 106 5.205181e-02 3.284247e-03 0 0 1 2 7.333643e-15 0.000000e+00
18 107 5.205181e-02 4.134622e-03 0 0 1 2 7.334040e-15 0.000000e+00
18 108 5.205181e-02 5.205181e-03 0 0 1 2 7.334660e-15 0.000000e+00
18 109 5.205181e-02 6.552935e-03 0 0 1 2 7.335624e-15 0.000000e+00
18 110 5.205181e-02 8.249656e-03 0 0 1 2 7.337102e-15 0.000000e+00
18 111 5.205181e-02 1.038570e-02 0 0 1 2 7.339322e-15 0.000000e+00
18 112 5.205181e-02 1.307482e-02 0 0 1 2 7.342525e-15 0.000000e+00
18 113 5.205181e-02 1.646023e-02 0 0 1 2 7.346797e-15 0.000000e+00
18 114 5.205181e-02 2.072220e-02 0 0 1 2 7.351478e-15 0.000000e+00
18 115 5.205181e-02 2.608770e-02 0 0 1 2 7.353355e-15 0.000000e+00
18 116 5.205181e-02 3.284247e-02 0 0 1 2 7.341112e-15 0.000000e+00
18 117 5.205181e-02 4.134622e-02 0 0 1 2 7.277668e-15 0.000000e+00
18 118 5.205181e-02 5.205181e-02 0 0 1 2 6.948285e-15 0.000000e+00
18 119 5.205181e-02 6.552935e-02 0 0 1 2 5.906819e-15 0.000000e+00
19 100 6.552935e-02 8.249656e-04 0 0 1 2 5.747122e-15 0.000000e+00
19 101 6.552935e-02 1.038570e-03 0 0 1 2 5.747267e-15 0.000000e+00
19 102 6.552935e-02 1.307482e-03 0 0 1 2 5.747304e-15 0.000000e+00
19 103 6.552935e-02 1.646023e-03 0 0 1 2 5.747482e-15 0.000000e+00
19 104 6.552935e-02 2.072220e-03 0 0 1 2 5.747673e-15 0.000000e+00
19 105 6.552935e-02 2.608770e-03 0 0 1 2 5.747988e-15 0.000000e+00
19 106 6.552935e-02 3.284247e-03 0 0 1 2 5.748488e-15 0.000000e+00
19 107 6.552935e-02 4.134622e-03 0 0 1 2 5.749279e-15 0.000000e+00
19 108 6.552935e-02 5.205181e-03 0 0 1 2 5.750530e-15 0.000000e+00
19 109 6.552935e-02 6.552935e-03 0 0 1 2 5.752505e-15 0.000000e+00
19 110 6.552935e-02 8.249656e-03 0 0 1 2 5.755615e-15 0.000000e+00
19 111 6.552935e-02 1.038570e-02 0 0 1 2 5.760496e-15 0.000000e+00
19 112 6.552935e-02 1.307482e-02 0 0 1 2 5.768108e-15 0.000000e+00
19 113 6.552935e-02 1.646023e-02 0 0 1 2 5.779854e-15 0.000000e+00
19 114 6.552935e-02 2.072220e-02 0 0 1 2 5.797644e-15 0.000000e+00
19 115 6.552935e-02 2.608770e-02 0 0 1 2 5.823655e-15 0.000000e+00
19 116 6.552935e-02 3.284247e-02 0 0 1 2 5.858927e-15 0.000000e+00
19 117 6.552935e-02 4.134622e-02 0 0 1 2 5.897816e-15 0.000000e+00
19 118 6.552935e-02 5.205181e-02 0 0 1 2 5.906819e-15 0.000000e+00
19 119 6.552935e-02 6.552935e-02 0 0 1 2 5.651709e-15 0.000000e+00
