# Please cite the following papers in research using this covariance:
# arXiv: 1601.05779, https://arxiv.org/abs/1601.05779
# arXiv: 1911.11947, https://arxiv.org/abs/1911.11947
# arXiv: 2004.04833, https://arxiv.org/abs/2004.04833
########################################################
60 180 8.249656e-04 8.249656e-04 0 3 3 3 4.350830e-13 0.000000e+00
60 181 8.249656e-04 1.038570e-03 0 3 3 3 3.868287e-13 0.000000e+00
60 182 8.249656e-04 1.307482e-03 0 3 3 3 3.312396e-13 0.000000e+00
60 183 8.249656e-04 1.646023e-03 0 3 3 3 2.837222e-13 0.000000e+00
60 184 8.249656e-04 2.072220e-03 0 3 3 3 2.444946e-13 0.000000e+00
60 185 8.249656e-04 2.608770e-03 0 3 3 3 2.125985e-13 0.000000e+00
60 186 8.249656e-04 3.284247e-03 0 3 3 3 1.867381e-13 0.000000e+00
60 187 8.249656e-04 4.134622e-03 0 3 3 3 1.655688e-13 0.000000e+00
60 188 8.249656e-04 5.205181e-03 0 3 3 3 1.478497e-13 0.000000e+00
60 189 8.249656e-04 6.552935e-03 0 3 3 3 1.325265e-13 0.000000e+00
60 190 8.249656e-04 8.249656e-03 0 3 3 3 1.187635e-13 0.000000e+00
60 191 8.249656e-04 1.038570e-02 0 3 3 3 1.059449e-13 0.000000e+00
60 192 8.249656e-04 1.307482e-02 0 3 3 3 9.365839e-14 0.000000e+00
60 193 8.249656e-04 1.646023e-02 0 3 3 3 8.167077e-14 0.000000e+00
60 194 8.249656e-04 2.072220e-02 0 3 3 3 6.990750e-14 0.000000e+00
60 195 8.249656e-04 2.608770e-02 0 3 3 3 5.842860e-14 0.000000e+00
60 196 8.249656e-04 3.284247e-02 0 3 3 3 4.740947e-14 0.000000e+00
60 197 8.249656e-04 4.134622e-02 0 3 3 3 3.710831e-14 0.000000e+00
60 198 8.249656e-04 5.205181e-02 0 3 3 3 2.780264e-14 0.000000e+00
60 199 8.249656e-04 6.552935e-02 0 3 3 3 1.972385e-14 0.000000e+00
61 180 1.038570e-03 8.249656e-04 0 3 3 3 3.868287e-13 0.000000e+00
61 181 1.038570e-03 1.038570e-03 0 3 3 3 3.852042e-13 0.000000e+00
61 182 1.038570e-03 1.307482e-03 0 3 3 3 3.399190e-13 0.000000e+00
61 183 1.038570e-03 1.646023e-03 0 3 3 3 2.891848e-13 0.000000e+00
61 184 1.038570e-03 2.072220e-03 0 3 3 3 2.475657e-13 0.000000e+00
61 185 1.038570e-03 2.608770e-03 0 3 3 3 2.142136e-13 0.000000e+00
61 186 1.038570e-03 3.284247e-03 0 3 3 3 1.875397e-13 0.000000e+00
61 187 1.038570e-03 4.134622e-03 0 3 3 3 1.659446e-13 0.000000e+00
61 188 1.038570e-03 5.205181e-03 0 3 3 3 1.480158e-13 0.000000e+00
61 189 1.038570e-03 6.552935e-03 0 3 3 3 1.325952e-13 0.000000e+00
61 190 1.038570e-03 8.249656e-03 0 3 3 3 1.187899e-13 0.000000e+00
61 191 1.038570e-03 1.038570e-02 0 3 3 3 1.059546e-13 0.000000e+00
61 192 1.038570e-03 1.307482e-02 0 3 3 3 9.366194e-14 0.000000e+00
61 193 1.038570e-03 1.646023e-02 0 3 3 3 8.167259e-14 0.000000e+00
61 194 1.038570e-03 2.072220e-02 0 3 3 3 6.990901e-14 0.000000e+00
61 195 1.038570e-03 2.608770e-02 0 3 3 3 5.843013e-14 0.000000e+00
61 196 1.038570e-03 3.284247e-02 0 3 3 3 4.741102e-14 0.000000e+00
61 197 1.038570e-03 4.134622e-02 0 3 3 3 3.710975e-14 0.000000e+00
61 198 1.038570e-03 5.205181e-02 0 3 3 3 2.780377e-14 0.000000e+00
61 199 1.038570e-03 6.552935e-02 0 3 3 3 1.972476e-14 0.000000e+00
62 180 1.307482e-03 8.249656e-04 0 3 3 3 3.312396e-13 0.000000e+00
62 181 1.307482e-03 1.038570e-03 0 3 3 3 3.399190e-13 0.000000e+00
62 182 1.307482e-03 1.307482e-03 0 3 3 3 3.405926e-13 0.000000e+00
62 183 1.307482e-03 1.646023e-03 0 3 3 3 2.985142e-13 0.000000e+00
62 184 1.307482e-03 2.072220e-03 0 3 3 3 2.528656e-13 0.000000e+00
62 185 1.307482e-03 2.608770e-03 0 3 3 3 2.169582e-13 0.000000e+00
62 186 1.307482e-03 3.284247e-03 0 3 3 3 1.888800e-13 0.000000e+00
62 187 1.307482e-03 4.134622e-03 0 3 3 3 1.665644e-13 0.000000e+00
62 188 1.307482e-03 5.205181e-03 0 3 3 3 1.482865e-13 0.000000e+00
62 189 1.307482e-03 6.552935e-03 0 3 3 3 1.327060e-13 0.000000e+00
62 190 1.307482e-03 8.249656e-03 0 3 3 3 1.188320e-13 0.000000e+00
62 191 1.307482e-03 1.038570e-02 0 3 3 3 1.059693e-13 0.000000e+00
62 192 1.307482e-03 1.307482e-02 0 3 3 3 9.366688e-14 0.000000e+00
62 193 1.307482e-03 1.646023e-02 0 3 3 3 8.167483e-14 0.000000e+00
62 194 1.307482e-03 2.072220e-02 0 3 3 3 6.991066e-14 0.000000e+00
62 195 1.307482e-03 2.608770e-02 0 3 3 3 5.843194e-14 0.000000e+00
62 196 1.307482e-03 3.284247e-02 0 3 3 3 4.741281e-14 0.000000e+00
62 197 1.307482e-03 4.134622e-02 0 3 3 3 3.711137e-14 0.000000e+00
62 198 1.307482e-03 5.205181e-02 0 3 3 3 2.780496e-14 0.000000e+00
62 199 1.307482e-03 6.552935e-02 0 3 3 3 1.972561e-14 0.000000e+00
63 180 1.646023e-03 8.249656e-04 0 3 3 3 2.837222e-13 0.000000e+00
63 181 1.646023e-03 1.038570e-03 0 3 3 3 2.891848e-13 0.000000e+00
63 182 1.646023e-03 1.307482e-03 0 3 3 3 2.985142e-13 0.000000e+00
63 183 1.646023e-03 1.646023e-03 0 3 3 3 3.011378e-13 0.000000e+00
63 184 1.646023e-03 2.072220e-03 0 3 3 3 2.623743e-13 0.000000e+00
63 185 1.646023e-03 2.608770e-03 0 3 3 3 2.218314e-13 0.000000e+00
63 186 1.646023e-03 3.284247e-03 0 3 3 3 1.911995e-13 0.000000e+00
63 187 1.646023e-03 4.134622e-03 0 3 3 3 1.676139e-13 0.000000e+00
63 188 1.646023e-03 5.205181e-03 0 3 3 3 1.487374e-13 0.000000e+00
63 189 1.646023e-03 6.552935e-03 0 3 3 3 1.328886e-13 0.000000e+00
63 190 1.646023e-03 8.249656e-03 0 3 3 3 1.189010e-13 0.000000e+00
63 191 1.646023e-03 1.038570e-02 0 3 3 3 1.059935e-13 0.000000e+00
63 192 1.646023e-03 1.307482e-02 0 3 3 3 9.367540e-14 0.000000e+00
63 193 1.646023e-03 1.646023e-02 0 3 3 3 8.167879e-14 0.000000e+00
63 194 1.646023e-03 2.072220e-02 0 3 3 3 6.991381e-14 0.000000e+00
63 195 1.646023e-03 2.608770e-02 0 3 3 3 5.843530e-14 0.000000e+00
63 196 1.646023e-03 3.284247e-02 0 3 3 3 4.741610e-14 0.000000e+00
63 197 1.646023e-03 4.134622e-02 0 3 3 3 3.711433e-14 0.000000e+00
63 198 1.646023e-03 5.205181e-02 0 3 3 3 2.780726e-14 0.000000e+00
63 199 1.646023e-03 6.552935e-02 0 3 3 3 1.972732e-14 0.000000e+00
64 180 2.072220e-03 8.249656e-04 0 3 3 3 2.444946e-13 0.000000e+00
64 181 2.072220e-03 1.038570e-03 0 3 3 3 2.475657e-13 0.000000e+00
64 182 2.072220e-03 1.307482e-03 0 3 3 3 2.528656e-13 0.000000e+00
64 183 2.072220e-03 1.646023e-03 0 3 3 3 2.623743e-13 0.000000e+00
64 184 2.072220e-03 2.072220e-03 0 3 3 3 2.664991e-13 0.000000e+00
64 185 2.072220e-03 2.608770e-03 0 3 3 3 2.310594e-13 0.000000e+00
64 186 2.072220e-03 3.284247e-03 0 3 3 3 1.954482e-13 0.000000e+00
64 187 2.072220e-03 4.134622e-03 0 3 3 3 1.694659e-13 0.000000e+00
64 188 2.072220e-03 5.205181e-03 0 3 3 3 1.495105e-13 0.000000e+00
64 189 2.072220e-03 6.552935e-03 0 3 3 3 1.331951e-13 0.000000e+00
64 190 2.072220e-03 8.249656e-03 0 3 3 3 1.190149e-13 0.000000e+00
64 191 2.072220e-03 1.038570e-02 0 3 3 3 1.060329e-13 0.000000e+00
64 192 2.072220e-03 1.307482e-02 0 3 3 3 9.368886e-14 0.000000e+00
64 193 2.072220e-03 1.646023e-02 0 3 3 3 8.168484e-14 0.000000e+00
64 194 2.072220e-03 2.072220e-02 0 3 3 3 6.991865e-14 0.000000e+00
64 195 2.072220e-03 2.608770e-02 0 3 3 3 5.844024e-14 0.000000e+00
64 196 2.072220e-03 3.284247e-02 0 3 3 3 4.742107e-14 0.000000e+00
64 197 2.072220e-03 4.134622e-02 0 3 3 3 3.711872e-14 0.000000e+00
64 198 2.072220e-03 5.205181e-02 0 3 3 3 2.781067e-14 0.000000e+00
64 199 2.072220e-03 6.552935e-02 0 3 3 3 1.972979e-14 0.000000e+00
65 180 2.608770e-03 8.249656e-04 0 3 3 3 2.125985e-13 0.000000e+00
65 181 2.608770e-03 1.038570e-03 0 3 3 3 2.142136e-13 0.000000e+00
65 182 2.608770e-03 1.307482e-03 0 3 3 3 2.169582e-13 0.000000e+00
65 183 2.608770e-03 1.646023e-03 0 3 3 3 2.218314e-13 0.000000e+00
65 184 2.608770e-03 2.072220e-03 0 3 3 3 2.310594e-13 0.000000e+00
65 185 2.608770e-03 2.608770e-03 0 3 3 3 2.361869e-13 0.000000e+00
65 186 2.608770e-03 3.284247e-03 0 3 3 3 2.039967e-13 0.000000e+00
65 187 2.608770e-03 4.134622e-03 0 3 3 3 1.729786e-13 0.000000e+00
65 188 2.608770e-03 5.205181e-03 0 3 3 3 1.509057e-13 0.000000e+00
65 189 2.608770e-03 6.552935e-03 0 3 3 3 1.337292e-13 0.000000e+00
65 190 2.608770e-03 8.249656e-03 0 3 3 3 1.192086e-13 0.000000e+00
65 191 2.608770e-03 1.038570e-02 0 3 3 3 1.060989e-13 0.000000e+00
65 192 2.608770e-03 1.307482e-02 0 3 3 3 9.371112e-14 0.000000e+00
65 193 2.608770e-03 1.646023e-02 0 3 3 3 8.169471e-14 0.000000e+00
65 194 2.608770e-03 2.072220e-02 0 3 3 3 6.992630e-14 0.000000e+00
65 195 2.608770e-03 2.608770e-02 0 3 3 3 5.844807e-14 0.000000e+00
65 196 2.608770e-03 3.284247e-02 0 3 3 3 4.742898e-14 0.000000e+00
65 197 2.608770e-03 4.134622e-02 0 3 3 3 3.712565e-14 0.000000e+00
65 198 2.608770e-03 5.205181e-02 0 3 3 3 2.781613e-14 0.000000e+00
65 199 2.608770e-03 6.552935e-02 0 3 3 3 1.973372e-14 0.000000e+00
66 180 3.284247e-03 8.249656e-04 0 3 3 3 1.867381e-13 0.000000e+00
66 181 3.284247e-03 1.038570e-03 0 3 3 3 1.875397e-13 0.000000e+00
66 182 3.284247e-03 1.307482e-03 0 3 3 3 1.888800e-13 0.000000e+00
66 183 3.284247e-03 1.646023e-03 0 3 3 3 1.911995e-13 0.000000e+00
66 184 3.284247e-03 2.072220e-03 0 3 3 3 1.954482e-13 0.000000e+00
66 185 3.284247e-03 2.608770e-03 0 3 3 3 2.039967e-13 0.000000e+00
66 186 3.284247e-03 3.284247e-03 0 3 3 3 2.096263e-13 0.000000e+00
66 187 3.284247e-03 4.134622e-03 0 3 3 3 1.805479e-13 0.000000e+00
66 188 3.284247e-03 5.205181e-03 0 3 3 3 1.536575e-13 0.000000e+00
66 189 3.284247e-03 6.552935e-03 0 3 3 3 1.347178e-13 0.000000e+00
66 190 3.284247e-03 8.249656e-03 0 3 3 3 1.195525e-13 0.000000e+00
66 191 3.284247e-03 1.038570e-02 0 3 3 3 1.062127e-13 0.000000e+00
66 192 3.284247e-03 1.307482e-02 0 3 3 3 9.374850e-14 0.000000e+00
66 193 3.284247e-03 1.646023e-02 0 3 3 3 8.171070e-14 0.000000e+00
66 194 3.284247e-03 2.072220e-02 0 3 3 3 6.993847e-14 0.000000e+00
66 195 3.284247e-03 2.608770e-02 0 3 3 3 5.846054e-14 0.000000e+00
66 196 3.284247e-03 3.284247e-02 0 3 3 3 4.744145e-14 0.000000e+00
66 197 3.284247e-03 4.134622e-02 0 3 3 3 3.713668e-14 0.000000e+00
66 198 3.284247e-03 5.205181e-02 0 3 3 3 2.782480e-14 0.000000e+00
66 199 3.284247e-03 6.552935e-02 0 3 3 3 1.973995e-14 0.000000e+00
67 180 4.134622e-03 8.249656e-04 0 3 3 3 1.655688e-13 0.000000e+00
67 181 4.134622e-03 1.038570e-03 0 3 3 3 1.659446e-13 0.000000e+00
67 182 4.134622e-03 1.307482e-03 0 3 3 3 1.665644e-13 0.000000e+00
67 183 4.134622e-03 1.646023e-03 0 3 3 3 1.676139e-13 0.000000e+00
67 184 4.134622e-03 2.072220e-03 0 3 3 3 1.694659e-13 0.000000e+00
67 185 4.134622e-03 2.608770e-03 0 3 3 3 1.729786e-13 0.000000e+00
67 186 4.134622e-03 3.284247e-03 0 3 3 3 1.805479e-13 0.000000e+00
67 187 4.134622e-03 4.134622e-03 0 3 3 3 1.862208e-13 0.000000e+00
67 188 4.134622e-03 5.205181e-03 0 3 3 3 1.600685e-13 0.000000e+00
67 189 4.134622e-03 6.552935e-03 0 3 3 3 1.367570e-13 0.000000e+00
67 190 4.134622e-03 8.249656e-03 0 3 3 3 1.202091e-13 0.000000e+00
67 191 4.134622e-03 1.038570e-02 0 3 3 3 1.064193e-13 0.000000e+00
67 192 4.134622e-03 1.307482e-02 0 3 3 3 9.381376e-14 0.000000e+00
67 193 4.134622e-03 1.646023e-02 0 3 3 3 8.173731e-14 0.000000e+00
67 194 4.134622e-03 2.072220e-02 0 3 3 3 6.995795e-14 0.000000e+00
67 195 4.134622e-03 2.608770e-02 0 3 3 3 5.848024e-14 0.000000e+00
67 196 4.134622e-03 3.284247e-02 0 3 3 3 4.746118e-14 0.000000e+00
67 197 4.134622e-03 4.134622e-02 0 3 3 3 3.715422e-14 0.000000e+00
67 198 4.134622e-03 5.205181e-02 0 3 3 3 2.783850e-14 0.000000e+00
67 199 4.134622e-03 6.552935e-02 0 3 3 3 1.974984e-14 0.000000e+00
68 180 5.205181e-03 8.249656e-04 0 3 3 3 1.478497e-13 0.000000e+00
68 181 5.205181e-03 1.038570e-03 0 3 3 3 1.480158e-13 0.000000e+00
68 182 5.205181e-03 1.307482e-03 0 3 3 3 1.482865e-13 0.000000e+00
68 183 5.205181e-03 1.646023e-03 0 3 3 3 1.487374e-13 0.000000e+00
68 184 5.205181e-03 2.072220e-03 0 3 3 3 1.495105e-13 0.000000e+00
68 185 5.205181e-03 2.608770e-03 0 3 3 3 1.509057e-13 0.000000e+00
68 186 5.205181e-03 3.284247e-03 0 3 3 3 1.536575e-13 0.000000e+00
68 187 5.205181e-03 4.134622e-03 0 3 3 3 1.600685e-13 0.000000e+00
68 188 5.205181e-03 5.205181e-03 0 3 3 3 1.654011e-13 0.000000e+00
68 189 5.205181e-03 6.552935e-03 0 3 3 3 1.419529e-13 0.000000e+00
68 190 5.205181e-03 8.249656e-03 0 3 3 3 1.216360e-13 0.000000e+00
68 191 5.205181e-03 1.038570e-02 0 3 3 3 1.068285e-13 0.000000e+00
68 192 5.205181e-03 1.307482e-02 0 3 3 3 9.393451e-14 0.000000e+00
68 193 5.205181e-03 1.646023e-02 0 3 3 3 8.178277e-14 0.000000e+00
68 194 5.205181e-03 2.072220e-02 0 3 3 3 6.998929e-14 0.000000e+00
68 195 5.205181e-03 2.608770e-02 0 3 3 3 5.851150e-14 0.000000e+00
68 196 5.205181e-03 3.284247e-02 0 3 3 3 4.749244e-14 0.000000e+00
68 197 5.205181e-03 4.134622e-02 0 3 3 3 3.718195e-14 0.000000e+00
68 198 5.205181e-03 5.205181e-02 0 3 3 3 2.786019e-14 0.000000e+00
68 199 5.205181e-03 6.552935e-02 0 3 3 3 1.976554e-14 0.000000e+00
69 180 6.552935e-03 8.249656e-04 0 3 3 3 1.325265e-13 0.000000e+00
69 181 6.552935e-03 1.038570e-03 0 3 3 3 1.325952e-13 0.000000e+00
69 182 6.552935e-03 1.307482e-03 0 3 3 3 1.327060e-13 0.000000e+00
69 183 6.552935e-03 1.646023e-03 0 3 3 3 1.328886e-13 0.000000e+00
69 184 6.552935e-03 2.072220e-03 0 3 3 3 1.331951e-13 0.000000e+00
69 185 6.552935e-03 2.608770e-03 0 3 3 3 1.337292e-13 0.000000e+00
69 186 6.552935e-03 3.284247e-03 0 3 3 3 1.347178e-13 0.000000e+00
69 187 6.552935e-03 4.134622e-03 0 3 3 3 1.367570e-13 0.000000e+00
69 188 6.552935e-03 5.205181e-03 0 3 3 3 1.419529e-13 0.000000e+00
69 189 6.552935e-03 6.552935e-03 0 3 3 3 1.466592e-13 0.000000e+00
69 190 6.552935e-03 8.249656e-03 0 3 3 3 1.256682e-13 0.000000e+00
69 191 6.552935e-03 1.038570e-02 0 3 3 3 1.077727e-13 0.000000e+00
69 192 6.552935e-03 1.307482e-02 0 3 3 3 9.418117e-14 0.000000e+00
69 193 6.552935e-03 1.646023e-02 0 3 3 3 8.186487e-14 0.000000e+00
69 194 6.552935e-03 2.072220e-02 0 3 3 3 7.004037e-14 0.000000e+00
69 195 6.552935e-03 2.608770e-02 0 3 3 3 5.856095e-14 0.000000e+00
69 196 6.552935e-03 3.284247e-02 0 3 3 3 4.754173e-14 0.000000e+00
69 197 6.552935e-03 4.134622e-02 0 3 3 3 3.722581e-14 0.000000e+00
69 198 6.552935e-03 5.205181e-02 0 3 3 3 2.789461e-14 0.000000e+00
69 199 6.552935e-03 6.552935e-02 0 3 3 3 1.979040e-14 0.000000e+00
70 180 8.249656e-03 8.249656e-04 0 3 3 3 1.187635e-13 0.000000e+00
70 181 8.249656e-03 1.038570e-03 0 3 3 3 1.187899e-13 0.000000e+00
70 182 8.249656e-03 1.307482e-03 0 3 3 3 1.188320e-13 0.000000e+00
70 183 8.249656e-03 1.646023e-03 0 3 3 3 1.189010e-13 0.000000e+00
70 184 8.249656e-03 2.072220e-03 0 3 3 3 1.190149e-13 0.000000e+00
70 185 8.249656e-03 2.608770e-03 0 3 3 3 1.192086e-13 0.000000e+00
70 186 8.249656e-03 3.284247e-03 0 3 3 3 1.195525e-13 0.000000e+00
70 187 8.249656e-03 4.134622e-03 0 3 3 3 1.202091e-13 0.000000e+00
70 188 8.249656e-03 5.205181e-03 0 3 3 3 1.216360e-13 0.000000e+00
70 189 8.249656e-03 6.552935e-03 0 3 3 3 1.256682e-13 0.000000e+00
70 190 8.249656e-03 8.249656e-03 0 3 3 3 1.295701e-13 0.000000e+00
70 191 8.249656e-03 1.038570e-02 0 3 3 3 1.107764e-13 0.000000e+00
70 192 8.249656e-03 1.307482e-02 0 3 3 3 9.478321e-14 0.000000e+00
70 193 8.249656e-03 1.646023e-02 0 3 3 3 8.202862e-14 0.000000e+00
70 194 8.249656e-03 2.072220e-02 0 3 3 3 7.012583e-14 0.000000e+00
70 195 8.249656e-03 2.608770e-02 0 3 3 3 5.863939e-14 0.000000e+00
70 196 8.249656e-03 3.284247e-02 0 3 3 3 4.761947e-14 0.000000e+00
70 197 8.249656e-03 4.134622e-02 0 3 3 3 3.729513e-14 0.000000e+00
70 198 8.249656e-03 5.205181e-02 0 3 3 3 2.794913e-14 0.000000e+00
70 199 8.249656e-03 6.552935e-02 0 3 3 3 1.982981e-14 0.000000e+00
71 180 1.038570e-02 8.249656e-04 0 3 3 3 1.059449e-13 0.000000e+00
71 181 1.038570e-02 1.038570e-03 0 3 3 3 1.059546e-13 0.000000e+00
71 182 1.038570e-02 1.307482e-03 0 3 3 3 1.059693e-13 0.000000e+00
71 183 1.038570e-02 1.646023e-03 0 3 3 3 1.059935e-13 0.000000e+00
71 184 1.038570e-02 2.072220e-03 0 3 3 3 1.060329e-13 0.000000e+00
71 185 1.038570e-02 2.608770e-03 0 3 3 3 1.060989e-13 0.000000e+00
71 186 1.038570e-02 3.284247e-03 0 3 3 3 1.062127e-13 0.000000e+00
71 187 1.038570e-02 4.134622e-03 0 3 3 3 1.064193e-13 0.000000e+00
71 188 1.038570e-02 5.205181e-03 0 3 3 3 1.068285e-13 0.000000e+00
71 189 1.038570e-02 6.552935e-03 0 3 3 3 1.077727e-13 0.000000e+00
71 190 1.038570e-02 8.249656e-03 0 3 3 3 1.107764e-13 0.000000e+00
71 191 1.038570e-02 1.038570e-02 0 3 3 3 1.138035e-13 0.000000e+00
71 192 1.038570e-02 1.307482e-02 0 3 3 3 9.694983e-14 0.000000e+00
71 193 1.038570e-02 1.646023e-02 0 3 3 3 8.242650e-14 0.000000e+00
71 194 1.038570e-02 2.072220e-02 0 3 3 3 7.027823e-14 0.000000e+00
71 195 1.038570e-02 2.608770e-02 0 3 3 3 5.876434e-14 0.000000e+00
71 196 1.038570e-02 3.284247e-02 0 3 3 3 4.774160e-14 0.000000e+00
71 197 1.038570e-02 4.134622e-02 0 3 3 3 3.740450e-14 0.000000e+00
71 198 1.038570e-02 5.205181e-02 0 3 3 3 2.803558e-14 0.000000e+00
71 199 1.038570e-02 6.552935e-02 0 3 3 3 1.989235e-14 0.000000e+00
72 180 1.307482e-02 8.249656e-04 0 3 3 3 9.365839e-14 0.000000e+00
72 181 1.307482e-02 1.038570e-03 0 3 3 3 9.366194e-14 0.000000e+00
72 182 1.307482e-02 1.307482e-03 0 3 3 3 9.366688e-14 0.000000e+00
72 183 1.307482e-02 1.646023e-03 0 3 3 3 9.367540e-14 0.000000e+00
72 184 1.307482e-02 2.072220e-03 0 3 3 3 9.368886e-14 0.000000e+00
72 185 1.307482e-02 2.608770e-03 0 3 3 3 9.371112e-14 0.000000e+00
72 186 1.307482e-02 3.284247e-03 0 3 3 3 9.374850e-14 0.000000e+00
72 187 1.307482e-02 4.134622e-03 0 3 3 3 9.381376e-14 0.000000e+00
72 188 1.307482e-02 5.205181e-03 0 3 3 3 9.393451e-14 0.000000e+00
72 189 1.307482e-02 6.552935e-03 0 3 3 3 9.418117e-14 0.000000e+00
72 190 1.307482e-02 8.249656e-03 0 3 3 3 9.478321e-14 0.000000e+00
72 191 1.307482e-02 1.038570e-02 0 3 3 3 9.694983e-14 0.000000e+00
72 192 1.307482e-02 1.307482e-02 0 3 3 3 9.912936e-14 0.000000e+00
72 193 1.307482e-02 1.646023e-02 0 3 3 3 8.397683e-14 0.000000e+00
72 194 1.307482e-02 2.072220e-02 0 3 3 3 7.059972e-14 0.000000e+00
72 195 1.307482e-02 2.608770e-02 0 3 3 3 5.896707e-14 0.000000e+00
72 196 1.307482e-02 3.284247e-02 0 3 3 3 4.793292e-14 0.000000e+00
72 197 1.307482e-02 4.134622e-02 0 3 3 3 3.757655e-14 0.000000e+00
72 198 1.307482e-02 5.205181e-02 0 3 3 3 2.817254e-14 0.000000e+00
72 199 1.307482e-02 6.552935e-02 0 3 3 3 1.999158e-14 0.000000e+00
73 180 1.646023e-02 8.249656e-04 0 3 3 3 8.167077e-14 0.000000e+00
73 181 1.646023e-02 1.038570e-03 0 3 3 3 8.167259e-14 0.000000e+00
73 182 1.646023e-02 1.307482e-03 0 3 3 3 8.167483e-14 0.000000e+00
73 183 1.646023e-02 1.646023e-03 0 3 3 3 8.167879e-14 0.000000e+00
73 184 1.646023e-02 2.072220e-03 0 3 3 3 8.168484e-14 0.000000e+00
73 185 1.646023e-02 2.608770e-03 0 3 3 3 8.169471e-14 0.000000e+00
73 186 1.646023e-02 3.284247e-03 0 3 3 3 8.171070e-14 0.000000e+00
73 187 1.646023e-02 4.134622e-03 0 3 3 3 8.173731e-14 0.000000e+00
73 188 1.646023e-02 5.205181e-03 0 3 3 3 8.178277e-14 0.000000e+00
73 189 1.646023e-02 6.552935e-03 0 3 3 3 8.186487e-14 0.000000e+00
73 190 1.646023e-02 8.249656e-03 0 3 3 3 8.202862e-14 0.000000e+00
73 191 1.646023e-02 1.038570e-02 0 3 3 3 8.242650e-14 0.000000e+00
73 192 1.646023e-02 1.307482e-02 0 3 3 3 8.397683e-14 0.000000e+00
73 193 1.646023e-02 1.646023e-02 0 3 3 3 8.541833e-14 0.000000e+00
73 194 1.646023e-02 2.072220e-02 0 3 3 3 7.176219e-14 0.000000e+00
73 195 1.646023e-02 2.608770e-02 0 3 3 3 5.932365e-14 0.000000e+00
73 196 1.646023e-02 3.284247e-02 0 3 3 3 4.823215e-14 0.000000e+00
73 197 1.646023e-02 4.134622e-02 0 3 3 3 3.784593e-14 0.000000e+00
73 198 1.646023e-02 5.205181e-02 0 3 3 3 2.838941e-14 0.000000e+00
73 199 1.646023e-02 6.552935e-02 0 3 3 3 2.014923e-14 0.000000e+00
74 180 2.072220e-02 8.249656e-04 0 3 3 3 6.990750e-14 0.000000e+00
74 181 2.072220e-02 1.038570e-03 0 3 3 3 6.990901e-14 0.000000e+00
74 182 2.072220e-02 1.307482e-03 0 3 3 3 6.991066e-14 0.000000e+00
74 183 2.072220e-02 1.646023e-03 0 3 3 3 6.991381e-14 0.000000e+00
74 184 2.072220e-02 2.072220e-03 0 3 3 3 6.991865e-14 0.000000e+00
74 185 2.072220e-02 2.608770e-03 0 3 3 3 6.992630e-14 0.000000e+00
74 186 2.072220e-02 3.284247e-03 0 3 3 3 6.993847e-14 0.000000e+00
74 187 2.072220e-02 4.134622e-03 0 3 3 3 6.995795e-14 0.000000e+00
74 188 2.072220e-02 5.205181e-03 0 3 3 3 6.998929e-14 0.000000e+00
74 189 2.072220e-02 6.552935e-03 0 3 3 3 7.004037e-14 0.000000e+00
74 190 2.072220e-02 8.249656e-03 0 3 3 3 7.012583e-14 0.000000e+00
74 191 2.072220e-02 1.038570e-02 0 3 3 3 7.027823e-14 0.000000e+00
74 192 2.072220e-02 1.307482e-02 0 3 3 3 7.059972e-14 0.000000e+00
74 193 2.072220e-02 1.646023e-02 0 3 3 3 7.176219e-14 0.000000e+00
74 194 2.072220e-02 2.072220e-02 0 3 3 3 7.263629e-14 0.000000e+00
74 195 2.072220e-02 2.608770e-02 0 3 3 3 6.031363e-14 0.000000e+00
74 196 2.072220e-02 3.284247e-02 0 3 3 3 4.870964e-14 0.000000e+00
74 197 2.072220e-02 4.134622e-02 0 3 3 3 3.826505e-14 0.000000e+00
74 198 2.072220e-02 5.205181e-02 0 3 3 3 2.873207e-14 0.000000e+00
74 199 2.072220e-02 6.552935e-02 0 3 3 3 2.039993e-14 0.000000e+00
75 180 2.608770e-02 8.249656e-04 0 3 3 3 5.842860e-14 0.000000e+00
75 181 2.608770e-02 1.038570e-03 0 3 3 3 5.843013e-14 0.000000e+00
75 182 2.608770e-02 1.307482e-03 0 3 3 3 5.843194e-14 0.000000e+00
75 183 2.608770e-02 1.646023e-03 0 3 3 3 5.843530e-14 0.000000e+00
75 184 2.608770e-02 2.072220e-03 0 3 3 3 5.844024e-14 0.000000e+00
75 185 2.608770e-02 2.608770e-03 0 3 3 3 5.844807e-14 0.000000e+00
75 186 2.608770e-02 3.284247e-03 0 3 3 3 5.846054e-14 0.000000e+00
75 187 2.608770e-02 4.134622e-03 0 3 3 3 5.848024e-14 0.000000e+00
75 188 2.608770e-02 5.205181e-03 0 3 3 3 5.851150e-14 0.000000e+00
75 189 2.608770e-02 6.552935e-03 0 3 3 3 5.856095e-14 0.000000e+00
75 190 2.608770e-02 8.249656e-03 0 3 3 3 5.863939e-14 0.000000e+00
75 191 2.608770e-02 1.038570e-02 0 3 3 3 5.876434e-14 0.000000e+00
75 192 2.608770e-02 1.307482e-02 0 3 3 3 5.896707e-14 0.000000e+00
75 193 2.608770e-02 1.646023e-02 0 3 3 3 5.932365e-14 0.000000e+00
75 194 2.608770e-02 2.072220e-02 0 3 3 3 6.031363e-14 0.000000e+00
75 195 2.608770e-02 2.608770e-02 0 3 3 3 6.082308e-14 0.000000e+00
75 196 2.608770e-02 3.284247e-02 0 3 3 3 4.970875e-14 0.000000e+00
75 197 2.608770e-02 4.134622e-02 0 3 3 3 3.891518e-14 0.000000e+00
75 198 2.608770e-02 5.205181e-02 0 3 3 3 2.927084e-14 0.000000e+00
75 199 2.608770e-02 6.552935e-02 0 3 3 3 2.079919e-14 0.000000e+00
76 180 3.284247e-02 8.249656e-04 0 3 3 3 4.740947e-14 0.000000e+00
76 181 3.284247e-02 1.038570e-03 0 3 3 3 4.741102e-14 0.000000e+00
76 182 3.284247e-02 1.307482e-03 0 3 3 3 4.741281e-14 0.000000e+00
76 183 3.284247e-02 1.646023e-03 0 3 3 3 4.741610e-14 0.000000e+00
76 184 3.284247e-02 2.072220e-03 0 3 3 3 4.742107e-14 0.000000e+00
76 185 3.284247e-02 2.608770e-03 0 3 3 3 4.742898e-14 0.000000e+00
76 186 3.284247e-02 3.284247e-03 0 3 3 3 4.744145e-14 0.000000e+00
76 187 3.284247e-02 4.134622e-03 0 3 3 3 4.746118e-14 0.000000e+00
76 188 3.284247e-02 5.205181e-03 0 3 3 3 4.749244e-14 0.000000e+00
76 189 3.284247e-02 6.552935e-03 0 3 3 3 4.754173e-14 0.000000e+00
76 190 3.284247e-02 8.249656e-03 0 3 3 3 4.761947e-14 0.000000e+00
76 191 3.284247e-02 1.038570e-02 0 3 3 3 4.774160e-14 0.000000e+00
76 192 3.284247e-02 1.307482e-02 0 3 3 3 4.793292e-14 0.000000e+00
76 193 3.284247e-02 1.646023e-02 0 3 3 3 4.823215e-14 0.000000e+00
76 194 3.284247e-02 2.072220e-02 0 3 3 3 4.870964e-14 0.000000e+00
76 195 3.284247e-02 2.608770e-02 0 3 3 3 4.970875e-14 0.000000e+00
76 196 3.284247e-02 3.284247e-02 0 3 3 3 5.005795e-14 0.000000e+00
76 197 3.284247e-02 4.134622e-02 0 3 3 3 4.005831e-14 0.000000e+00
76 198 3.284247e-02 5.205181e-02 0 3 3 3 3.011057e-14 0.000000e+00
76 199 3.284247e-02 6.552935e-02 0 3 3 3 2.143526e-14 0.000000e+00
77 180 4.134622e-02 8.249656e-04 0 3 3 3 3.710831e-14 0.000000e+00
77 181 4.134622e-02 1.038570e-03 0 3 3 3 3.710975e-14 0.000000e+00
77 182 4.134622e-02 1.307482e-03 0 3 3 3 3.711137e-14 0.000000e+00
77 183 4.134622e-02 1.646023e-03 0 3 3 3 3.711433e-14 0.000000e+00
77 184 4.134622e-02 2.072220e-03 0 3 3 3 3.711872e-14 0.000000e+00
77 185 4.134622e-02 2.608770e-03 0 3 3 3 3.712565e-14 0.000000e+00
77 186 4.134622e-02 3.284247e-03 0 3 3 3 3.713668e-14 0.000000e+00
77 187 4.134622e-02 4.134622e-03 0 3 3 3 3.715422e-14 0.000000e+00
77 188 4.134622e-02 5.205181e-03 0 3 3 3 3.718195e-14 0.000000e+00
77 189 4.134622e-02 6.552935e-03 0 3 3 3 3.722581e-14 0.000000e+00
77 190 4.134622e-02 8.249656e-03 0 3 3 3 3.729513e-14 0.000000e+00
77 191 4.134622e-02 1.038570e-02 0 3 3 3 3.740450e-14 0.000000e+00
77 192 4.134622e-02 1.307482e-02 0 3 3 3 3.757655e-14 0.000000e+00
77 193 4.134622e-02 1.646023e-02 0 3 3 3 3.784593e-14 0.000000e+00
77 194 4.134622e-02 2.072220e-02 0 3 3 3 3.826505e-14 0.000000e+00
77 195 4.134622e-02 2.608770e-02 0 3 3 3 3.891518e-14 0.000000e+00
77 196 4.134622e-02 3.284247e-02 0 3 3 3 4.005831e-14 0.000000e+00
77 197 4.134622e-02 4.134622e-02 0 3 3 3 4.043272e-14 0.000000e+00
77 198 4.134622e-02 5.205181e-02 0 3 3 3 3.147997e-14 0.000000e+00
77 199 4.134622e-02 6.552935e-02 0 3 3 3 2.244425e-14 0.000000e+00
78 180 5.205181e-02 8.249656e-04 0 3 3 3 2.780264e-14 0.000000e+00
78 181 5.205181e-02 1.038570e-03 0 3 3 3 2.780377e-14 0.000000e+00
78 182 5.205181e-02 1.307482e-03 0 3 3 3 2.780496e-14 0.000000e+00
78 183 5.205181e-02 1.646023e-03 0 3 3 3 2.780726e-14 0.000000e+00
78 184 5.205181e-02 2.072220e-03 0 3 3 3 2.781067e-14 0.000000e+00
78 185 5.205181e-02 2.608770e-03 0 3 3 3 2.781613e-14 0.000000e+00
78 186 5.205181e-02 3.284247e-03 0 3 3 3 2.782480e-14 0.000000e+00
78 187 5.205181e-02 4.134622e-03 0 3 3 3 2.783850e-14 0.000000e+00
78 188 5.205181e-02 5.205181e-03 0 3 3 3 2.786019e-14 0.000000e+00
78 189 5.205181e-02 6.552935e-03 0 3 3 3 2.789461e-14 0.000000e+00
78 190 5.205181e-02 8.249656e-03 0 3 3 3 2.794913e-14 0.000000e+00
78 191 5.205181e-02 1.038570e-02 0 3 3 3 2.803558e-14 0.000000e+00
78 192 5.205181e-02 1.307482e-02 0 3 3 3 2.817254e-14 0.000000e+00
78 193 5.205181e-02 1.646023e-02 0 3 3 3 2.838941e-14 0.000000e+00
78 194 5.205181e-02 2.072220e-02 0 3 3 3 2.873207e-14 0.000000e+00
78 195 5.205181e-02 2.608770e-02 0 3 3 3 2.927084e-14 0.000000e+00
78 196 5.205181e-02 3.284247e-02 0 3 3 3 3.011057e-14 0.000000e+00
78 197 5.205181e-02 4.134622e-02 0 3 3 3 3.147997e-14 0.000000e+00
78 198 5.205181e-02 5.205181e-02 0 3 3 3 3.202559e-14 0.000000e+00
78 199 5.205181e-02 6.552935e-02 0 3 3 3 2.406389e-14 0.000000e+00
79 180 6.552935e-02 8.249656e-04 0 3 3 3 1.972385e-14 0.000000e+00
79 181 6.552935e-02 1.038570e-03 0 3 3 3 1.972476e-14 0.000000e+00
79 182 6.552935e-02 1.307482e-03 0 3 3 3 1.972561e-14 0.000000e+00
79 183 6.552935e-02 1.646023e-03 0 3 3 3 1.972732e-14 0.000000e+00
79 184 6.552935e-02 2.072220e-03 0 3 3 3 1.972979e-14 0.000000e+00
79 185 6.552935e-02 2.608770e-03 0 3 3 3 1.973372e-14 0.000000e+00
79 186 6.552935e-02 3.284247e-03 0 3 3 3 1.973995e-14 0.000000e+00
79 187 6.552935e-02 4.134622e-03 0 3 3 3 1.974984e-14 0.000000e+00
79 188 6.552935e-02 5.205181e-03 0 3 3 3 1.976554e-14 0.000000e+00
79 189 6.552935e-02 6.552935e-03 0 3 3 3 1.979040e-14 0.000000e+00
79 190 6.552935e-02 8.249656e-03 0 3 3 3 1.982981e-14 0.000000e+00
79 191 6.552935e-02 1.038570e-02 0 3 3 3 1.989235e-14 0.000000e+00
79 192 6.552935e-02 1.307482e-02 0 3 3 3 1.999158e-14 0.000000e+00
79 193 6.552935e-02 1.646023e-02 0 3 3 3 2.014923e-14 0.000000e+00
79 194 6.552935e-02 2.072220e-02 0 3 3 3 2.039993e-14 0.000000e+00
79 195 6.552935e-02 2.608770e-02 0 3 3 3 2.079919e-14 0.000000e+00
79 196 6.552935e-02 3.284247e-02 0 3 3 3 2.143526e-14 0.000000e+00
79 197 6.552935e-02 4.134622e-02 0 3 3 3 2.244425e-14 0.000000e+00
79 198 6.552935e-02 5.205181e-02 0 3 3 3 2.406389e-14 0.000000e+00
79 199 6.552935e-02 6.552935e-02 0 3 3 3 2.487612e-14 0.000000e+00
