# Please cite the following papers in research using this covariance:
# arXiv: 1601.05779, https://arxiv.org/abs/1601.05779
# arXiv: 1911.11947, https://arxiv.org/abs/1911.11947
# arXiv: 2004.04833, https://arxiv.org/abs/2004.04833
########################################################
20 140 8.249656e-04 8.249656e-04 0 1 2 2 4.348754e-14 0.000000e+00
20 141 8.249656e-04 1.038570e-03 0 1 2 2 4.308110e-14 0.000000e+00
20 142 8.249656e-04 1.307482e-03 0 1 2 2 4.249306e-14 0.000000e+00
20 143 8.249656e-04 1.646023e-03 0 1 2 2 4.172639e-14 0.000000e+00
20 144 8.249656e-04 2.072220e-03 0 1 2 2 4.079847e-14 0.000000e+00
20 145 8.249656e-04 2.608770e-03 0 1 2 2 3.973395e-14 0.000000e+00
20 146 8.249656e-04 3.284247e-03 0 1 2 2 3.855610e-14 0.000000e+00
20 147 8.249656e-04 4.134622e-03 0 1 2 2 3.727943e-14 0.000000e+00
20 148 8.249656e-04 5.205181e-03 0 1 2 2 3.590448e-14 0.000000e+00
20 149 8.249656e-04 6.552935e-03 0 1 2 2 3.441618e-14 0.000000e+00
20 150 8.249656e-04 8.249656e-03 0 1 2 2 3.278596e-14 0.000000e+00
20 151 8.249656e-04 1.038570e-02 0 1 2 2 3.097685e-14 0.000000e+00
20 152 8.249656e-04 1.307482e-02 0 1 2 2 2.895074e-14 0.000000e+00
20 153 8.249656e-04 1.646023e-02 0 1 2 2 2.667695e-14 0.000000e+00
20 154 8.249656e-04 2.072220e-02 0 1 2 2 2.414193e-14 0.000000e+00
20 155 8.249656e-04 2.608770e-02 0 1 2 2 2.135906e-14 0.000000e+00
20 156 8.249656e-04 3.284247e-02 0 1 2 2 1.837727e-14 0.000000e+00
20 157 8.249656e-04 4.134622e-02 0 1 2 2 1.528574e-14 0.000000e+00
20 158 8.249656e-04 5.205181e-02 0 1 2 2 1.221048e-14 0.000000e+00
20 159 8.249656e-04 6.552935e-02 0 1 2 2 9.296803e-15 0.000000e+00
21 140 1.038570e-03 8.249656e-04 0 1 2 2 4.308110e-14 0.000000e+00
21 141 1.038570e-03 1.038570e-03 0 1 2 2 4.279093e-14 0.000000e+00
21 142 1.038570e-03 1.307482e-03 0 1 2 2 4.231212e-14 0.000000e+00
21 143 1.038570e-03 1.646023e-03 0 1 2 2 4.162253e-14 0.000000e+00
21 144 1.038570e-03 2.072220e-03 0 1 2 2 4.074228e-14 0.000000e+00
21 145 1.038570e-03 2.608770e-03 0 1 2 2 3.970420e-14 0.000000e+00
21 146 1.038570e-03 3.284247e-03 0 1 2 2 3.853956e-14 0.000000e+00
21 147 1.038570e-03 4.134622e-03 0 1 2 2 3.726897e-14 0.000000e+00
21 148 1.038570e-03 5.205181e-03 0 1 2 2 3.589683e-14 0.000000e+00
21 149 1.038570e-03 6.552935e-03 0 1 2 2 3.441012e-14 0.000000e+00
21 150 1.038570e-03 8.249656e-03 0 1 2 2 3.278114e-14 0.000000e+00
21 151 1.038570e-03 1.038570e-02 0 1 2 2 3.097318e-14 0.000000e+00
21 152 1.038570e-03 1.307482e-02 0 1 2 2 2.894812e-14 0.000000e+00
21 153 1.038570e-03 1.646023e-02 0 1 2 2 2.667525e-14 0.000000e+00
21 154 1.038570e-03 2.072220e-02 0 1 2 2 2.414096e-14 0.000000e+00
21 155 1.038570e-03 2.608770e-02 0 1 2 2 2.135863e-14 0.000000e+00
21 156 1.038570e-03 3.284247e-02 0 1 2 2 1.837721e-14 0.000000e+00
21 157 1.038570e-03 4.134622e-02 0 1 2 2 1.528590e-14 0.000000e+00
21 158 1.038570e-03 5.205181e-02 0 1 2 2 1.221074e-14 0.000000e+00
21 159 1.038570e-03 6.552935e-02 0 1 2 2 9.297078e-15 0.000000e+00
22 140 1.307482e-03 8.249656e-04 0 1 2 2 4.249306e-14 0.000000e+00
22 141 1.307482e-03 1.038570e-03 0 1 2 2 4.231212e-14 0.000000e+00
22 142 1.307482e-03 1.307482e-03 0 1 2 2 4.198819e-14 0.000000e+00
22 143 1.307482e-03 1.646023e-03 0 1 2 2 4.143623e-14 0.000000e+00
22 144 1.307482e-03 2.072220e-03 0 1 2 2 4.064319e-14 0.000000e+00
22 145 1.307482e-03 2.608770e-03 0 1 2 2 3.965292e-14 0.000000e+00
22 146 1.307482e-03 3.284247e-03 0 1 2 2 3.851174e-14 0.000000e+00
22 147 1.307482e-03 4.134622e-03 0 1 2 2 3.725170e-14 0.000000e+00
22 148 1.307482e-03 5.205181e-03 0 1 2 2 3.588429e-14 0.000000e+00
22 149 1.307482e-03 6.552935e-03 0 1 2 2 3.440017e-14 0.000000e+00
22 150 1.307482e-03 8.249656e-03 0 1 2 2 3.277317e-14 0.000000e+00
22 151 1.307482e-03 1.038570e-02 0 1 2 2 3.096703e-14 0.000000e+00
22 152 1.307482e-03 1.307482e-02 0 1 2 2 2.894364e-14 0.000000e+00
22 153 1.307482e-03 1.646023e-02 0 1 2 2 2.667222e-14 0.000000e+00
22 154 1.307482e-03 2.072220e-02 0 1 2 2 2.413910e-14 0.000000e+00
22 155 1.307482e-03 2.608770e-02 0 1 2 2 2.135764e-14 0.000000e+00
22 156 1.307482e-03 3.284247e-02 0 1 2 2 1.837680e-14 0.000000e+00
22 157 1.307482e-03 4.134622e-02 0 1 2 2 1.528584e-14 0.000000e+00
22 158 1.307482e-03 5.205181e-02 0 1 2 2 1.221084e-14 0.000000e+00
22 159 1.307482e-03 6.552935e-02 0 1 2 2 9.297219e-15 0.000000e+00
23 140 1.646023e-03 8.249656e-04 0 1 2 2 4.172639e-14 0.000000e+00
23 141 1.646023e-03 1.038570e-03 0 1 2 2 4.162253e-14 0.000000e+00
23 142 1.646023e-03 1.307482e-03 0 1 2 2 4.143623e-14 0.000000e+00
23 143 1.646023e-03 1.646023e-03 0 1 2 2 4.108434e-14 0.000000e+00
23 144 1.646023e-03 2.072220e-03 0 1 2 2 4.045812e-14 0.000000e+00
23 145 1.646023e-03 2.608770e-03 0 1 2 2 3.956089e-14 0.000000e+00
23 146 1.646023e-03 3.284247e-03 0 1 2 2 3.846422e-14 0.000000e+00
23 147 1.646023e-03 4.134622e-03 0 1 2 2 3.722352e-14 0.000000e+00
23 148 1.646023e-03 5.205181e-03 0 1 2 2 3.586440e-14 0.000000e+00
23 149 1.646023e-03 6.552935e-03 0 1 2 2 3.438458e-14 0.000000e+00
23 150 1.646023e-03 8.249656e-03 0 1 2 2 3.276075e-14 0.000000e+00
23 151 1.646023e-03 1.038570e-02 0 1 2 2 3.095749e-14 0.000000e+00
23 152 1.646023e-03 1.307482e-02 0 1 2 2 2.893676e-14 0.000000e+00
23 153 1.646023e-03 1.646023e-02 0 1 2 2 2.666764e-14 0.000000e+00
23 154 1.646023e-03 2.072220e-02 0 1 2 2 2.413637e-14 0.000000e+00
23 155 1.646023e-03 2.608770e-02 0 1 2 2 2.135628e-14 0.000000e+00
23 156 1.646023e-03 3.284247e-02 0 1 2 2 1.837636e-14 0.000000e+00
23 157 1.646023e-03 4.134622e-02 0 1 2 2 1.528595e-14 0.000000e+00
23 158 1.646023e-03 5.205181e-02 0 1 2 2 1.221120e-14 0.000000e+00
23 159 1.646023e-03 6.552935e-02 0 1 2 2 9.297621e-15 0.000000e+00
24 140 2.072220e-03 8.249656e-04 0 1 2 2 4.079847e-14 0.000000e+00
24 141 2.072220e-03 1.038570e-03 0 1 2 2 4.074228e-14 0.000000e+00
24 142 2.072220e-03 1.307482e-03 0 1 2 2 4.064319e-14 0.000000e+00
24 143 2.072220e-03 1.646023e-03 0 1 2 2 4.045812e-14 0.000000e+00
24 144 2.072220e-03 2.072220e-03 0 1 2 2 4.008309e-14 0.000000e+00
24 145 2.072220e-03 2.608770e-03 0 1 2 2 3.938069e-14 0.000000e+00
24 146 2.072220e-03 3.284247e-03 0 1 2 2 3.837765e-14 0.000000e+00
24 147 2.072220e-03 4.134622e-03 0 1 2 2 3.717567e-14 0.000000e+00
24 148 2.072220e-03 5.205181e-03 0 1 2 2 3.583206e-14 0.000000e+00
24 149 2.072220e-03 6.552935e-03 0 1 2 2 3.435962e-14 0.000000e+00
24 150 2.072220e-03 8.249656e-03 0 1 2 2 3.274091e-14 0.000000e+00
24 151 2.072220e-03 1.038570e-02 0 1 2 2 3.094222e-14 0.000000e+00
24 152 2.072220e-03 1.307482e-02 0 1 2 2 2.892570e-14 0.000000e+00
24 153 2.072220e-03 1.646023e-02 0 1 2 2 2.666022e-14 0.000000e+00
24 154 2.072220e-03 2.072220e-02 0 1 2 2 2.413189e-14 0.000000e+00
24 155 2.072220e-03 2.608770e-02 0 1 2 2 2.135398e-14 0.000000e+00
24 156 2.072220e-03 3.284247e-02 0 1 2 2 1.837553e-14 0.000000e+00
24 157 2.072220e-03 4.134622e-02 0 1 2 2 1.528598e-14 0.000000e+00
24 158 2.072220e-03 5.205181e-02 0 1 2 2 1.221163e-14 0.000000e+00
24 159 2.072220e-03 6.552935e-02 0 1 2 2 9.298129e-15 0.000000e+00
25 140 2.608770e-03 8.249656e-04 0 1 2 2 3.973395e-14 0.000000e+00
25 141 2.608770e-03 1.038570e-03 0 1 2 2 3.970420e-14 0.000000e+00
25 142 2.608770e-03 1.307482e-03 0 1 2 2 3.965292e-14 0.000000e+00
25 143 2.608770e-03 1.646023e-03 0 1 2 2 3.956089e-14 0.000000e+00
25 144 2.608770e-03 2.072220e-03 0 1 2 2 3.938069e-14 0.000000e+00
25 145 2.608770e-03 2.608770e-03 0 1 2 2 3.898570e-14 0.000000e+00
25 146 2.608770e-03 3.284247e-03 0 1 2 2 3.820261e-14 0.000000e+00
25 147 2.608770e-03 4.134622e-03 0 1 2 2 3.708990e-14 0.000000e+00
25 148 2.608770e-03 5.205181e-03 0 1 2 2 3.577867e-14 0.000000e+00
25 149 2.608770e-03 6.552935e-03 0 1 2 2 3.431970e-14 0.000000e+00
25 150 2.608770e-03 8.249656e-03 0 1 2 2 3.270942e-14 0.000000e+00
25 151 2.608770e-03 1.038570e-02 0 1 2 2 3.091802e-14 0.000000e+00
25 152 2.608770e-03 1.307482e-02 0 1 2 2 2.890815e-14 0.000000e+00
25 153 2.608770e-03 1.646023e-02 0 1 2 2 2.664847e-14 0.000000e+00
25 154 2.608770e-03 2.072220e-02 0 1 2 2 2.412479e-14 0.000000e+00
25 155 2.608770e-03 2.608770e-02 0 1 2 2 2.135033e-14 0.000000e+00
25 156 2.608770e-03 3.284247e-02 0 1 2 2 1.837421e-14 0.000000e+00
25 157 2.608770e-03 4.134622e-02 0 1 2 2 1.528604e-14 0.000000e+00
25 158 2.608770e-03 5.205181e-02 0 1 2 2 1.221233e-14 0.000000e+00
25 159 2.608770e-03 6.552935e-02 0 1 2 2 9.298950e-15 0.000000e+00
26 140 3.284247e-03 8.249656e-04 0 1 2 2 3.855610e-14 0.000000e+00
26 141 3.284247e-03 1.038570e-03 0 1 2 2 3.853956e-14 0.000000e+00
26 142 3.284247e-03 1.307482e-03 0 1 2 2 3.851174e-14 0.000000e+00
26 143 3.284247e-03 1.646023e-03 0 1 2 2 3.846422e-14 0.000000e+00
26 144 3.284247e-03 2.072220e-03 0 1 2 2 3.837765e-14 0.000000e+00
26 145 3.284247e-03 2.608770e-03 0 1 2 2 3.820261e-14 0.000000e+00
26 146 3.284247e-03 3.284247e-03 0 1 2 2 3.778736e-14 0.000000e+00
26 147 3.284247e-03 4.134622e-03 0 1 2 2 3.691580e-14 0.000000e+00
26 148 3.284247e-03 5.205181e-03 0 1 2 2 3.568627e-14 0.000000e+00
26 149 3.284247e-03 6.552935e-03 0 1 2 2 3.425520e-14 0.000000e+00
26 150 3.284247e-03 8.249656e-03 0 1 2 2 3.265936e-14 0.000000e+00
26 151 3.284247e-03 1.038570e-02 0 1 2 2 3.087959e-14 0.000000e+00
26 152 3.284247e-03 1.307482e-02 0 1 2 2 2.888028e-14 0.000000e+00
26 153 3.284247e-03 1.646023e-02 0 1 2 2 2.662978e-14 0.000000e+00
26 154 3.284247e-03 2.072220e-02 0 1 2 2 2.411351e-14 0.000000e+00
26 155 3.284247e-03 2.608770e-02 0 1 2 2 2.134453e-14 0.000000e+00
26 156 3.284247e-03 3.284247e-02 0 1 2 2 1.837211e-14 0.000000e+00
26 157 3.284247e-03 4.134622e-02 0 1 2 2 1.528613e-14 0.000000e+00
26 158 3.284247e-03 5.205181e-02 0 1 2 2 1.221343e-14 0.000000e+00
26 159 3.284247e-03 6.552935e-02 0 1 2 2 9.300252e-15 0.000000e+00
27 140 4.134622e-03 8.249656e-04 0 1 2 2 3.727943e-14 0.000000e+00
27 141 4.134622e-03 1.038570e-03 0 1 2 2 3.726897e-14 0.000000e+00
27 142 4.134622e-03 1.307482e-03 0 1 2 2 3.725170e-14 0.000000e+00
27 143 4.134622e-03 1.646023e-03 0 1 2 2 3.722352e-14 0.000000e+00
27 144 4.134622e-03 2.072220e-03 0 1 2 2 3.717567e-14 0.000000e+00
27 145 4.134622e-03 2.608770e-03 0 1 2 2 3.708990e-14 0.000000e+00
27 146 4.134622e-03 3.284247e-03 0 1 2 2 3.691580e-14 0.000000e+00
27 147 4.134622e-03 4.134622e-03 0 1 2 2 3.647597e-14 0.000000e+00
27 148 4.134622e-03 5.205181e-03 0 1 2 2 3.550489e-14 0.000000e+00
27 149 4.134622e-03 6.552935e-03 0 1 2 2 3.414773e-14 0.000000e+00
27 150 4.134622e-03 8.249656e-03 0 1 2 2 3.257937e-14 0.000000e+00
27 151 4.134622e-03 1.038570e-02 0 1 2 2 3.081851e-14 0.000000e+00
27 152 4.134622e-03 1.307482e-02 0 1 2 2 2.883596e-14 0.000000e+00
27 153 4.134622e-03 1.646023e-02 0 1 2 2 2.660004e-14 0.000000e+00
27 154 4.134622e-03 2.072220e-02 0 1 2 2 2.409554e-14 0.000000e+00
27 155 4.134622e-03 2.608770e-02 0 1 2 2 2.133530e-14 0.000000e+00
27 156 4.134622e-03 3.284247e-02 0 1 2 2 1.836877e-14 0.000000e+00
27 157 4.134622e-03 4.134622e-02 0 1 2 2 1.528626e-14 0.000000e+00
27 158 4.134622e-03 5.205181e-02 0 1 2 2 1.221518e-14 0.000000e+00
27 159 4.134622e-03 6.552935e-02 0 1 2 2 9.302315e-15 0.000000e+00
28 140 5.205181e-03 8.249656e-04 0 1 2 2 3.590448e-14 0.000000e+00
28 141 5.205181e-03 1.038570e-03 0 1 2 2 3.589683e-14 0.000000e+00
28 142 5.205181e-03 1.307482e-03 0 1 2 2 3.588429e-14 0.000000e+00
28 143 5.205181e-03 1.646023e-03 0 1 2 2 3.586440e-14 0.000000e+00
28 144 5.205181e-03 2.072220e-03 0 1 2 2 3.583206e-14 0.000000e+00
28 145 5.205181e-03 2.608770e-03 0 1 2 2 3.577867e-14 0.000000e+00
28 146 5.205181e-03 3.284247e-03 0 1 2 2 3.568627e-14 0.000000e+00
28 147 5.205181e-03 4.134622e-03 0 1 2 2 3.550489e-14 0.000000e+00
28 148 5.205181e-03 5.205181e-03 0 1 2 2 3.503238e-14 0.000000e+00
28 149 5.205181e-03 6.552935e-03 0 1 2 2 3.394839e-14 0.000000e+00
28 150 5.205181e-03 8.249656e-03 0 1 2 2 3.244949e-14 0.000000e+00
28 151 5.205181e-03 1.038570e-02 0 1 2 2 3.072119e-14 0.000000e+00
28 152 5.205181e-03 1.307482e-02 0 1 2 2 2.876531e-14 0.000000e+00
28 153 5.205181e-03 1.646023e-02 0 1 2 2 2.655257e-14 0.000000e+00
28 154 5.205181e-03 2.072220e-02 0 1 2 2 2.406683e-14 0.000000e+00
28 155 5.205181e-03 2.608770e-02 0 1 2 2 2.132052e-14 0.000000e+00
28 156 5.205181e-03 3.284247e-02 0 1 2 2 1.836339e-14 0.000000e+00
28 157 5.205181e-03 4.134622e-02 0 1 2 2 1.528644e-14 0.000000e+00
28 158 5.205181e-03 5.205181e-02 0 1 2 2 1.221794e-14 0.000000e+00
28 159 5.205181e-03 6.552935e-02 0 1 2 2 9.305579e-15 0.000000e+00
29 140 6.552935e-03 8.249656e-04 0 1 2 2 3.441618e-14 0.000000e+00
29 141 6.552935e-03 1.038570e-03 0 1 2 2 3.441012e-14 0.000000e+00
29 142 6.552935e-03 1.307482e-03 0 1 2 2 3.440017e-14 0.000000e+00
29 143 6.552935e-03 1.646023e-03 0 1 2 2 3.438458e-14 0.000000e+00
29 144 6.552935e-03 2.072220e-03 0 1 2 2 3.435962e-14 0.000000e+00
29 145 6.552935e-03 2.608770e-03 0 1 2 2 3.431970e-14 0.000000e+00
29 146 6.552935e-03 3.284247e-03 0 1 2 2 3.425520e-14 0.000000e+00
29 147 6.552935e-03 4.134622e-03 0 1 2 2 3.414773e-14 0.000000e+00
29 148 6.552935e-03 5.205181e-03 0 1 2 2 3.394839e-14 0.000000e+00
29 149 6.552935e-03 6.552935e-03 0 1 2 2 3.343251e-14 0.000000e+00
29 150 6.552935e-03 8.249656e-03 0 1 2 2 3.222147e-14 0.000000e+00
29 151 6.552935e-03 1.038570e-02 0 1 2 2 3.056481e-14 0.000000e+00
29 152 6.552935e-03 1.307482e-02 0 1 2 2 2.865236e-14 0.000000e+00
29 153 6.552935e-03 1.646023e-02 0 1 2 2 2.647651e-14 0.000000e+00
29 154 6.552935e-03 2.072220e-02 0 1 2 2 2.402075e-14 0.000000e+00
29 155 6.552935e-03 2.608770e-02 0 1 2 2 2.129677e-14 0.000000e+00
29 156 6.552935e-03 3.284247e-02 0 1 2 2 1.835468e-14 0.000000e+00
29 157 6.552935e-03 4.134622e-02 0 1 2 2 1.528663e-14 0.000000e+00
29 158 6.552935e-03 5.205181e-02 0 1 2 2 1.222226e-14 0.000000e+00
29 159 6.552935e-03 6.552935e-02 0 1 2 2 9.310737e-15 0.000000e+00
30 140 8.249656e-03 8.249656e-04 0 1 2 2 3.278596e-14 0.000000e+00
30 141 8.249656e-03 1.038570e-03 0 1 2 2 3.278114e-14 0.000000e+00
30 142 8.249656e-03 1.307482e-03 0 1 2 2 3.277317e-14 0.000000e+00
30 143 8.249656e-03 1.646023e-03 0 1 2 2 3.276075e-14 0.000000e+00
30 144 8.249656e-03 2.072220e-03 0 1 2 2 3.274091e-14 0.000000e+00
30 145 8.249656e-03 2.608770e-03 0 1 2 2 3.270942e-14 0.000000e+00
30 146 8.249656e-03 3.284247e-03 0 1 2 2 3.265936e-14 0.000000e+00
30 147 8.249656e-03 4.134622e-03 0 1 2 2 3.257937e-14 0.000000e+00
30 148 8.249656e-03 5.205181e-03 0 1 2 2 3.244949e-14 0.000000e+00
30 149 8.249656e-03 6.552935e-03 0 1 2 2 3.222147e-14 0.000000e+00
30 150 8.249656e-03 8.249656e-03 0 1 2 2 3.165108e-14 0.000000e+00
30 151 8.249656e-03 1.038570e-02 0 1 2 2 3.030039e-14 0.000000e+00
30 152 8.249656e-03 1.307482e-02 0 1 2 2 2.847061e-14 0.000000e+00
30 153 8.249656e-03 1.646023e-02 0 1 2 2 2.635393e-14 0.000000e+00
30 154 8.249656e-03 2.072220e-02 0 1 2 2 2.394630e-14 0.000000e+00
30 155 8.249656e-03 2.608770e-02 0 1 2 2 2.125827e-14 0.000000e+00
30 156 8.249656e-03 3.284247e-02 0 1 2 2 1.834043e-14 0.000000e+00
30 157 8.249656e-03 4.134622e-02 0 1 2 2 1.528671e-14 0.000000e+00
30 158 8.249656e-03 5.205181e-02 0 1 2 2 1.222901e-14 0.000000e+00
30 159 8.249656e-03 6.552935e-02 0 1 2 2 9.318880e-15 0.000000e+00
31 140 1.038570e-02 8.249656e-04 0 1 2 2 3.097685e-14 0.000000e+00
31 141 1.038570e-02 1.038570e-03 0 1 2 2 3.097318e-14 0.000000e+00
31 142 1.038570e-02 1.307482e-03 0 1 2 2 3.096703e-14 0.000000e+00
31 143 1.038570e-02 1.646023e-03 0 1 2 2 3.095749e-14 0.000000e+00
31 144 1.038570e-02 2.072220e-03 0 1 2 2 3.094222e-14 0.000000e+00
31 145 1.038570e-02 2.608770e-03 0 1 2 2 3.091802e-14 0.000000e+00
31 146 1.038570e-02 3.284247e-03 0 1 2 2 3.087959e-14 0.000000e+00
31 147 1.038570e-02 4.134622e-03 0 1 2 2 3.081851e-14 0.000000e+00
31 148 1.038570e-02 5.205181e-03 0 1 2 2 3.072119e-14 0.000000e+00
31 149 1.038570e-02 6.552935e-03 0 1 2 2 3.056481e-14 0.000000e+00
31 150 1.038570e-02 8.249656e-03 0 1 2 2 3.030039e-14 0.000000e+00
31 151 1.038570e-02 1.038570e-02 0 1 2 2 2.966686e-14 0.000000e+00
31 152 1.038570e-02 1.307482e-02 0 1 2 2 2.816827e-14 0.000000e+00
31 153 1.038570e-02 1.646023e-02 0 1 2 2 2.615459e-14 0.000000e+00
31 154 1.038570e-02 2.072220e-02 0 1 2 2 2.382470e-14 0.000000e+00
31 155 1.038570e-02 2.608770e-02 0 1 2 2 2.119507e-14 0.000000e+00
31 156 1.038570e-02 3.284247e-02 0 1 2 2 1.831668e-14 0.000000e+00
31 157 1.038570e-02 4.134622e-02 0 1 2 2 1.528626e-14 0.000000e+00
31 158 1.038570e-02 5.205181e-02 0 1 2 2 1.223947e-14 0.000000e+00
31 159 1.038570e-02 6.552935e-02 0 1 2 2 9.331703e-15 0.000000e+00
32 140 1.307482e-02 8.249656e-04 0 1 2 2 2.895074e-14 0.000000e+00
32 141 1.307482e-02 1.038570e-03 0 1 2 2 2.894812e-14 0.000000e+00
32 142 1.307482e-02 1.307482e-03 0 1 2 2 2.894364e-14 0.000000e+00
32 143 1.307482e-02 1.646023e-03 0 1 2 2 2.893676e-14 0.000000e+00
32 144 1.307482e-02 2.072220e-03 0 1 2 2 2.892570e-14 0.000000e+00
32 145 1.307482e-02 2.608770e-03 0 1 2 2 2.890815e-14 0.000000e+00
32 146 1.307482e-02 3.284247e-03 0 1 2 2 2.888028e-14 0.000000e+00
32 147 1.307482e-02 4.134622e-03 0 1 2 2 2.883596e-14 0.000000e+00
32 148 1.307482e-02 5.205181e-03 0 1 2 2 2.876531e-14 0.000000e+00
32 149 1.307482e-02 6.552935e-03 0 1 2 2 2.865236e-14 0.000000e+00
32 150 1.307482e-02 8.249656e-03 0 1 2 2 2.847061e-14 0.000000e+00
32 151 1.307482e-02 1.038570e-02 0 1 2 2 2.816827e-14 0.000000e+00
32 152 1.307482e-02 1.307482e-02 0 1 2 2 2.746897e-14 0.000000e+00
32 153 1.307482e-02 1.646023e-02 0 1 2 2 2.582186e-14 0.000000e+00
32 154 1.307482e-02 2.072220e-02 0 1 2 2 2.362293e-14 0.000000e+00
32 155 1.307482e-02 2.608770e-02 0 1 2 2 2.108933e-14 0.000000e+00
32 156 1.307482e-02 3.284247e-02 0 1 2 2 1.827605e-14 0.000000e+00
32 157 1.307482e-02 4.134622e-02 0 1 2 2 1.528411e-14 0.000000e+00
32 158 1.307482e-02 5.205181e-02 0 1 2 2 1.225540e-14 0.000000e+00
32 159 1.307482e-02 6.552935e-02 0 1 2 2 9.351813e-15 0.000000e+00
33 140 1.646023e-02 8.249656e-04 0 1 2 2 2.667695e-14 0.000000e+00
33 141 1.646023e-02 1.038570e-03 0 1 2 2 2.667525e-14 0.000000e+00
33 142 1.646023e-02 1.307482e-03 0 1 2 2 2.667222e-14 0.000000e+00
33 143 1.646023e-02 1.646023e-03 0 1 2 2 2.666764e-14 0.000000e+00
33 144 1.646023e-02 2.072220e-03 0 1 2 2 2.666022e-14 0.000000e+00
33 145 1.646023e-02 2.608770e-03 0 1 2 2 2.664847e-14 0.000000e+00
33 146 1.646023e-02 3.284247e-03 0 1 2 2 2.662978e-14 0.000000e+00
33 147 1.646023e-02 4.134622e-03 0 1 2 2 2.660004e-14 0.000000e+00
33 148 1.646023e-02 5.205181e-03 0 1 2 2 2.655257e-14 0.000000e+00
33 149 1.646023e-02 6.552935e-03 0 1 2 2 2.647651e-14 0.000000e+00
33 150 1.646023e-02 8.249656e-03 0 1 2 2 2.635393e-14 0.000000e+00
33 151 1.646023e-02 1.038570e-02 0 1 2 2 2.615459e-14 0.000000e+00
33 152 1.646023e-02 1.307482e-02 0 1 2 2 2.582186e-14 0.000000e+00
33 153 1.646023e-02 1.646023e-02 0 1 2 2 2.506377e-14 0.000000e+00
33 154 1.646023e-02 2.072220e-02 0 1 2 2 2.327831e-14 0.000000e+00
33 155 1.646023e-02 2.608770e-02 0 1 2 2 2.090732e-14 0.000000e+00
33 156 1.646023e-02 3.284247e-02 0 1 2 2 1.820385e-14 0.000000e+00
33 157 1.646023e-02 4.134622e-02 0 1 2 2 1.527693e-14 0.000000e+00
33 158 1.646023e-02 5.205181e-02 0 1 2 2 1.227902e-14 0.000000e+00
33 159 1.646023e-02 6.552935e-02 0 1 2 2 9.383139e-15 0.000000e+00
34 140 2.072220e-02 8.249656e-04 0 1 2 2 2.414193e-14 0.000000e+00
34 141 2.072220e-02 1.038570e-03 0 1 2 2 2.414096e-14 0.000000e+00
34 142 2.072220e-02 1.307482e-03 0 1 2 2 2.413910e-14 0.000000e+00
34 143 2.072220e-02 1.646023e-03 0 1 2 2 2.413637e-14 0.000000e+00
34 144 2.072220e-02 2.072220e-03 0 1 2 2 2.413189e-14 0.000000e+00
34 145 2.072220e-02 2.608770e-03 0 1 2 2 2.412479e-14 0.000000e+00
34 146 2.072220e-02 3.284247e-03 0 1 2 2 2.411351e-14 0.000000e+00
34 147 2.072220e-02 4.134622e-03 0 1 2 2 2.409554e-14 0.000000e+00
34 148 2.072220e-02 5.205181e-03 0 1 2 2 2.406683e-14 0.000000e+00
34 149 2.072220e-02 6.552935e-03 0 1 2 2 2.402075e-14 0.000000e+00
34 150 2.072220e-02 8.249656e-03 0 1 2 2 2.394630e-14 0.000000e+00
34 151 2.072220e-02 1.038570e-02 0 1 2 2 2.382470e-14 0.000000e+00
34 152 2.072220e-02 1.307482e-02 0 1 2 2 2.362293e-14 0.000000e+00
34 153 2.072220e-02 1.646023e-02 0 1 2 2 2.327831e-14 0.000000e+00
34 154 2.072220e-02 2.072220e-02 0 1 2 2 2.248093e-14 0.000000e+00
34 155 2.072220e-02 2.608770e-02 0 1 2 2 2.058047e-14 0.000000e+00
34 156 2.072220e-02 3.284247e-02 0 1 2 2 1.806871e-14 0.000000e+00
34 157 2.072220e-02 4.134622e-02 0 1 2 2 1.525557e-14 0.000000e+00
34 158 2.072220e-02 5.205181e-02 0 1 2 2 1.231217e-14 0.000000e+00
34 159 2.072220e-02 6.552935e-02 0 1 2 2 9.431354e-15 0.000000e+00
35 140 2.608770e-02 8.249656e-04 0 1 2 2 2.135906e-14 0.000000e+00
35 141 2.608770e-02 1.038570e-03 0 1 2 2 2.135863e-14 0.000000e+00
35 142 2.608770e-02 1.307482e-03 0 1 2 2 2.135764e-14 0.000000e+00
35 143 2.608770e-02 1.646023e-03 0 1 2 2 2.135628e-14 0.000000e+00
35 144 2.608770e-02 2.072220e-03 0 1 2 2 2.135398e-14 0.000000e+00
35 145 2.608770e-02 2.608770e-03 0 1 2 2 2.135033e-14 0.000000e+00
35 146 2.608770e-02 3.284247e-03 0 1 2 2 2.134453e-14 0.000000e+00
35 147 2.608770e-02 4.134622e-03 0 1 2 2 2.133530e-14 0.000000e+00
35 148 2.608770e-02 5.205181e-03 0 1 2 2 2.132052e-14 0.000000e+00
35 149 2.608770e-02 6.552935e-03 0 1 2 2 2.129677e-14 0.000000e+00
35 150 2.608770e-02 8.249656e-03 0 1 2 2 2.125827e-14 0.000000e+00
35 151 2.608770e-02 1.038570e-02 0 1 2 2 2.119507e-14 0.000000e+00
35 152 2.608770e-02 1.307482e-02 0 1 2 2 2.108933e-14 0.000000e+00
35 153 2.608770e-02 1.646023e-02 0 1 2 2 2.090732e-14 0.000000e+00
35 154 2.608770e-02 2.072220e-02 0 1 2 2 2.058047e-14 0.000000e+00
35 155 2.608770e-02 2.608770e-02 0 1 2 2 1.977681e-14 0.000000e+00
35 156 2.608770e-02 3.284247e-02 0 1 2 2 1.779794e-14 0.000000e+00
35 157 2.608770e-02 4.134622e-02 0 1 2 2 1.519452e-14 0.000000e+00
35 158 2.608770e-02 5.205181e-02 0 1 2 2 1.235322e-14 0.000000e+00
35 159 2.608770e-02 6.552935e-02 0 1 2 2 9.503921e-15 0.000000e+00
36 140 3.284247e-02 8.249656e-04 0 1 2 2 1.837727e-14 0.000000e+00
36 141 3.284247e-02 1.038570e-03 0 1 2 2 1.837721e-14 0.000000e+00
36 142 3.284247e-02 1.307482e-03 0 1 2 2 1.837680e-14 0.000000e+00
36 143 3.284247e-02 1.646023e-03 0 1 2 2 1.837636e-14 0.000000e+00
36 144 3.284247e-02 2.072220e-03 0 1 2 2 1.837553e-14 0.000000e+00
36 145 3.284247e-02 2.608770e-03 0 1 2 2 1.837421e-14 0.000000e+00
36 146 3.284247e-02 3.284247e-03 0 1 2 2 1.837211e-14 0.000000e+00
36 147 3.284247e-02 4.134622e-03 0 1 2 2 1.836877e-14 0.000000e+00
36 148 3.284247e-02 5.205181e-03 0 1 2 2 1.836339e-14 0.000000e+00
36 149 3.284247e-02 6.552935e-03 0 1 2 2 1.835468e-14 0.000000e+00
36 150 3.284247e-02 8.249656e-03 0 1 2 2 1.834043e-14 0.000000e+00
36 151 3.284247e-02 1.038570e-02 0 1 2 2 1.831668e-14 0.000000e+00
36 152 3.284247e-02 1.307482e-02 0 1 2 2 1.827605e-14 0.000000e+00
36 153 3.284247e-02 1.646023e-02 0 1 2 2 1.820385e-14 0.000000e+00
36 154 3.284247e-02 2.072220e-02 0 1 2 2 1.806871e-14 0.000000e+00
36 155 3.284247e-02 2.608770e-02 0 1 2 2 1.779794e-14 0.000000e+00
36 156 3.284247e-02 3.284247e-02 0 1 2 2 1.703191e-14 0.000000e+00
36 157 3.284247e-02 4.134622e-02 0 1 2 2 1.502023e-14 0.000000e+00
36 158 3.284247e-02 5.205181e-02 0 1 2 2 1.238604e-14 0.000000e+00
36 159 3.284247e-02 6.552935e-02 0 1 2 2 9.608169e-15 0.000000e+00
37 140 4.134622e-02 8.249656e-04 0 1 2 2 1.528574e-14 0.000000e+00
37 141 4.134622e-02 1.038570e-03 0 1 2 2 1.528590e-14 0.000000e+00
37 142 4.134622e-02 1.307482e-03 0 1 2 2 1.528584e-14 0.000000e+00
37 143 4.134622e-02 1.646023e-03 0 1 2 2 1.528595e-14 0.000000e+00
37 144 4.134622e-02 2.072220e-03 0 1 2 2 1.528598e-14 0.000000e+00
37 145 4.134622e-02 2.608770e-03 0 1 2 2 1.528604e-14 0.000000e+00
37 146 4.134622e-02 3.284247e-03 0 1 2 2 1.528613e-14 0.000000e+00
37 147 4.134622e-02 4.134622e-03 0 1 2 2 1.528626e-14 0.000000e+00
37 148 4.134622e-02 5.205181e-03 0 1 2 2 1.528644e-14 0.000000e+00
37 149 4.134622e-02 6.552935e-03 0 1 2 2 1.528663e-14 0.000000e+00
37 150 4.134622e-02 8.249656e-03 0 1 2 2 1.528671e-14 0.000000e+00
37 151 4.134622e-02 1.038570e-02 0 1 2 2 1.528626e-14 0.000000e+00
37 152 4.134622e-02 1.307482e-02 0 1 2 2 1.528411e-14 0.000000e+00
37 153 4.134622e-02 1.646023e-02 0 1 2 2 1.527693e-14 0.000000e+00
37 154 4.134622e-02 2.072220e-02 0 1 2 2 1.525557e-14 0.000000e+00
37 155 4.134622e-02 2.608770e-02 0 1 2 2 1.519452e-14 0.000000e+00
37 156 4.134622e-02 3.284247e-02 0 1 2 2 1.502023e-14 0.000000e+00
37 157 4.134622e-02 4.134622e-02 0 1 2 2 1.433926e-14 0.000000e+00
37 158 4.134622e-02 5.205181e-02 0 1 2 2 1.234124e-14 0.000000e+00
37 159 4.134622e-02 6.552935e-02 0 1 2 2 9.741261e-15 0.000000e+00
38 140 5.205181e-02 8.249656e-04 0 1 2 2 1.221048e-14 0.000000e+00
38 141 5.205181e-02 1.038570e-03 0 1 2 2 1.221074e-14 0.000000e+00
38 142 5.205181e-02 1.307482e-03 0 1 2 2 1.221084e-14 0.000000e+00
38 143 5.205181e-02 1.646023e-03 0 1 2 2 1.221120e-14 0.000000e+00
38 144 5.205181e-02 2.072220e-03 0 1 2 2 1.221163e-14 0.000000e+00
38 145 5.205181e-02 2.608770e-03 0 1 2 2 1.221233e-14 0.000000e+00
38 146 5.205181e-02 3.284247e-03 0 1 2 2 1.221343e-14 0.000000e+00
38 147 5.205181e-02 4.134622e-03 0 1 2 2 1.221518e-14 0.000000e+00
38 148 5.205181e-02 5.205181e-03 0 1 2 2 1.221794e-14 0.000000e+00
38 149 5.205181e-02 6.552935e-03 0 1 2 2 1.222226e-14 0.000000e+00
38 150 5.205181e-02 8.249656e-03 0 1 2 2 1.222901e-14 0.000000e+00
38 151 5.205181e-02 1.038570e-02 0 1 2 2 1.223947e-14 0.000000e+00
38 152 5.205181e-02 1.307482e-02 0 1 2 2 1.225540e-14 0.000000e+00
38 153 5.205181e-02 1.646023e-02 0 1 2 2 1.227902e-14 0.000000e+00
38 154 5.205181e-02 2.072220e-02 0 1 2 2 1.231217e-14 0.000000e+00
38 155 5.205181e-02 2.608770e-02 0 1 2 2 1.235322e-14 0.000000e+00
38 156 5.205181e-02 3.284247e-02 0 1 2 2 1.238604e-14 0.000000e+00
38 157 5.205181e-02 4.134622e-02 0 1 2 2 1.234124e-14 0.000000e+00
38 158 5.205181e-02 5.205181e-02 0 1 2 2 1.178753e-14 0.000000e+00
38 159 5.205181e-02 6.552935e-02 0 1 2 2 9.845777e-15 0.000000e+00
39 140 6.552935e-02 8.249656e-04 0 1 2 2 9.296803e-15 0.000000e+00
39 141 6.552935e-02 1.038570e-03 0 1 2 2 9.297078e-15 0.000000e+00
39 142 6.552935e-02 1.307482e-03 0 1 2 2 9.297219e-15 0.000000e+00
39 143 6.552935e-02 1.646023e-03 0 1 2 2 9.297621e-15 0.000000e+00
39 144 6.552935e-02 2.072220e-03 0 1 2 2 9.298129e-15 0.000000e+00
39 145 6.552935e-02 2.608770e-03 0 1 2 2 9.298950e-15 0.000000e+00
39 146 6.552935e-02 3.284247e-03 0 1 2 2 9.300252e-15 0.000000e+00
39 147 6.552935e-02 4.134622e-03 0 1 2 2 9.302315e-15 0.000000e+00
39 148 6.552935e-02 5.205181e-03 0 1 2 2 9.305579e-15 0.000000e+00
39 149 6.552935e-02 6.552935e-03 0 1 2 2 9.310737e-15 0.000000e+00
39 150 6.552935e-02 8.249656e-03 0 1 2 2 9.318880e-15 0.000000e+00
39 151 6.552935e-02 1.038570e-02 0 1 2 2 9.331703e-15 0.000000e+00
39 152 6.552935e-02 1.307482e-02 0 1 2 2 9.351813e-15 0.000000e+00
39 153 6.552935e-02 1.646023e-02 0 1 2 2 9.383139e-15 0.000000e+00
39 154 6.552935e-02 2.072220e-02 0 1 2 2 9.431354e-15 0.000000e+00
39 155 6.552935e-02 2.608770e-02 0 1 2 2 9.503921e-15 0.000000e+00
39 156 6.552935e-02 3.284247e-02 0 1 2 2 9.608169e-15 0.000000e+00
39 157 6.552935e-02 4.134622e-02 0 1 2 2 9.741261e-15 0.000000e+00
39 158 6.552935e-02 5.205181e-02 0 1 2 2 9.845777e-15 0.000000e+00
39 159 6.552935e-02 6.552935e-02 0 1 2 2 9.453465e-15 0.000000e+00
