# Please cite the following papers in research using this covariance:
# arXiv: 1601.05779, https://arxiv.org/abs/1601.05779
# arXiv: 1911.11947, https://arxiv.org/abs/1911.11947
# arXiv: 2004.04833, https://arxiv.org/abs/2004.04833
########################################################
20 80 8.249656e-04 8.249656e-04 0 1 1 1 1.436734e-13 0.000000e+00
20 81 8.249656e-04 1.038570e-03 0 1 1 1 1.276258e-13 0.000000e+00
20 82 8.249656e-04 1.307482e-03 0 1 1 1 1.087783e-13 0.000000e+00
20 83 8.249656e-04 1.646023e-03 0 1 1 1 9.220455e-14 0.000000e+00
20 84 8.249656e-04 2.072220e-03 0 1 1 1 7.825885e-14 0.000000e+00
20 85 8.249656e-04 2.608770e-03 0 1 1 1 6.681801e-14 0.000000e+00
20 86 8.249656e-04 3.284247e-03 0 1 1 1 5.756904e-14 0.000000e+00
20 87 8.249656e-04 4.134622e-03 0 1 1 1 5.012204e-14 0.000000e+00
20 88 8.249656e-04 5.205181e-03 0 1 1 1 4.407870e-14 0.000000e+00
20 89 8.249656e-04 6.552935e-03 0 1 1 1 3.907520e-14 0.000000e+00
20 90 8.249656e-04 8.249656e-03 0 1 1 1 3.480584e-14 0.000000e+00
20 91 8.249656e-04 1.038570e-02 0 1 1 1 3.103122e-14 0.000000e+00
20 92 8.249656e-04 1.307482e-02 0 1 1 1 2.757620e-14 0.000000e+00
20 93 8.249656e-04 1.646023e-02 0 1 1 1 2.432301e-14 0.000000e+00
20 94 8.249656e-04 2.072220e-02 0 1 1 1 2.120105e-14 0.000000e+00
20 95 8.249656e-04 2.608770e-02 0 1 1 1 1.817759e-14 0.000000e+00
20 96 8.249656e-04 3.284247e-02 0 1 1 1 1.525349e-14 0.000000e+00
20 97 8.249656e-04 4.134622e-02 0 1 1 1 1.245623e-14 0.000000e+00
20 98 8.249656e-04 5.205181e-02 0 1 1 1 9.837679e-15 0.000000e+00
20 99 8.249656e-04 6.552935e-02 0 1 1 1 7.462873e-15 0.000000e+00
21 80 1.038570e-03 8.249656e-04 0 1 1 1 1.276258e-13 0.000000e+00
21 81 1.038570e-03 1.038570e-03 0 1 1 1 1.265098e-13 0.000000e+00
21 82 1.038570e-03 1.307482e-03 0 1 1 1 1.113465e-13 0.000000e+00
21 83 1.038570e-03 1.646023e-03 0 1 1 1 9.397635e-14 0.000000e+00
21 84 1.038570e-03 2.072220e-03 0 1 1 1 7.932266e-14 0.000000e+00
21 85 1.038570e-03 2.608770e-03 0 1 1 1 6.740993e-14 0.000000e+00
21 86 1.038570e-03 3.284247e-03 0 1 1 1 5.787897e-14 0.000000e+00
21 87 1.038570e-03 4.134622e-03 0 1 1 1 5.027571e-14 0.000000e+00
21 88 1.038570e-03 5.205181e-03 0 1 1 1 4.415108e-14 0.000000e+00
21 89 1.038570e-03 6.552935e-03 0 1 1 1 3.910765e-14 0.000000e+00
21 90 1.038570e-03 8.249656e-03 0 1 1 1 3.481976e-14 0.000000e+00
21 91 1.038570e-03 1.038570e-02 0 1 1 1 3.103699e-14 0.000000e+00
21 92 1.038570e-03 1.307482e-02 0 1 1 1 2.757857e-14 0.000000e+00
21 93 1.038570e-03 1.646023e-02 0 1 1 1 2.432406e-14 0.000000e+00
21 94 1.038570e-03 2.072220e-02 0 1 1 1 2.120160e-14 0.000000e+00
21 95 1.038570e-03 2.608770e-02 0 1 1 1 1.817799e-14 0.000000e+00
21 96 1.038570e-03 3.284247e-02 0 1 1 1 1.525384e-14 0.000000e+00
21 97 1.038570e-03 4.134622e-02 0 1 1 1 1.245656e-14 0.000000e+00
21 98 1.038570e-03 5.205181e-02 0 1 1 1 9.837966e-15 0.000000e+00
21 99 1.038570e-03 6.552935e-02 0 1 1 1 7.463129e-15 0.000000e+00
22 80 1.307482e-03 8.249656e-04 0 1 1 1 1.087783e-13 0.000000e+00
22 81 1.307482e-03 1.038570e-03 0 1 1 1 1.113465e-13 0.000000e+00
22 82 1.307482e-03 1.307482e-03 0 1 1 1 1.110498e-13 0.000000e+00
22 83 1.307482e-03 1.646023e-03 0 1 1 1 9.687999e-14 0.000000e+00
22 84 1.307482e-03 2.072220e-03 0 1 1 1 8.112048e-14 0.000000e+00
22 85 1.307482e-03 2.608770e-03 0 1 1 1 6.840324e-14 0.000000e+00
22 86 1.307482e-03 3.284247e-03 0 1 1 1 5.839291e-14 0.000000e+00
22 87 1.307482e-03 4.134622e-03 0 1 1 1 5.052761e-14 0.000000e+00
22 88 1.307482e-03 5.205181e-03 0 1 1 1 4.426851e-14 0.000000e+00
22 89 1.307482e-03 6.552935e-03 0 1 1 1 3.915982e-14 0.000000e+00
22 90 1.307482e-03 8.249656e-03 0 1 1 1 3.484186e-14 0.000000e+00
22 91 1.307482e-03 1.038570e-02 0 1 1 1 3.104592e-14 0.000000e+00
22 92 1.307482e-03 1.307482e-02 0 1 1 1 2.758206e-14 0.000000e+00
22 93 1.307482e-03 1.646023e-02 0 1 1 1 2.432546e-14 0.000000e+00
22 94 1.307482e-03 2.072220e-02 0 1 1 1 2.120218e-14 0.000000e+00
22 95 1.307482e-03 2.608770e-02 0 1 1 1 1.817836e-14 0.000000e+00
22 96 1.307482e-03 3.284247e-02 0 1 1 1 1.525411e-14 0.000000e+00
22 97 1.307482e-03 4.134622e-02 0 1 1 1 1.245682e-14 0.000000e+00
22 98 1.307482e-03 5.205181e-02 0 1 1 1 9.838167e-15 0.000000e+00
22 99 1.307482e-03 6.552935e-02 0 1 1 1 7.463287e-15 0.000000e+00
23 80 1.646023e-03 8.249656e-04 0 1 1 1 9.220455e-14 0.000000e+00
23 81 1.646023e-03 1.038570e-03 0 1 1 1 9.397635e-14 0.000000e+00
23 82 1.646023e-03 1.307482e-03 0 1 1 1 9.687999e-14 0.000000e+00
23 83 1.646023e-03 1.646023e-03 0 1 1 1 9.732344e-14 0.000000e+00
23 84 1.646023e-03 2.072220e-03 0 1 1 1 8.421252e-14 0.000000e+00
23 85 1.646023e-03 2.608770e-03 0 1 1 1 7.012813e-14 0.000000e+00
23 86 1.646023e-03 3.284247e-03 0 1 1 1 5.927024e-14 0.000000e+00
23 87 1.646023e-03 4.134622e-03 0 1 1 1 5.095016e-14 0.000000e+00
23 88 1.646023e-03 5.205181e-03 0 1 1 1 4.446272e-14 0.000000e+00
23 89 1.646023e-03 6.552935e-03 0 1 1 1 3.924519e-14 0.000000e+00
23 90 1.646023e-03 8.249656e-03 0 1 1 1 3.487781e-14 0.000000e+00
23 91 1.646023e-03 1.038570e-02 0 1 1 1 3.106047e-14 0.000000e+00
23 92 1.646023e-03 1.307482e-02 0 1 1 1 2.758787e-14 0.000000e+00
23 93 1.646023e-03 1.646023e-02 0 1 1 1 2.432785e-14 0.000000e+00
23 94 1.646023e-03 2.072220e-02 0 1 1 1 2.120332e-14 0.000000e+00
23 95 1.646023e-03 2.608770e-02 0 1 1 1 1.817913e-14 0.000000e+00
23 96 1.646023e-03 3.284247e-02 0 1 1 1 1.525473e-14 0.000000e+00
23 97 1.646023e-03 4.134622e-02 0 1 1 1 1.245740e-14 0.000000e+00
23 98 1.646023e-03 5.205181e-02 0 1 1 1 9.838656e-15 0.000000e+00
23 99 1.646023e-03 6.552935e-02 0 1 1 1 7.463692e-15 0.000000e+00
24 80 2.072220e-03 8.249656e-04 0 1 1 1 7.825885e-14 0.000000e+00
24 81 2.072220e-03 1.038570e-03 0 1 1 1 7.932266e-14 0.000000e+00
24 82 2.072220e-03 1.307482e-03 0 1 1 1 8.112048e-14 0.000000e+00
24 83 2.072220e-03 1.646023e-03 0 1 1 1 8.421252e-14 0.000000e+00
24 84 2.072220e-03 2.072220e-03 0 1 1 1 8.527343e-14 0.000000e+00
24 85 2.072220e-03 2.608770e-03 0 1 1 1 7.325094e-14 0.000000e+00
24 86 2.072220e-03 3.284247e-03 0 1 1 1 6.083857e-14 0.000000e+00
24 87 2.072220e-03 4.134622e-03 0 1 1 1 5.168405e-14 0.000000e+00
24 88 2.072220e-03 5.205181e-03 0 1 1 1 4.479179e-14 0.000000e+00
24 89 2.072220e-03 6.552935e-03 0 1 1 1 3.938711e-14 0.000000e+00
24 90 2.072220e-03 8.249656e-03 0 1 1 1 3.493669e-14 0.000000e+00
24 91 2.072220e-03 1.038570e-02 0 1 1 1 3.108399e-14 0.000000e+00
24 92 2.072220e-03 1.307482e-02 0 1 1 1 2.759706e-14 0.000000e+00
24 93 2.072220e-03 1.646023e-02 0 1 1 1 2.433154e-14 0.000000e+00
24 94 2.072220e-03 2.072220e-02 0 1 1 1 2.120505e-14 0.000000e+00
24 95 2.072220e-03 2.608770e-02 0 1 1 1 1.818021e-14 0.000000e+00
24 96 2.072220e-03 3.284247e-02 0 1 1 1 1.525559e-14 0.000000e+00
24 97 2.072220e-03 4.134622e-02 0 1 1 1 1.245816e-14 0.000000e+00
24 98 2.072220e-03 5.205181e-02 0 1 1 1 9.839321e-15 0.000000e+00
24 99 2.072220e-03 6.552935e-02 0 1 1 1 7.464219e-15 0.000000e+00
25 80 2.608770e-03 8.249656e-04 0 1 1 1 6.681801e-14 0.000000e+00
25 81 2.608770e-03 1.038570e-03 0 1 1 1 6.740993e-14 0.000000e+00
25 82 2.608770e-03 1.307482e-03 0 1 1 1 6.840324e-14 0.000000e+00
25 83 2.608770e-03 1.646023e-03 0 1 1 1 7.012813e-14 0.000000e+00
25 84 2.608770e-03 2.072220e-03 0 1 1 1 7.325094e-14 0.000000e+00
25 85 2.608770e-03 2.608770e-03 0 1 1 1 7.477810e-14 0.000000e+00
25 86 2.608770e-03 3.284247e-03 0 1 1 1 6.384291e-14 0.000000e+00
25 87 2.608770e-03 4.134622e-03 0 1 1 1 5.303816e-14 0.000000e+00
25 88 2.608770e-03 5.205181e-03 0 1 1 1 4.537433e-14 0.000000e+00
25 89 2.608770e-03 6.552935e-03 0 1 1 1 3.963052e-14 0.000000e+00
25 90 2.608770e-03 8.249656e-03 0 1 1 1 3.503533e-14 0.000000e+00
25 91 2.608770e-03 1.038570e-02 0 1 1 1 3.112276e-14 0.000000e+00
25 92 2.608770e-03 1.307482e-02 0 1 1 1 2.761208e-14 0.000000e+00
25 93 2.608770e-03 1.646023e-02 0 1 1 1 2.433754e-14 0.000000e+00
25 94 2.608770e-03 2.072220e-02 0 1 1 1 2.120781e-14 0.000000e+00
25 95 2.608770e-03 2.608770e-02 0 1 1 1 1.818192e-14 0.000000e+00
25 96 2.608770e-03 3.284247e-02 0 1 1 1 1.525698e-14 0.000000e+00
25 97 2.608770e-03 4.134622e-02 0 1 1 1 1.245938e-14 0.000000e+00
25 98 2.608770e-03 5.205181e-02 0 1 1 1 9.840403e-15 0.000000e+00
25 99 2.608770e-03 6.552935e-02 0 1 1 1 7.465069e-15 0.000000e+00
26 80 3.284247e-03 8.249656e-04 0 1 1 1 5.756904e-14 0.000000e+00
26 81 3.284247e-03 1.038570e-03 0 1 1 1 5.787897e-14 0.000000e+00
26 82 3.284247e-03 1.307482e-03 0 1 1 1 5.839291e-14 0.000000e+00
26 83 3.284247e-03 1.646023e-03 0 1 1 1 5.927024e-14 0.000000e+00
26 84 3.284247e-03 2.072220e-03 0 1 1 1 6.083857e-14 0.000000e+00
26 85 3.284247e-03 2.608770e-03 0 1 1 1 6.384291e-14 0.000000e+00
26 86 3.284247e-03 3.284247e-03 0 1 1 1 6.567225e-14 0.000000e+00
26 87 3.284247e-03 4.134622e-03 0 1 1 1 5.579919e-14 0.000000e+00
26 88 3.284247e-03 5.205181e-03 0 1 1 1 4.648624e-14 0.000000e+00
26 89 3.284247e-03 6.552935e-03 0 1 1 1 4.006997e-14 0.000000e+00
26 90 3.284247e-03 8.249656e-03 0 1 1 1 3.520655e-14 0.000000e+00
26 91 3.284247e-03 1.038570e-02 0 1 1 1 3.118825e-14 0.000000e+00
26 92 3.284247e-03 1.307482e-02 0 1 1 1 2.763688e-14 0.000000e+00
26 93 3.284247e-03 1.646023e-02 0 1 1 1 2.434727e-14 0.000000e+00
26 94 3.284247e-03 2.072220e-02 0 1 1 1 2.121223e-14 0.000000e+00
26 95 3.284247e-03 2.608770e-02 0 1 1 1 1.818467e-14 0.000000e+00
26 96 3.284247e-03 3.284247e-02 0 1 1 1 1.525916e-14 0.000000e+00
26 97 3.284247e-03 4.134622e-02 0 1 1 1 1.246133e-14 0.000000e+00
26 98 3.284247e-03 5.205181e-02 0 1 1 1 9.842122e-15 0.000000e+00
26 99 3.284247e-03 6.552935e-02 0 1 1 1 7.466415e-15 0.000000e+00
27 80 4.134622e-03 8.249656e-04 0 1 1 1 5.012204e-14 0.000000e+00
27 81 4.134622e-03 1.038570e-03 0 1 1 1 5.027571e-14 0.000000e+00
27 82 4.134622e-03 1.307482e-03 0 1 1 1 5.052761e-14 0.000000e+00
27 83 4.134622e-03 1.646023e-03 0 1 1 1 5.095016e-14 0.000000e+00
27 84 4.134622e-03 2.072220e-03 0 1 1 1 5.168405e-14 0.000000e+00
27 85 4.134622e-03 2.608770e-03 0 1 1 1 5.303816e-14 0.000000e+00
27 86 4.134622e-03 3.284247e-03 0 1 1 1 5.579919e-14 0.000000e+00
27 87 4.134622e-03 4.134622e-03 0 1 1 1 5.776981e-14 0.000000e+00
27 88 4.134622e-03 5.205181e-03 0 1 1 1 4.891539e-14 0.000000e+00
27 89 4.134622e-03 6.552935e-03 0 1 1 1 4.093945e-14 0.000000e+00
27 90 4.134622e-03 8.249656e-03 0 1 1 1 3.552211e-14 0.000000e+00
27 91 4.134622e-03 1.038570e-02 0 1 1 1 3.130330e-14 0.000000e+00
27 92 4.134622e-03 1.307482e-02 0 1 1 1 2.767901e-14 0.000000e+00
27 93 4.134622e-03 1.646023e-02 0 1 1 1 2.436340e-14 0.000000e+00
27 94 4.134622e-03 2.072220e-02 0 1 1 1 2.121941e-14 0.000000e+00
27 95 4.134622e-03 2.608770e-02 0 1 1 1 1.818905e-14 0.000000e+00
27 96 4.134622e-03 3.284247e-02 0 1 1 1 1.526263e-14 0.000000e+00
27 97 4.134622e-03 4.134622e-02 0 1 1 1 1.246445e-14 0.000000e+00
27 98 4.134622e-03 5.205181e-02 0 1 1 1 9.844827e-15 0.000000e+00
27 99 4.134622e-03 6.552935e-02 0 1 1 1 7.468556e-15 0.000000e+00
28 80 5.205181e-03 8.249656e-04 0 1 1 1 4.407870e-14 0.000000e+00
28 81 5.205181e-03 1.038570e-03 0 1 1 1 4.415108e-14 0.000000e+00
28 82 5.205181e-03 1.307482e-03 0 1 1 1 4.426851e-14 0.000000e+00
28 83 5.205181e-03 1.646023e-03 0 1 1 1 4.446272e-14 0.000000e+00
28 84 5.205181e-03 2.072220e-03 0 1 1 1 4.479179e-14 0.000000e+00
28 85 5.205181e-03 2.608770e-03 0 1 1 1 4.537433e-14 0.000000e+00
28 86 5.205181e-03 3.284247e-03 0 1 1 1 4.648624e-14 0.000000e+00
28 87 5.205181e-03 4.134622e-03 0 1 1 1 4.891539e-14 0.000000e+00
28 88 5.205181e-03 5.205181e-03 0 1 1 1 5.088306e-14 0.000000e+00
28 89 5.205181e-03 6.552935e-03 0 1 1 1 4.298885e-14 0.000000e+00
28 90 5.205181e-03 8.249656e-03 0 1 1 1 3.617064e-14 0.000000e+00
28 91 5.205181e-03 1.038570e-02 0 1 1 1 3.151986e-14 0.000000e+00
28 92 5.205181e-03 1.307482e-02 0 1 1 1 2.775381e-14 0.000000e+00
28 93 5.205181e-03 1.646023e-02 0 1 1 1 2.439079e-14 0.000000e+00
28 94 5.205181e-03 2.072220e-02 0 1 1 1 2.123122e-14 0.000000e+00
28 95 5.205181e-03 2.608770e-02 0 1 1 1 1.819607e-14 0.000000e+00
28 96 5.205181e-03 3.284247e-02 0 1 1 1 1.526816e-14 0.000000e+00
28 97 5.205181e-03 4.134622e-02 0 1 1 1 1.246937e-14 0.000000e+00
28 98 5.205181e-03 5.205181e-02 0 1 1 1 9.849106e-15 0.000000e+00
28 99 5.205181e-03 6.552935e-02 0 1 1 1 7.471953e-15 0.000000e+00
29 80 6.552935e-03 8.249656e-04 0 1 1 1 3.907520e-14 0.000000e+00
29 81 6.552935e-03 1.038570e-03 0 1 1 1 3.910765e-14 0.000000e+00
29 82 6.552935e-03 1.307482e-03 0 1 1 1 3.915982e-14 0.000000e+00
29 83 6.552935e-03 1.646023e-03 0 1 1 1 3.924519e-14 0.000000e+00
29 84 6.552935e-03 2.072220e-03 0 1 1 1 3.938711e-14 0.000000e+00
29 85 6.552935e-03 2.608770e-03 0 1 1 1 3.963052e-14 0.000000e+00
29 86 6.552935e-03 3.284247e-03 0 1 1 1 4.006997e-14 0.000000e+00
29 87 6.552935e-03 4.134622e-03 0 1 1 1 4.093945e-14 0.000000e+00
29 88 6.552935e-03 5.205181e-03 0 1 1 1 4.298885e-14 0.000000e+00
29 89 6.552935e-03 6.552935e-03 0 1 1 1 4.483588e-14 0.000000e+00
29 90 6.552935e-03 8.249656e-03 0 1 1 1 3.783161e-14 0.000000e+00
29 91 6.552935e-03 1.038570e-02 0 1 1 1 3.198262e-14 0.000000e+00
29 92 6.552935e-03 1.307482e-02 0 1 1 1 2.789726e-14 0.000000e+00
29 93 6.552935e-03 1.646023e-02 0 1 1 1 2.443957e-14 0.000000e+00
29 94 6.552935e-03 2.072220e-02 0 1 1 1 2.125112e-14 0.000000e+00
29 95 6.552935e-03 2.608770e-02 0 1 1 1 1.820740e-14 0.000000e+00
29 96 6.552935e-03 3.284247e-02 0 1 1 1 1.527695e-14 0.000000e+00
29 97 6.552935e-03 4.134622e-02 0 1 1 1 1.247716e-14 0.000000e+00
29 98 6.552935e-03 5.205181e-02 0 1 1 1 9.855895e-15 0.000000e+00
29 99 6.552935e-03 6.552935e-02 0 1 1 1 7.477322e-15 0.000000e+00
30 80 8.249656e-03 8.249656e-04 0 1 1 1 3.480584e-14 0.000000e+00
30 81 8.249656e-03 1.038570e-03 0 1 1 1 3.481976e-14 0.000000e+00
30 82 8.249656e-03 1.307482e-03 0 1 1 1 3.484186e-14 0.000000e+00
30 83 8.249656e-03 1.646023e-03 0 1 1 1 3.487781e-14 0.000000e+00
30 84 8.249656e-03 2.072220e-03 0 1 1 1 3.493669e-14 0.000000e+00
30 85 8.249656e-03 2.608770e-03 0 1 1 1 3.503533e-14 0.000000e+00
30 86 8.249656e-03 3.284247e-03 0 1 1 1 3.520655e-14 0.000000e+00
30 87 8.249656e-03 4.134622e-03 0 1 1 1 3.552211e-14 0.000000e+00
30 88 8.249656e-03 5.205181e-03 0 1 1 1 3.617064e-14 0.000000e+00
30 89 8.249656e-03 6.552935e-03 0 1 1 1 3.783161e-14 0.000000e+00
30 90 8.249656e-03 8.249656e-03 0 1 1 1 3.947275e-14 0.000000e+00
30 91 8.249656e-03 1.038570e-02 0 1 1 1 3.327871e-14 0.000000e+00
30 92 8.249656e-03 1.307482e-02 0 1 1 1 2.821534e-14 0.000000e+00
30 93 8.249656e-03 1.646023e-02 0 1 1 1 2.453394e-14 0.000000e+00
30 94 8.249656e-03 2.072220e-02 0 1 1 1 2.128604e-14 0.000000e+00
30 95 8.249656e-03 2.608770e-02 0 1 1 1 1.822598e-14 0.000000e+00
30 96 8.249656e-03 3.284247e-02 0 1 1 1 1.529101e-14 0.000000e+00
30 97 8.249656e-03 4.134622e-02 0 1 1 1 1.248951e-14 0.000000e+00
30 98 8.249656e-03 5.205181e-02 0 1 1 1 9.866629e-15 0.000000e+00
30 99 8.249656e-03 6.552935e-02 0 1 1 1 7.485826e-15 0.000000e+00
31 80 1.038570e-02 8.249656e-04 0 1 1 1 3.103122e-14 0.000000e+00
31 81 1.038570e-02 1.038570e-03 0 1 1 1 3.103699e-14 0.000000e+00
31 82 1.038570e-02 1.307482e-03 0 1 1 1 3.104592e-14 0.000000e+00
31 83 1.038570e-02 1.646023e-03 0 1 1 1 3.106047e-14 0.000000e+00
31 84 1.038570e-02 2.072220e-03 0 1 1 1 3.108399e-14 0.000000e+00
31 85 1.038570e-02 2.608770e-03 0 1 1 1 3.112276e-14 0.000000e+00
31 86 1.038570e-02 3.284247e-03 0 1 1 1 3.118825e-14 0.000000e+00
31 87 1.038570e-02 4.134622e-03 0 1 1 1 3.130330e-14 0.000000e+00
31 88 1.038570e-02 5.205181e-03 0 1 1 1 3.151986e-14 0.000000e+00
31 89 1.038570e-02 6.552935e-03 0 1 1 1 3.198262e-14 0.000000e+00
31 90 1.038570e-02 8.249656e-03 0 1 1 1 3.327871e-14 0.000000e+00
31 91 1.038570e-02 1.038570e-02 0 1 1 1 3.466257e-14 0.000000e+00
31 92 1.038570e-02 1.307482e-02 0 1 1 1 2.919286e-14 0.000000e+00
31 93 1.038570e-02 1.646023e-02 0 1 1 1 2.474847e-14 0.000000e+00
31 94 1.038570e-02 2.072220e-02 0 1 1 1 2.135240e-14 0.000000e+00
31 95 1.038570e-02 2.608770e-02 0 1 1 1 1.825734e-14 0.000000e+00
31 96 1.038570e-02 3.284247e-02 0 1 1 1 1.531358e-14 0.000000e+00
31 97 1.038570e-02 4.134622e-02 0 1 1 1 1.250908e-14 0.000000e+00
31 98 1.038570e-02 5.205181e-02 0 1 1 1 9.883620e-15 0.000000e+00
31 99 1.038570e-02 6.552935e-02 0 1 1 1 7.499307e-15 0.000000e+00
32 80 1.307482e-02 8.249656e-04 0 1 1 1 2.757620e-14 0.000000e+00
32 81 1.307482e-02 1.038570e-03 0 1 1 1 2.757857e-14 0.000000e+00
32 82 1.307482e-02 1.307482e-03 0 1 1 1 2.758206e-14 0.000000e+00
32 83 1.307482e-02 1.646023e-03 0 1 1 1 2.758787e-14 0.000000e+00
32 84 1.307482e-02 2.072220e-03 0 1 1 1 2.759706e-14 0.000000e+00
32 85 1.307482e-02 2.608770e-03 0 1 1 1 2.761208e-14 0.000000e+00
32 86 1.307482e-02 3.284247e-03 0 1 1 1 2.763688e-14 0.000000e+00
32 87 1.307482e-02 4.134622e-03 0 1 1 1 2.767901e-14 0.000000e+00
32 88 1.307482e-02 5.205181e-03 0 1 1 1 2.775381e-14 0.000000e+00
32 89 1.307482e-02 6.552935e-03 0 1 1 1 2.789726e-14 0.000000e+00
32 90 1.307482e-02 8.249656e-03 0 1 1 1 2.821534e-14 0.000000e+00
32 91 1.307482e-02 1.038570e-02 0 1 1 1 2.919286e-14 0.000000e+00
32 92 1.307482e-02 1.307482e-02 0 1 1 1 3.029993e-14 0.000000e+00
32 93 1.307482e-02 1.646023e-02 0 1 1 1 2.546695e-14 0.000000e+00
32 94 1.307482e-02 2.072220e-02 0 1 1 1 2.150140e-14 0.000000e+00
32 95 1.307482e-02 2.608770e-02 0 1 1 1 1.831356e-14 0.000000e+00
32 96 1.307482e-02 3.284247e-02 0 1 1 1 1.535026e-14 0.000000e+00
32 97 1.307482e-02 4.134622e-02 0 1 1 1 1.254012e-14 0.000000e+00
32 98 1.307482e-02 5.205181e-02 0 1 1 1 9.910458e-15 0.000000e+00
32 99 1.307482e-02 6.552935e-02 0 1 1 1 7.520638e-15 0.000000e+00
33 80 1.646023e-02 8.249656e-04 0 1 1 1 2.432301e-14 0.000000e+00
33 81 1.646023e-02 1.038570e-03 0 1 1 1 2.432406e-14 0.000000e+00
33 82 1.646023e-02 1.307482e-03 0 1 1 1 2.432546e-14 0.000000e+00
33 83 1.646023e-02 1.646023e-03 0 1 1 1 2.432785e-14 0.000000e+00
33 84 1.646023e-02 2.072220e-03 0 1 1 1 2.433154e-14 0.000000e+00
33 85 1.646023e-02 2.608770e-03 0 1 1 1 2.433754e-14 0.000000e+00
33 86 1.646023e-02 3.284247e-03 0 1 1 1 2.434727e-14 0.000000e+00
33 87 1.646023e-02 4.134622e-03 0 1 1 1 2.436340e-14 0.000000e+00
33 88 1.646023e-02 5.205181e-03 0 1 1 1 2.439079e-14 0.000000e+00
33 89 1.646023e-02 6.552935e-03 0 1 1 1 2.443957e-14 0.000000e+00
33 90 1.646023e-02 8.249656e-03 0 1 1 1 2.453394e-14 0.000000e+00
33 91 1.646023e-02 1.038570e-02 0 1 1 1 2.474847e-14 0.000000e+00
33 92 1.646023e-02 1.307482e-02 0 1 1 1 2.546695e-14 0.000000e+00
33 93 1.646023e-02 1.646023e-02 0 1 1 1 2.630576e-14 0.000000e+00
33 94 1.646023e-02 2.072220e-02 0 1 1 1 2.202542e-14 0.000000e+00
33 95 1.646023e-02 2.608770e-02 0 1 1 1 1.843030e-14 0.000000e+00
33 96 1.646023e-02 3.284247e-02 0 1 1 1 1.541169e-14 0.000000e+00
33 97 1.646023e-02 4.134622e-02 0 1 1 1 1.258948e-14 0.000000e+00
33 98 1.646023e-02 5.205181e-02 0 1 1 1 9.952815e-15 0.000000e+00
33 99 1.646023e-02 6.552935e-02 0 1 1 1 7.554393e-15 0.000000e+00
34 80 2.072220e-02 8.249656e-04 0 1 1 1 2.120105e-14 0.000000e+00
34 81 2.072220e-02 1.038570e-03 0 1 1 1 2.120160e-14 0.000000e+00
34 82 2.072220e-02 1.307482e-03 0 1 1 1 2.120218e-14 0.000000e+00
34 83 2.072220e-02 1.646023e-03 0 1 1 1 2.120332e-14 0.000000e+00
34 84 2.072220e-02 2.072220e-03 0 1 1 1 2.120505e-14 0.000000e+00
34 85 2.072220e-02 2.608770e-03 0 1 1 1 2.120781e-14 0.000000e+00
34 86 2.072220e-02 3.284247e-03 0 1 1 1 2.121223e-14 0.000000e+00
34 87 2.072220e-02 4.134622e-03 0 1 1 1 2.121941e-14 0.000000e+00
34 88 2.072220e-02 5.205181e-03 0 1 1 1 2.123122e-14 0.000000e+00
34 89 2.072220e-02 6.552935e-03 0 1 1 1 2.125112e-14 0.000000e+00
34 90 2.072220e-02 8.249656e-03 0 1 1 1 2.128604e-14 0.000000e+00
34 91 2.072220e-02 1.038570e-02 0 1 1 1 2.135240e-14 0.000000e+00
34 92 2.072220e-02 1.307482e-02 0 1 1 1 2.150140e-14 0.000000e+00
34 93 2.072220e-02 1.646023e-02 0 1 1 1 2.202542e-14 0.000000e+00
34 94 2.072220e-02 2.072220e-02 0 1 1 1 2.262666e-14 0.000000e+00
34 95 2.072220e-02 2.608770e-02 0 1 1 1 1.882376e-14 0.000000e+00
34 96 2.072220e-02 3.284247e-02 0 1 1 1 1.552476e-14 0.000000e+00
34 97 2.072220e-02 4.134622e-02 0 1 1 1 1.266872e-14 0.000000e+00
34 98 2.072220e-02 5.205181e-02 0 1 1 1 1.001955e-14 0.000000e+00
34 99 2.072220e-02 6.552935e-02 0 1 1 1 7.607716e-15 0.000000e+00
35 80 2.608770e-02 8.249656e-04 0 1 1 1 1.817759e-14 0.000000e+00
35 81 2.608770e-02 1.038570e-03 0 1 1 1 1.817799e-14 0.000000e+00
35 82 2.608770e-02 1.307482e-03 0 1 1 1 1.817836e-14 0.000000e+00
35 83 2.608770e-02 1.646023e-03 0 1 1 1 1.817913e-14 0.000000e+00
35 84 2.608770e-02 2.072220e-03 0 1 1 1 1.818021e-14 0.000000e+00
35 85 2.608770e-02 2.608770e-03 0 1 1 1 1.818192e-14 0.000000e+00
35 86 2.608770e-02 3.284247e-03 0 1 1 1 1.818467e-14 0.000000e+00
35 87 2.608770e-02 4.134622e-03 0 1 1 1 1.818905e-14 0.000000e+00
35 88 2.608770e-02 5.205181e-03 0 1 1 1 1.819607e-14 0.000000e+00
35 89 2.608770e-02 6.552935e-03 0 1 1 1 1.820740e-14 0.000000e+00
35 90 2.608770e-02 8.249656e-03 0 1 1 1 1.822598e-14 0.000000e+00
35 91 2.608770e-02 1.038570e-02 0 1 1 1 1.825734e-14 0.000000e+00
35 92 2.608770e-02 1.307482e-02 0 1 1 1 1.831356e-14 0.000000e+00
35 93 2.608770e-02 1.646023e-02 0 1 1 1 1.843030e-14 0.000000e+00
35 94 2.608770e-02 2.072220e-02 0 1 1 1 1.882376e-14 0.000000e+00
35 95 2.608770e-02 2.608770e-02 0 1 1 1 1.923451e-14 0.000000e+00
35 96 2.608770e-02 3.284247e-02 0 1 1 1 1.584682e-14 0.000000e+00
35 97 2.608770e-02 4.134622e-02 0 1 1 1 1.280136e-14 0.000000e+00
35 98 2.608770e-02 5.205181e-02 0 1 1 1 1.012470e-14 0.000000e+00
35 99 2.608770e-02 6.552935e-02 0 1 1 1 7.691809e-15 0.000000e+00
36 80 3.284247e-02 8.249656e-04 0 1 1 1 1.525349e-14 0.000000e+00
36 81 3.284247e-02 1.038570e-03 0 1 1 1 1.525384e-14 0.000000e+00
36 82 3.284247e-02 1.307482e-03 0 1 1 1 1.525411e-14 0.000000e+00
36 83 3.284247e-02 1.646023e-03 0 1 1 1 1.525473e-14 0.000000e+00
36 84 3.284247e-02 2.072220e-03 0 1 1 1 1.525559e-14 0.000000e+00
36 85 3.284247e-02 2.608770e-03 0 1 1 1 1.525698e-14 0.000000e+00
36 86 3.284247e-02 3.284247e-03 0 1 1 1 1.525916e-14 0.000000e+00
36 87 3.284247e-02 4.134622e-03 0 1 1 1 1.526263e-14 0.000000e+00
36 88 3.284247e-02 5.205181e-03 0 1 1 1 1.526816e-14 0.000000e+00
36 89 3.284247e-02 6.552935e-03 0 1 1 1 1.527695e-14 0.000000e+00
36 90 3.284247e-02 8.249656e-03 0 1 1 1 1.529101e-14 0.000000e+00
36 91 3.284247e-02 1.038570e-02 0 1 1 1 1.531358e-14 0.000000e+00
36 92 3.284247e-02 1.307482e-02 0 1 1 1 1.535026e-14 0.000000e+00
36 93 3.284247e-02 1.646023e-02 0 1 1 1 1.541169e-14 0.000000e+00
36 94 3.284247e-02 2.072220e-02 0 1 1 1 1.552476e-14 0.000000e+00
36 95 3.284247e-02 2.608770e-02 0 1 1 1 1.584682e-14 0.000000e+00
36 96 3.284247e-02 3.284247e-02 0 1 1 1 1.612365e-14 0.000000e+00
36 97 3.284247e-02 4.134622e-02 0 1 1 1 1.310260e-14 0.000000e+00
36 98 3.284247e-02 5.205181e-02 0 1 1 1 1.029244e-14 0.000000e+00
36 99 3.284247e-02 6.552935e-02 0 1 1 1 7.824083e-15 0.000000e+00
37 80 4.134622e-02 8.249656e-04 0 1 1 1 1.245623e-14 0.000000e+00
37 81 4.134622e-02 1.038570e-03 0 1 1 1 1.245656e-14 0.000000e+00
37 82 4.134622e-02 1.307482e-03 0 1 1 1 1.245682e-14 0.000000e+00
37 83 4.134622e-02 1.646023e-03 0 1 1 1 1.245740e-14 0.000000e+00
37 84 4.134622e-02 2.072220e-03 0 1 1 1 1.245816e-14 0.000000e+00
37 85 4.134622e-02 2.608770e-03 0 1 1 1 1.245938e-14 0.000000e+00
37 86 4.134622e-02 3.284247e-03 0 1 1 1 1.246133e-14 0.000000e+00
37 87 4.134622e-02 4.134622e-03 0 1 1 1 1.246445e-14 0.000000e+00
37 88 4.134622e-02 5.205181e-03 0 1 1 1 1.246937e-14 0.000000e+00
37 89 4.134622e-02 6.552935e-03 0 1 1 1 1.247716e-14 0.000000e+00
37 90 4.134622e-02 8.249656e-03 0 1 1 1 1.248951e-14 0.000000e+00
37 91 4.134622e-02 1.038570e-02 0 1 1 1 1.250908e-14 0.000000e+00
37 92 4.134622e-02 1.307482e-02 0 1 1 1 1.254012e-14 0.000000e+00
37 93 4.134622e-02 1.646023e-02 0 1 1 1 1.258948e-14 0.000000e+00
37 94 4.134622e-02 2.072220e-02 0 1 1 1 1.266872e-14 0.000000e+00
37 95 4.134622e-02 2.608770e-02 0 1 1 1 1.280136e-14 0.000000e+00
37 96 4.134622e-02 3.284247e-02 0 1 1 1 1.310260e-14 0.000000e+00
37 97 4.134622e-02 4.134622e-02 0 1 1 1 1.330317e-14 0.000000e+00
37 98 4.134622e-02 5.205181e-02 0 1 1 1 1.061063e-14 0.000000e+00
37 99 4.134622e-02 6.552935e-02 0 1 1 1 8.032291e-15 0.000000e+00
38 80 5.205181e-02 8.249656e-04 0 1 1 1 9.837679e-15 0.000000e+00
38 81 5.205181e-02 1.038570e-03 0 1 1 1 9.837966e-15 0.000000e+00
38 82 5.205181e-02 1.307482e-03 0 1 1 1 9.838167e-15 0.000000e+00
38 83 5.205181e-02 1.646023e-03 0 1 1 1 9.838656e-15 0.000000e+00
38 84 5.205181e-02 2.072220e-03 0 1 1 1 9.839321e-15 0.000000e+00
38 85 5.205181e-02 2.608770e-03 0 1 1 1 9.840403e-15 0.000000e+00
38 86 5.205181e-02 3.284247e-03 0 1 1 1 9.842122e-15 0.000000e+00
38 87 5.205181e-02 4.134622e-03 0 1 1 1 9.844827e-15 0.000000e+00
38 88 5.205181e-02 5.205181e-03 0 1 1 1 9.849106e-15 0.000000e+00
38 89 5.205181e-02 6.552935e-03 0 1 1 1 9.855895e-15 0.000000e+00
38 90 5.205181e-02 8.249656e-03 0 1 1 1 9.866629e-15 0.000000e+00
38 91 5.205181e-02 1.038570e-02 0 1 1 1 9.883620e-15 0.000000e+00
38 92 5.205181e-02 1.307482e-02 0 1 1 1 9.910458e-15 0.000000e+00
38 93 5.205181e-02 1.646023e-02 0 1 1 1 9.952815e-15 0.000000e+00
38 94 5.205181e-02 2.072220e-02 0 1 1 1 1.001955e-14 0.000000e+00
38 95 5.205181e-02 2.608770e-02 0 1 1 1 1.012470e-14 0.000000e+00
38 96 5.205181e-02 3.284247e-02 0 1 1 1 1.029244e-14 0.000000e+00
38 97 5.205181e-02 4.134622e-02 0 1 1 1 1.061063e-14 0.000000e+00
38 98 5.205181e-02 5.205181e-02 0 1 1 1 1.078546e-14 0.000000e+00
38 99 5.205181e-02 6.552935e-02 0 1 1 1 8.389711e-15 0.000000e+00
39 80 6.552935e-02 8.249656e-04 0 1 1 1 7.462873e-15 0.000000e+00
39 81 6.552935e-02 1.038570e-03 0 1 1 1 7.463129e-15 0.000000e+00
39 82 6.552935e-02 1.307482e-03 0 1 1 1 7.463287e-15 0.000000e+00
39 83 6.552935e-02 1.646023e-03 0 1 1 1 7.463692e-15 0.000000e+00
39 84 6.552935e-02 2.072220e-03 0 1 1 1 7.464219e-15 0.000000e+00
39 85 6.552935e-02 2.608770e-03 0 1 1 1 7.465069e-15 0.000000e+00
39 86 6.552935e-02 3.284247e-03 0 1 1 1 7.466415e-15 0.000000e+00
39 87 6.552935e-02 4.134622e-03 0 1 1 1 7.468556e-15 0.000000e+00
39 88 6.552935e-02 5.205181e-03 0 1 1 1 7.471953e-15 0.000000e+00
39 89 6.552935e-02 6.552935e-03 0 1 1 1 7.477322e-15 0.000000e+00
39 90 6.552935e-02 8.249656e-03 0 1 1 1 7.485826e-15 0.000000e+00
39 91 6.552935e-02 1.038570e-02 0 1 1 1 7.499307e-15 0.000000e+00
39 92 6.552935e-02 1.307482e-02 0 1 1 1 7.520638e-15 0.000000e+00
39 93 6.552935e-02 1.646023e-02 0 1 1 1 7.554393e-15 0.000000e+00
39 94 6.552935e-02 2.072220e-02 0 1 1 1 7.607716e-15 0.000000e+00
39 95 6.552935e-02 2.608770e-02 0 1 1 1 7.691809e-15 0.000000e+00
39 96 6.552935e-02 3.284247e-02 0 1 1 1 7.824083e-15 0.000000e+00
39 97 6.552935e-02 4.134622e-02 0 1 1 1 8.032291e-15 0.000000e+00
39 98 6.552935e-02 5.205181e-02 0 1 1 1 8.389711e-15 0.000000e+00
39 99 6.552935e-02 6.552935e-02 0 1 1 1 8.578106e-15 0.000000e+00
