# Please cite the following papers in research using this covariance:
# arXiv: 1601.05779, https://arxiv.org/abs/1601.05779
# arXiv: 1911.11947, https://arxiv.org/abs/1911.11947
# arXiv: 2004.04833, https://arxiv.org/abs/2004.04833
########################################################
80 180 8.249656e-04 8.249656e-04 1 1 3 3 8.247853e-14 0.000000e+00
80 181 8.249656e-04 1.038570e-03 1 1 3 3 8.164283e-14 0.000000e+00
80 182 8.249656e-04 1.307482e-03 1 1 3 3 8.043657e-14 0.000000e+00
80 183 8.249656e-04 1.646023e-03 1 1 3 3 7.888461e-14 0.000000e+00
80 184 8.249656e-04 2.072220e-03 1 1 3 3 7.703561e-14 0.000000e+00
80 185 8.249656e-04 2.608770e-03 1 1 3 3 7.494163e-14 0.000000e+00
80 186 8.249656e-04 3.284247e-03 1 1 3 3 7.264062e-14 0.000000e+00
80 187 8.249656e-04 4.134622e-03 1 1 3 3 7.014473e-14 0.000000e+00
80 188 8.249656e-04 5.205181e-03 1 1 3 3 6.743523e-14 0.000000e+00
80 189 8.249656e-04 6.552935e-03 1 1 3 3 6.446471e-14 0.000000e+00
80 190 8.249656e-04 8.249656e-03 1 1 3 3 6.116529e-14 0.000000e+00
80 191 8.249656e-04 1.038570e-02 1 1 3 3 5.746138e-14 0.000000e+00
80 192 8.249656e-04 1.307482e-02 1 1 3 3 5.328552e-14 0.000000e+00
80 193 8.249656e-04 1.646023e-02 1 1 3 3 4.859657e-14 0.000000e+00
80 194 8.249656e-04 2.072220e-02 1 1 3 3 4.339935e-14 0.000000e+00
80 195 8.249656e-04 2.608770e-02 1 1 3 3 3.776346e-14 0.000000e+00
80 196 8.249656e-04 3.284247e-02 1 1 3 3 3.183580e-14 0.000000e+00
80 197 8.249656e-04 4.134622e-02 1 1 3 3 2.583914e-14 0.000000e+00
80 198 8.249656e-04 5.205181e-02 1 1 3 3 2.004944e-14 0.000000e+00
80 199 8.249656e-04 6.552935e-02 1 1 3 3 1.474579e-14 0.000000e+00
81 180 1.038570e-03 8.249656e-04 1 1 3 3 8.164283e-14 0.000000e+00
81 181 1.038570e-03 1.038570e-03 1 1 3 3 8.106588e-14 0.000000e+00
81 182 1.038570e-03 1.307482e-03 1 1 3 3 8.009406e-14 0.000000e+00
81 183 1.038570e-03 1.646023e-03 1 1 3 3 7.869644e-14 0.000000e+00
81 184 1.038570e-03 2.072220e-03 1 1 3 3 7.693589e-14 0.000000e+00
81 185 1.038570e-03 2.608770e-03 1 1 3 3 7.488743e-14 0.000000e+00
81 186 1.038570e-03 3.284247e-03 1 1 3 3 7.260785e-14 0.000000e+00
81 187 1.038570e-03 4.134622e-03 1 1 3 3 7.012177e-14 0.000000e+00
81 188 1.038570e-03 5.205181e-03 1 1 3 3 6.741740e-14 0.000000e+00
81 189 1.038570e-03 6.552935e-03 1 1 3 3 6.445048e-14 0.000000e+00
81 190 1.038570e-03 8.249656e-03 1 1 3 3 6.115423e-14 0.000000e+00
81 191 1.038570e-03 1.038570e-02 1 1 3 3 5.745325e-14 0.000000e+00
81 192 1.038570e-03 1.307482e-02 1 1 3 3 5.327999e-14 0.000000e+00
81 193 1.038570e-03 1.646023e-02 1 1 3 3 4.859317e-14 0.000000e+00
81 194 1.038570e-03 2.072220e-02 1 1 3 3 4.339758e-14 0.000000e+00
81 195 1.038570e-03 2.608770e-02 1 1 3 3 3.776283e-14 0.000000e+00
81 196 1.038570e-03 3.284247e-02 1 1 3 3 3.183588e-14 0.000000e+00
81 197 1.038570e-03 4.134622e-02 1 1 3 3 2.583958e-14 0.000000e+00
81 198 1.038570e-03 5.205181e-02 1 1 3 3 2.005000e-14 0.000000e+00
81 199 1.038570e-03 6.552935e-02 1 1 3 3 1.474632e-14 0.000000e+00
82 180 1.307482e-03 8.249656e-04 1 1 3 3 8.043657e-14 0.000000e+00
82 181 1.307482e-03 1.038570e-03 1 1 3 3 8.009406e-14 0.000000e+00
82 182 1.307482e-03 1.307482e-03 1 1 3 3 7.945995e-14 0.000000e+00
82 183 1.307482e-03 1.646023e-03 1 1 3 3 7.835027e-14 0.000000e+00
82 184 1.307482e-03 2.072220e-03 1 1 3 3 7.675791e-14 0.000000e+00
82 185 1.307482e-03 2.608770e-03 1 1 3 3 7.479418e-14 0.000000e+00
82 186 1.307482e-03 3.284247e-03 1 1 3 3 7.255336e-14 0.000000e+00
82 187 1.307482e-03 4.134622e-03 1 1 3 3 7.008437e-14 0.000000e+00
82 188 1.307482e-03 5.205181e-03 1 1 3 3 6.738853e-14 0.000000e+00
82 189 1.307482e-03 6.552935e-03 1 1 3 3 6.442740e-14 0.000000e+00
82 190 1.307482e-03 8.249656e-03 1 1 3 3 6.113621e-14 0.000000e+00
82 191 1.307482e-03 1.038570e-02 1 1 3 3 5.743988e-14 0.000000e+00
82 192 1.307482e-03 1.307482e-02 1 1 3 3 5.327072e-14 0.000000e+00
82 193 1.307482e-03 1.646023e-02 1 1 3 3 4.858729e-14 0.000000e+00
82 194 1.307482e-03 2.072220e-02 1 1 3 3 4.339428e-14 0.000000e+00
82 195 1.307482e-03 2.608770e-02 1 1 3 3 3.776134e-14 0.000000e+00
82 196 1.307482e-03 3.284247e-02 1 1 3 3 3.183552e-14 0.000000e+00
82 197 1.307482e-03 4.134622e-02 1 1 3 3 2.583981e-14 0.000000e+00
82 198 1.307482e-03 5.205181e-02 1 1 3 3 2.005042e-14 0.000000e+00
82 199 1.307482e-03 6.552935e-02 1 1 3 3 1.474671e-14 0.000000e+00
83 180 1.646023e-03 8.249656e-04 1 1 3 3 7.888461e-14 0.000000e+00
83 181 1.646023e-03 1.038570e-03 1 1 3 3 7.869644e-14 0.000000e+00
83 182 1.646023e-03 1.307482e-03 1 1 3 3 7.835027e-14 0.000000e+00
83 183 1.646023e-03 1.646023e-03 1 1 3 3 7.766870e-14 0.000000e+00
83 184 1.646023e-03 2.072220e-03 1 1 3 3 7.641701e-14 0.000000e+00
83 185 1.646023e-03 2.608770e-03 1 1 3 3 7.462629e-14 0.000000e+00
83 186 1.646023e-03 3.284247e-03 1 1 3 3 7.246130e-14 0.000000e+00
83 187 1.646023e-03 4.134622e-03 1 1 3 3 7.002396e-14 0.000000e+00
83 188 1.646023e-03 5.205181e-03 1 1 3 3 6.734283e-14 0.000000e+00
83 189 1.646023e-03 6.552935e-03 1 1 3 3 6.439113e-14 0.000000e+00
83 190 1.646023e-03 8.249656e-03 1 1 3 3 6.110796e-14 0.000000e+00
83 191 1.646023e-03 1.038570e-02 1 1 3 3 5.741900e-14 0.000000e+00
83 192 1.646023e-03 1.307482e-02 1 1 3 3 5.325634e-14 0.000000e+00
83 193 1.646023e-03 1.646023e-02 1 1 3 3 4.857828e-14 0.000000e+00
83 194 1.646023e-03 2.072220e-02 1 1 3 3 4.338938e-14 0.000000e+00
83 195 1.646023e-03 2.608770e-02 1 1 3 3 3.775931e-14 0.000000e+00
83 196 1.646023e-03 3.284247e-02 1 1 3 3 3.183527e-14 0.000000e+00
83 197 1.646023e-03 4.134622e-02 1 1 3 3 2.584048e-14 0.000000e+00
83 198 1.646023e-03 5.205181e-02 1 1 3 3 2.005139e-14 0.000000e+00
83 199 1.646023e-03 6.552935e-02 1 1 3 3 1.474761e-14 0.000000e+00
84 180 2.072220e-03 8.249656e-04 1 1 3 3 7.703561e-14 0.000000e+00
84 181 2.072220e-03 1.038570e-03 1 1 3 3 7.693589e-14 0.000000e+00
84 182 2.072220e-03 1.307482e-03 1 1 3 3 7.675791e-14 0.000000e+00
84 183 2.072220e-03 1.646023e-03 1 1 3 3 7.641701e-14 0.000000e+00
84 184 2.072220e-03 2.072220e-03 1 1 3 3 7.569388e-14 0.000000e+00
84 185 2.072220e-03 2.608770e-03 1 1 3 3 7.429249e-14 0.000000e+00
84 186 2.072220e-03 3.284247e-03 1 1 3 3 7.229604e-14 0.000000e+00
84 187 2.072220e-03 4.134622e-03 1 1 3 3 6.992345e-14 0.000000e+00
84 188 2.072220e-03 5.205181e-03 1 1 3 3 6.726932e-14 0.000000e+00
84 189 2.072220e-03 6.552935e-03 1 1 3 3 6.433329e-14 0.000000e+00
84 190 2.072220e-03 8.249656e-03 1 1 3 3 6.106293e-14 0.000000e+00
84 191 2.072220e-03 1.038570e-02 1 1 3 3 5.738566e-14 0.000000e+00
84 192 2.072220e-03 1.307482e-02 1 1 3 3 5.323333e-14 0.000000e+00
84 193 2.072220e-03 1.646023e-02 1 1 3 3 4.856378e-14 0.000000e+00
84 194 2.072220e-03 2.072220e-02 1 1 3 3 4.338139e-14 0.000000e+00
84 195 2.072220e-03 2.608770e-02 1 1 3 3 3.775587e-14 0.000000e+00
84 196 2.072220e-03 3.284247e-02 1 1 3 3 3.183466e-14 0.000000e+00
84 197 2.072220e-03 4.134622e-02 1 1 3 3 2.584133e-14 0.000000e+00
84 198 2.072220e-03 5.205181e-02 1 1 3 3 2.005273e-14 0.000000e+00
84 199 2.072220e-03 6.552935e-02 1 1 3 3 1.474884e-14 0.000000e+00
85 180 2.608770e-03 8.249656e-04 1 1 3 3 7.494163e-14 0.000000e+00
85 181 2.608770e-03 1.038570e-03 1 1 3 3 7.488743e-14 0.000000e+00
85 182 2.608770e-03 1.307482e-03 1 1 3 3 7.479418e-14 0.000000e+00
85 183 2.608770e-03 1.646023e-03 1 1 3 3 7.462629e-14 0.000000e+00
85 184 2.608770e-03 2.072220e-03 1 1 3 3 7.429249e-14 0.000000e+00
85 185 2.608770e-03 2.608770e-03 1 1 3 3 7.352867e-14 0.000000e+00
85 186 2.608770e-03 3.284247e-03 1 1 3 3 7.196382e-14 0.000000e+00
85 187 2.608770e-03 4.134622e-03 1 1 3 3 6.974836e-14 0.000000e+00
85 188 2.608770e-03 5.205181e-03 1 1 3 3 6.714994e-14 0.000000e+00
85 189 2.608770e-03 6.552935e-03 1 1 3 3 6.424120e-14 0.000000e+00
85 190 2.608770e-03 8.249656e-03 1 1 3 3 6.099148e-14 0.000000e+00
85 191 2.608770e-03 1.038570e-02 1 1 3 3 5.733274e-14 0.000000e+00
85 192 2.608770e-03 1.307482e-02 1 1 3 3 5.319678e-14 0.000000e+00
85 193 2.608770e-03 1.646023e-02 1 1 3 3 4.854076e-14 0.000000e+00
85 194 2.608770e-03 2.072220e-02 1 1 3 3 4.336871e-14 0.000000e+00
85 195 2.608770e-03 2.608770e-02 1 1 3 3 3.775043e-14 0.000000e+00
85 196 2.608770e-03 3.284247e-02 1 1 3 3 3.183371e-14 0.000000e+00
85 197 2.608770e-03 4.134622e-02 1 1 3 3 2.584270e-14 0.000000e+00
85 198 2.608770e-03 5.205181e-02 1 1 3 3 2.005487e-14 0.000000e+00
85 199 2.608770e-03 6.552935e-02 1 1 3 3 1.475081e-14 0.000000e+00
86 180 3.284247e-03 8.249656e-04 1 1 3 3 7.264062e-14 0.000000e+00
86 181 3.284247e-03 1.038570e-03 1 1 3 3 7.260785e-14 0.000000e+00
86 182 3.284247e-03 1.307482e-03 1 1 3 3 7.255336e-14 0.000000e+00
86 183 3.284247e-03 1.646023e-03 1 1 3 3 7.246130e-14 0.000000e+00
86 184 3.284247e-03 2.072220e-03 1 1 3 3 7.229604e-14 0.000000e+00
86 185 3.284247e-03 2.608770e-03 1 1 3 3 7.196382e-14 0.000000e+00
86 186 3.284247e-03 3.284247e-03 1 1 3 3 7.115275e-14 0.000000e+00
86 187 3.284247e-03 4.134622e-03 1 1 3 3 6.940421e-14 0.000000e+00
86 188 3.284247e-03 5.205181e-03 1 1 3 3 6.694940e-14 0.000000e+00
86 189 3.284247e-03 6.552935e-03 1 1 3 3 6.409367e-14 0.000000e+00
86 190 3.284247e-03 8.249656e-03 1 1 3 3 6.087791e-14 0.000000e+00
86 191 3.284247e-03 1.038570e-02 1 1 3 3 5.724863e-14 0.000000e+00
86 192 3.284247e-03 1.307482e-02 1 1 3 3 5.313865e-14 0.000000e+00
86 193 3.284247e-03 1.646023e-02 1 1 3 3 4.850413e-14 0.000000e+00
86 194 3.284247e-03 2.072220e-02 1 1 3 3 4.334853e-14 0.000000e+00
86 195 3.284247e-03 2.608770e-02 1 1 3 3 3.774175e-14 0.000000e+00
86 196 3.284247e-03 3.284247e-02 1 1 3 3 3.183218e-14 0.000000e+00
86 197 3.284247e-03 4.134622e-02 1 1 3 3 2.584486e-14 0.000000e+00
86 198 3.284247e-03 5.205181e-02 1 1 3 3 2.005826e-14 0.000000e+00
86 199 3.284247e-03 6.552935e-02 1 1 3 3 1.475393e-14 0.000000e+00
87 180 4.134622e-03 8.249656e-04 1 1 3 3 7.014473e-14 0.000000e+00
87 181 4.134622e-03 1.038570e-03 1 1 3 3 7.012177e-14 0.000000e+00
87 182 4.134622e-03 1.307482e-03 1 1 3 3 7.008437e-14 0.000000e+00
87 183 4.134622e-03 1.646023e-03 1 1 3 3 7.002396e-14 0.000000e+00
87 184 4.134622e-03 2.072220e-03 1 1 3 3 6.992345e-14 0.000000e+00
87 185 4.134622e-03 2.608770e-03 1 1 3 3 6.974836e-14 0.000000e+00
87 186 4.134622e-03 3.284247e-03 1 1 3 3 6.940421e-14 0.000000e+00
87 187 4.134622e-03 4.134622e-03 1 1 3 3 6.853190e-14 0.000000e+00
87 188 4.134622e-03 5.205181e-03 1 1 3 3 6.657411e-14 0.000000e+00
87 189 4.134622e-03 6.552935e-03 1 1 3 3 6.385271e-14 0.000000e+00
87 190 4.134622e-03 8.249656e-03 1 1 3 3 6.069684e-14 0.000000e+00
87 191 4.134622e-03 1.038570e-02 1 1 3 3 5.711471e-14 0.000000e+00
87 192 4.134622e-03 1.307482e-02 1 1 3 3 5.304600e-14 0.000000e+00
87 193 4.134622e-03 1.646023e-02 1 1 3 3 4.844569e-14 0.000000e+00
87 194 4.134622e-03 2.072220e-02 1 1 3 3 4.331630e-14 0.000000e+00
87 195 4.134622e-03 2.608770e-02 1 1 3 3 3.772786e-14 0.000000e+00
87 196 4.134622e-03 3.284247e-02 1 1 3 3 3.182969e-14 0.000000e+00
87 197 4.134622e-03 4.134622e-02 1 1 3 3 2.584826e-14 0.000000e+00
87 198 4.134622e-03 5.205181e-02 1 1 3 3 2.006363e-14 0.000000e+00
87 199 4.134622e-03 6.552935e-02 1 1 3 3 1.475888e-14 0.000000e+00
88 180 5.205181e-03 8.249656e-04 1 1 3 3 6.743523e-14 0.000000e+00
88 181 5.205181e-03 1.038570e-03 1 1 3 3 6.741740e-14 0.000000e+00
88 182 5.205181e-03 1.307482e-03 1 1 3 3 6.738853e-14 0.000000e+00
88 183 5.205181e-03 1.646023e-03 1 1 3 3 6.734283e-14 0.000000e+00
88 184 5.205181e-03 2.072220e-03 1 1 3 3 6.726932e-14 0.000000e+00
88 185 5.205181e-03 2.608770e-03 1 1 3 3 6.714994e-14 0.000000e+00
88 186 5.205181e-03 3.284247e-03 1 1 3 3 6.694940e-14 0.000000e+00
88 187 5.205181e-03 4.134622e-03 1 1 3 3 6.657411e-14 0.000000e+00
88 188 5.205181e-03 5.205181e-03 1 1 3 3 6.562077e-14 0.000000e+00
88 189 5.205181e-03 6.552935e-03 1 1 3 3 6.342536e-14 0.000000e+00
88 190 5.205181e-03 8.249656e-03 1 1 3 3 6.040524e-14 0.000000e+00
88 191 5.205181e-03 1.038570e-02 1 1 3 3 5.690085e-14 0.000000e+00
88 192 5.205181e-03 1.307482e-02 1 1 3 3 5.289785e-14 0.000000e+00
88 193 5.205181e-03 1.646023e-02 1 1 3 3 4.835214e-14 0.000000e+00
88 194 5.205181e-03 2.072220e-02 1 1 3 3 4.326465e-14 0.000000e+00
88 195 5.205181e-03 2.608770e-02 1 1 3 3 3.770553e-14 0.000000e+00
88 196 5.205181e-03 3.284247e-02 1 1 3 3 3.182558e-14 0.000000e+00
88 197 5.205181e-03 4.134622e-02 1 1 3 3 2.585358e-14 0.000000e+00
88 198 5.205181e-03 5.205181e-02 1 1 3 3 2.007210e-14 0.000000e+00
88 199 5.205181e-03 6.552935e-02 1 1 3 3 1.476672e-14 0.000000e+00
89 180 6.552935e-03 8.249656e-04 1 1 3 3 6.446471e-14 0.000000e+00
89 181 6.552935e-03 1.038570e-03 1 1 3 3 6.445048e-14 0.000000e+00
89 182 6.552935e-03 1.307482e-03 1 1 3 3 6.442740e-14 0.000000e+00
89 183 6.552935e-03 1.646023e-03 1 1 3 3 6.439113e-14 0.000000e+00
89 184 6.552935e-03 2.072220e-03 1 1 3 3 6.433329e-14 0.000000e+00
89 185 6.552935e-03 2.608770e-03 1 1 3 3 6.424120e-14 0.000000e+00
89 186 6.552935e-03 3.284247e-03 1 1 3 3 6.409367e-14 0.000000e+00
89 187 6.552935e-03 4.134622e-03 1 1 3 3 6.385271e-14 0.000000e+00
89 188 6.552935e-03 5.205181e-03 1 1 3 3 6.342536e-14 0.000000e+00
89 189 6.552935e-03 6.552935e-03 1 1 3 3 6.236889e-14 0.000000e+00
89 190 6.552935e-03 8.249656e-03 1 1 3 3 5.990867e-14 0.000000e+00
89 191 6.552935e-03 1.038570e-02 1 1 3 3 5.655707e-14 0.000000e+00
89 192 6.552935e-03 1.307482e-02 1 1 3 3 5.265980e-14 0.000000e+00
89 193 6.552935e-03 1.646023e-02 1 1 3 3 4.820150e-14 0.000000e+00
89 194 6.552935e-03 2.072220e-02 1 1 3 3 4.318131e-14 0.000000e+00
89 195 6.552935e-03 2.608770e-02 1 1 3 3 3.766931e-14 0.000000e+00
89 196 6.552935e-03 3.284247e-02 1 1 3 3 3.181865e-14 0.000000e+00
89 197 6.552935e-03 4.134622e-02 1 1 3 3 2.586181e-14 0.000000e+00
89 198 6.552935e-03 5.205181e-02 1 1 3 3 2.008546e-14 0.000000e+00
89 199 6.552935e-03 6.552935e-02 1 1 3 3 1.477912e-14 0.000000e+00
90 180 8.249656e-03 8.249656e-04 1 1 3 3 6.116529e-14 0.000000e+00
90 181 8.249656e-03 1.038570e-03 1 1 3 3 6.115423e-14 0.000000e+00
90 182 8.249656e-03 1.307482e-03 1 1 3 3 6.113621e-14 0.000000e+00
90 183 8.249656e-03 1.646023e-03 1 1 3 3 6.110796e-14 0.000000e+00
90 184 8.249656e-03 2.072220e-03 1 1 3 3 6.106293e-14 0.000000e+00
90 185 8.249656e-03 2.608770e-03 1 1 3 3 6.099148e-14 0.000000e+00
90 186 8.249656e-03 3.284247e-03 1 1 3 3 6.087791e-14 0.000000e+00
90 187 8.249656e-03 4.134622e-03 1 1 3 3 6.069684e-14 0.000000e+00
90 188 8.249656e-03 5.205181e-03 1 1 3 3 6.040524e-14 0.000000e+00
90 189 8.249656e-03 6.552935e-03 1 1 3 3 5.990867e-14 0.000000e+00
90 190 8.249656e-03 8.249656e-03 1 1 3 3 5.872980e-14 0.000000e+00
90 191 8.249656e-03 1.038570e-02 1 1 3 3 5.598390e-14 0.000000e+00
90 192 8.249656e-03 1.307482e-02 1 1 3 3 5.227428e-14 0.000000e+00
90 193 8.249656e-03 1.646023e-02 1 1 3 3 4.795682e-14 0.000000e+00
90 194 8.249656e-03 2.072220e-02 1 1 3 3 4.304546e-14 0.000000e+00
90 195 8.249656e-03 2.608770e-02 1 1 3 3 3.760981e-14 0.000000e+00
90 196 8.249656e-03 3.284247e-02 1 1 3 3 3.180663e-14 0.000000e+00
90 197 8.249656e-03 4.134622e-02 1 1 3 3 2.587440e-14 0.000000e+00
90 198 8.249656e-03 5.205181e-02 1 1 3 3 2.010646e-14 0.000000e+00
90 199 8.249656e-03 6.552935e-02 1 1 3 3 1.479873e-14 0.000000e+00
91 180 1.038570e-02 8.249656e-04 1 1 3 3 5.746138e-14 0.000000e+00
91 181 1.038570e-02 1.038570e-03 1 1 3 3 5.745325e-14 0.000000e+00
91 182 1.038570e-02 1.307482e-03 1 1 3 3 5.743988e-14 0.000000e+00
91 183 1.038570e-02 1.646023e-03 1 1 3 3 5.741900e-14 0.000000e+00
91 184 1.038570e-02 2.072220e-03 1 1 3 3 5.738566e-14 0.000000e+00
91 185 1.038570e-02 2.608770e-03 1 1 3 3 5.733274e-14 0.000000e+00
91 186 1.038570e-02 3.284247e-03 1 1 3 3 5.724863e-14 0.000000e+00
91 187 1.038570e-02 4.134622e-03 1 1 3 3 5.711471e-14 0.000000e+00
91 188 1.038570e-02 5.205181e-03 1 1 3 3 5.690085e-14 0.000000e+00
91 189 1.038570e-02 6.552935e-03 1 1 3 3 5.655707e-14 0.000000e+00
91 190 1.038570e-02 8.249656e-03 1 1 3 3 5.598390e-14 0.000000e+00
91 191 1.038570e-02 1.038570e-02 1 1 3 3 5.467273e-14 0.000000e+00
91 192 1.038570e-02 1.307482e-02 1 1 3 3 5.163292e-14 0.000000e+00
91 193 1.038570e-02 1.646023e-02 1 1 3 3 4.755413e-14 0.000000e+00
91 194 1.038570e-02 2.072220e-02 1 1 3 3 4.282059e-14 0.000000e+00
91 195 1.038570e-02 2.608770e-02 1 1 3 3 3.751014e-14 0.000000e+00
91 196 1.038570e-02 3.284247e-02 1 1 3 3 3.178490e-14 0.000000e+00
91 197 1.038570e-02 4.134622e-02 1 1 3 3 2.589313e-14 0.000000e+00
91 198 1.038570e-02 5.205181e-02 1 1 3 3 2.013928e-14 0.000000e+00
91 199 1.038570e-02 6.552935e-02 1 1 3 3 1.482969e-14 0.000000e+00
92 180 1.307482e-02 8.249656e-04 1 1 3 3 5.328552e-14 0.000000e+00
92 181 1.307482e-02 1.038570e-03 1 1 3 3 5.327999e-14 0.000000e+00
92 182 1.307482e-02 1.307482e-03 1 1 3 3 5.327072e-14 0.000000e+00
92 183 1.307482e-02 1.646023e-03 1 1 3 3 5.325634e-14 0.000000e+00
92 184 1.307482e-02 2.072220e-03 1 1 3 3 5.323333e-14 0.000000e+00
92 185 1.307482e-02 2.608770e-03 1 1 3 3 5.319678e-14 0.000000e+00
92 186 1.307482e-02 3.284247e-03 1 1 3 3 5.313865e-14 0.000000e+00
92 187 1.307482e-02 4.134622e-03 1 1 3 3 5.304600e-14 0.000000e+00
92 188 1.307482e-02 5.205181e-03 1 1 3 3 5.289785e-14 0.000000e+00
92 189 1.307482e-02 6.552935e-03 1 1 3 3 5.265980e-14 0.000000e+00
92 190 1.307482e-02 8.249656e-03 1 1 3 3 5.227428e-14 0.000000e+00
92 191 1.307482e-02 1.038570e-02 1 1 3 3 5.163292e-14 0.000000e+00
92 192 1.307482e-02 1.307482e-02 1 1 3 3 5.019607e-14 0.000000e+00
92 193 1.307482e-02 1.646023e-02 1 1 3 3 4.687334e-14 0.000000e+00
92 194 1.307482e-02 2.072220e-02 1 1 3 3 4.243966e-14 0.000000e+00
92 195 1.307482e-02 2.608770e-02 1 1 3 3 3.733830e-14 0.000000e+00
92 196 1.307482e-02 3.284247e-02 1 1 3 3 3.174351e-14 0.000000e+00
92 197 1.307482e-02 4.134622e-02 1 1 3 3 2.591974e-14 0.000000e+00
92 198 1.307482e-02 5.205181e-02 1 1 3 3 2.019012e-14 0.000000e+00
92 199 1.307482e-02 6.552935e-02 1 1 3 3 1.487845e-14 0.000000e+00
93 180 1.646023e-02 8.249656e-04 1 1 3 3 4.859657e-14 0.000000e+00
93 181 1.646023e-02 1.038570e-03 1 1 3 3 4.859317e-14 0.000000e+00
93 182 1.646023e-02 1.307482e-03 1 1 3 3 4.858729e-14 0.000000e+00
93 183 1.646023e-02 1.646023e-03 1 1 3 3 4.857828e-14 0.000000e+00
93 184 1.646023e-02 2.072220e-03 1 1 3 3 4.856378e-14 0.000000e+00
93 185 1.646023e-02 2.608770e-03 1 1 3 3 4.854076e-14 0.000000e+00
93 186 1.646023e-02 3.284247e-03 1 1 3 3 4.850413e-14 0.000000e+00
93 187 1.646023e-02 4.134622e-03 1 1 3 3 4.844569e-14 0.000000e+00
93 188 1.646023e-02 5.205181e-03 1 1 3 3 4.835214e-14 0.000000e+00
93 189 1.646023e-02 6.552935e-03 1 1 3 3 4.820150e-14 0.000000e+00
93 190 1.646023e-02 8.249656e-03 1 1 3 3 4.795682e-14 0.000000e+00
93 191 1.646023e-02 1.038570e-02 1 1 3 3 4.755413e-14 0.000000e+00
93 192 1.646023e-02 1.307482e-02 1 1 3 3 4.687334e-14 0.000000e+00
93 193 1.646023e-02 1.646023e-02 1 1 3 3 4.534035e-14 0.000000e+00
93 194 1.646023e-02 2.072220e-02 1 1 3 3 4.177026e-14 0.000000e+00
93 195 1.646023e-02 2.608770e-02 1 1 3 3 3.702947e-14 0.000000e+00
93 196 1.646023e-02 3.284247e-02 1 1 3 3 3.165966e-14 0.000000e+00
93 197 1.646023e-02 4.134622e-02 1 1 3 3 2.595382e-14 0.000000e+00
93 198 1.646023e-02 5.205181e-02 1 1 3 3 2.026762e-14 0.000000e+00
93 199 1.646023e-02 6.552935e-02 1 1 3 3 1.495493e-14 0.000000e+00
94 180 2.072220e-02 8.249656e-04 1 1 3 3 4.339935e-14 0.000000e+00
94 181 2.072220e-02 1.038570e-03 1 1 3 3 4.339758e-14 0.000000e+00
94 182 2.072220e-02 1.307482e-03 1 1 3 3 4.339428e-14 0.000000e+00
94 183 2.072220e-02 1.646023e-03 1 1 3 3 4.338938e-14 0.000000e+00
94 184 2.072220e-02 2.072220e-03 1 1 3 3 4.338139e-14 0.000000e+00
94 185 2.072220e-02 2.608770e-03 1 1 3 3 4.336871e-14 0.000000e+00
94 186 2.072220e-02 3.284247e-03 1 1 3 3 4.334853e-14 0.000000e+00
94 187 2.072220e-02 4.134622e-03 1 1 3 3 4.331630e-14 0.000000e+00
94 188 2.072220e-02 5.205181e-03 1 1 3 3 4.326465e-14 0.000000e+00
94 189 2.072220e-02 6.552935e-03 1 1 3 3 4.318131e-14 0.000000e+00
94 190 2.072220e-02 8.249656e-03 1 1 3 3 4.304546e-14 0.000000e+00
94 191 2.072220e-02 1.038570e-02 1 1 3 3 4.282059e-14 0.000000e+00
94 192 2.072220e-02 1.307482e-02 1 1 3 3 4.243966e-14 0.000000e+00
94 193 2.072220e-02 1.646023e-02 1 1 3 3 4.177026e-14 0.000000e+00
94 194 2.072220e-02 2.072220e-02 1 1 3 3 4.019679e-14 0.000000e+00
94 195 2.072220e-02 2.608770e-02 1 1 3 3 3.644140e-14 0.000000e+00
94 196 2.072220e-02 3.284247e-02 1 1 3 3 3.147748e-14 0.000000e+00
94 197 2.072220e-02 4.134622e-02 1 1 3 3 2.598619e-14 0.000000e+00
94 198 2.072220e-02 5.205181e-02 1 1 3 3 2.038227e-14 0.000000e+00
94 199 2.072220e-02 6.552935e-02 1 1 3 3 1.507402e-14 0.000000e+00
95 180 2.608770e-02 8.249656e-04 1 1 3 3 3.776346e-14 0.000000e+00
95 181 2.608770e-02 1.038570e-03 1 1 3 3 3.776283e-14 0.000000e+00
95 182 2.608770e-02 1.307482e-03 1 1 3 3 3.776134e-14 0.000000e+00
95 183 2.608770e-02 1.646023e-03 1 1 3 3 3.775931e-14 0.000000e+00
95 184 2.608770e-02 2.072220e-03 1 1 3 3 3.775587e-14 0.000000e+00
95 185 2.608770e-02 2.608770e-03 1 1 3 3 3.775043e-14 0.000000e+00
95 186 2.608770e-02 3.284247e-03 1 1 3 3 3.774175e-14 0.000000e+00
95 187 2.608770e-02 4.134622e-03 1 1 3 3 3.772786e-14 0.000000e+00
95 188 2.608770e-02 5.205181e-03 1 1 3 3 3.770553e-14 0.000000e+00
95 189 2.608770e-02 6.552935e-03 1 1 3 3 3.766931e-14 0.000000e+00
95 190 2.608770e-02 8.249656e-03 1 1 3 3 3.760981e-14 0.000000e+00
95 191 2.608770e-02 1.038570e-02 1 1 3 3 3.751014e-14 0.000000e+00
95 192 2.608770e-02 1.307482e-02 1 1 3 3 3.733830e-14 0.000000e+00
95 193 2.608770e-02 1.646023e-02 1 1 3 3 3.702947e-14 0.000000e+00
95 194 2.608770e-02 2.072220e-02 1 1 3 3 3.644140e-14 0.000000e+00
95 195 2.608770e-02 2.608770e-02 1 1 3 3 3.490706e-14 0.000000e+00
95 196 2.608770e-02 3.284247e-02 1 1 3 3 3.105044e-14 0.000000e+00
95 197 2.608770e-02 4.134622e-02 1 1 3 3 2.597715e-14 0.000000e+00
95 198 2.608770e-02 5.205181e-02 1 1 3 3 2.054144e-14 0.000000e+00
95 199 2.608770e-02 6.552935e-02 1 1 3 3 1.525688e-14 0.000000e+00
96 180 3.284247e-02 8.249656e-04 1 1 3 3 3.183580e-14 0.000000e+00
96 181 3.284247e-02 1.038570e-03 1 1 3 3 3.183588e-14 0.000000e+00
96 182 3.284247e-02 1.307482e-03 1 1 3 3 3.183552e-14 0.000000e+00
96 183 3.284247e-02 1.646023e-03 1 1 3 3 3.183527e-14 0.000000e+00
96 184 3.284247e-02 2.072220e-03 1 1 3 3 3.183466e-14 0.000000e+00
96 185 3.284247e-02 2.608770e-03 1 1 3 3 3.183371e-14 0.000000e+00
96 186 3.284247e-02 3.284247e-03 1 1 3 3 3.183218e-14 0.000000e+00
96 187 3.284247e-02 4.134622e-03 1 1 3 3 3.182969e-14 0.000000e+00
96 188 3.284247e-02 5.205181e-03 1 1 3 3 3.182558e-14 0.000000e+00
96 189 3.284247e-02 6.552935e-03 1 1 3 3 3.181865e-14 0.000000e+00
96 190 3.284247e-02 8.249656e-03 1 1 3 3 3.180663e-14 0.000000e+00
96 191 3.284247e-02 1.038570e-02 1 1 3 3 3.178490e-14 0.000000e+00
96 192 3.284247e-02 1.307482e-02 1 1 3 3 3.174351e-14 0.000000e+00
96 193 3.284247e-02 1.646023e-02 1 1 3 3 3.165966e-14 0.000000e+00
96 194 3.284247e-02 2.072220e-02 1 1 3 3 3.147748e-14 0.000000e+00
96 195 3.284247e-02 2.608770e-02 1 1 3 3 3.105044e-14 0.000000e+00
96 196 3.284247e-02 3.284247e-02 1 1 3 3 2.964865e-14 0.000000e+00
96 197 3.284247e-02 4.134622e-02 1 1 3 3 2.578435e-14 0.000000e+00
96 198 3.284247e-02 5.205181e-02 1 1 3 3 2.072835e-14 0.000000e+00
96 199 3.284247e-02 6.552935e-02 1 1 3 3 1.552934e-14 0.000000e+00
97 180 4.134622e-02 8.249656e-04 1 1 3 3 2.583914e-14 0.000000e+00
97 181 4.134622e-02 1.038570e-03 1 1 3 3 2.583958e-14 0.000000e+00
97 182 4.134622e-02 1.307482e-03 1 1 3 3 2.583981e-14 0.000000e+00
97 183 4.134622e-02 1.646023e-03 1 1 3 3 2.584048e-14 0.000000e+00
97 184 4.134622e-02 2.072220e-03 1 1 3 3 2.584133e-14 0.000000e+00
97 185 4.134622e-02 2.608770e-03 1 1 3 3 2.584270e-14 0.000000e+00
97 186 4.134622e-02 3.284247e-03 1 1 3 3 2.584486e-14 0.000000e+00
97 187 4.134622e-02 4.134622e-03 1 1 3 3 2.584826e-14 0.000000e+00
97 188 4.134622e-02 5.205181e-03 1 1 3 3 2.585358e-14 0.000000e+00
97 189 4.134622e-02 6.552935e-03 1 1 3 3 2.586181e-14 0.000000e+00
97 190 4.134622e-02 8.249656e-03 1 1 3 3 2.587440e-14 0.000000e+00
97 191 4.134622e-02 1.038570e-02 1 1 3 3 2.589313e-14 0.000000e+00
97 192 4.134622e-02 1.307482e-02 1 1 3 3 2.591974e-14 0.000000e+00
97 193 4.134622e-02 1.646023e-02 1 1 3 3 2.595382e-14 0.000000e+00
97 194 4.134622e-02 2.072220e-02 1 1 3 3 2.598619e-14 0.000000e+00
97 195 4.134622e-02 2.608770e-02 1 1 3 3 2.597715e-14 0.000000e+00
97 196 4.134622e-02 3.284247e-02 1 1 3 3 2.578435e-14 0.000000e+00
97 197 4.134622e-02 4.134622e-02 1 1 3 3 2.460411e-14 0.000000e+00
97 198 4.134622e-02 5.205181e-02 1 1 3 3 2.081718e-14 0.000000e+00
97 199 4.134622e-02 6.552935e-02 1 1 3 3 1.590500e-14 0.000000e+00
98 180 5.205181e-02 8.249656e-04 1 1 3 3 2.004944e-14 0.000000e+00
98 181 5.205181e-02 1.038570e-03 1 1 3 3 2.005000e-14 0.000000e+00
98 182 5.205181e-02 1.307482e-03 1 1 3 3 2.005042e-14 0.000000e+00
98 183 5.205181e-02 1.646023e-03 1 1 3 3 2.005139e-14 0.000000e+00
98 184 5.205181e-02 2.072220e-03 1 1 3 3 2.005273e-14 0.000000e+00
98 185 5.205181e-02 2.608770e-03 1 1 3 3 2.005487e-14 0.000000e+00
98 186 5.205181e-02 3.284247e-03 1 1 3 3 2.005826e-14 0.000000e+00
98 187 5.205181e-02 4.134622e-03 1 1 3 3 2.006363e-14 0.000000e+00
98 188 5.205181e-02 5.205181e-03 1 1 3 3 2.007210e-14 0.000000e+00
98 189 5.205181e-02 6.552935e-03 1 1 3 3 2.008546e-14 0.000000e+00
98 190 5.205181e-02 8.249656e-03 1 1 3 3 2.010646e-14 0.000000e+00
98 191 5.205181e-02 1.038570e-02 1 1 3 3 2.013928e-14 0.000000e+00
98 192 5.205181e-02 1.307482e-02 1 1 3 3 2.019012e-14 0.000000e+00
98 193 5.205181e-02 1.646023e-02 1 1 3 3 2.026762e-14 0.000000e+00
98 194 5.205181e-02 2.072220e-02 1 1 3 3 2.038227e-14 0.000000e+00
98 195 5.205181e-02 2.608770e-02 1 1 3 3 2.054144e-14 0.000000e+00
98 196 5.205181e-02 3.284247e-02 1 1 3 3 2.072835e-14 0.000000e+00
98 197 5.205181e-02 4.134622e-02 1 1 3 3 2.081718e-14 0.000000e+00
98 198 5.205181e-02 5.205181e-02 1 1 3 3 1.992795e-14 0.000000e+00
98 199 5.205181e-02 6.552935e-02 1 1 3 3 1.629342e-14 0.000000e+00
99 180 6.552935e-02 8.249656e-04 1 1 3 3 1.474579e-14 0.000000e+00
99 181 6.552935e-02 1.038570e-03 1 1 3 3 1.474632e-14 0.000000e+00
99 182 6.552935e-02 1.307482e-03 1 1 3 3 1.474671e-14 0.000000e+00
99 183 6.552935e-02 1.646023e-03 1 1 3 3 1.474761e-14 0.000000e+00
99 184 6.552935e-02 2.072220e-03 1 1 3 3 1.474884e-14 0.000000e+00
99 185 6.552935e-02 2.608770e-03 1 1 3 3 1.475081e-14 0.000000e+00
99 186 6.552935e-02 3.284247e-03 1 1 3 3 1.475393e-14 0.000000e+00
99 187 6.552935e-02 4.134622e-03 1 1 3 3 1.475888e-14 0.000000e+00
99 188 6.552935e-02 5.205181e-03 1 1 3 3 1.476672e-14 0.000000e+00
99 189 6.552935e-02 6.552935e-03 1 1 3 3 1.477912e-14 0.000000e+00
99 190 6.552935e-02 8.249656e-03 1 1 3 3 1.479873e-14 0.000000e+00
99 191 6.552935e-02 1.038570e-02 1 1 3 3 1.482969e-14 0.000000e+00
99 192 6.552935e-02 1.307482e-02 1 1 3 3 1.487845e-14 0.000000e+00
99 193 6.552935e-02 1.646023e-02 1 1 3 3 1.495493e-14 0.000000e+00
99 194 6.552935e-02 2.072220e-02 1 1 3 3 1.507402e-14 0.000000e+00
99 195 6.552935e-02 2.608770e-02 1 1 3 3 1.525688e-14 0.000000e+00
99 196 6.552935e-02 3.284247e-02 1 1 3 3 1.552934e-14 0.000000e+00
99 197 6.552935e-02 4.134622e-02 1 1 3 3 1.590500e-14 0.000000e+00
99 198 6.552935e-02 5.205181e-02 1 1 3 3 1.629342e-14 0.000000e+00
99 199 6.552935e-02 6.552935e-02 1 1 3 3 1.574794e-14 0.000000e+00
