# Please cite the following papers in research using this covariance:
# arXiv: 1601.05779, https://arxiv.org/abs/1601.05779
# arXiv: 1911.11947, https://arxiv.org/abs/1911.11947
# arXiv: 2004.04833, https://arxiv.org/abs/2004.04833
########################################################
40 40 8.249656e-04 8.249656e-04 0 2 0 2 2.479312e-11 0.000000e+00
40 41 8.249656e-04 1.038570e-03 0 2 0 2 2.264094e-13 0.000000e+00
40 42 8.249656e-04 1.307482e-03 0 2 0 2 1.873716e-13 0.000000e+00
40 43 8.249656e-04 1.646023e-03 0 2 0 2 1.554681e-13 0.000000e+00
40 44 8.249656e-04 2.072220e-03 0 2 0 2 1.301524e-13 0.000000e+00
40 45 8.249656e-04 2.608770e-03 0 2 0 2 1.102086e-13 0.000000e+00
40 46 8.249656e-04 3.284247e-03 0 2 0 2 9.442025e-14 0.000000e+00
40 47 8.249656e-04 4.134622e-03 0 2 0 2 8.173343e-14 0.000000e+00
40 48 8.249656e-04 5.205181e-03 0 2 0 2 7.129732e-14 0.000000e+00
40 49 8.249656e-04 6.552935e-03 0 2 0 2 6.246135e-14 0.000000e+00
40 50 8.249656e-04 8.249656e-03 0 2 0 2 5.475307e-14 0.000000e+00
40 51 8.249656e-04 1.038570e-02 0 2 0 2 4.784842e-14 0.000000e+00
40 52 8.249656e-04 1.307482e-02 0 2 0 2 4.153922e-14 0.000000e+00
40 53 8.249656e-04 1.646023e-02 0 2 0 2 3.570225e-14 0.000000e+00
40 54 8.249656e-04 2.072220e-02 0 2 0 2 3.027445e-14 0.000000e+00
40 55 8.249656e-04 2.608770e-02 0 2 0 2 2.523363e-14 0.000000e+00
40 56 8.249656e-04 3.284247e-02 0 2 0 2 2.058558e-14 0.000000e+00
40 57 8.249656e-04 4.134622e-02 0 2 0 2 1.635600e-14 0.000000e+00
40 58 8.249656e-04 5.205181e-02 0 2 0 2 1.258682e-14 0.000000e+00
40 59 8.249656e-04 6.552935e-02 0 2 0 2 9.312103e-15 0.000000e+00
41 40 1.038570e-03 8.249656e-04 0 2 0 2 2.264094e-13 0.000000e+00
41 41 1.038570e-03 1.038570e-03 0 2 0 2 1.570560e-11 0.000000e+00
41 42 1.038570e-03 1.307482e-03 0 2 0 2 1.947250e-13 0.000000e+00
41 43 1.038570e-03 1.646023e-03 0 2 0 2 1.596963e-13 0.000000e+00
41 44 1.038570e-03 2.072220e-03 0 2 0 2 1.323624e-13 0.000000e+00
41 45 1.038570e-03 2.608770e-03 0 2 0 2 1.113075e-13 0.000000e+00
41 46 1.038570e-03 3.284247e-03 0 2 0 2 9.494632e-14 0.000000e+00
41 47 1.038570e-03 4.134622e-03 0 2 0 2 8.197750e-14 0.000000e+00
41 48 1.038570e-03 5.205181e-03 0 2 0 2 7.140798e-14 0.000000e+00
41 49 1.038570e-03 6.552935e-03 0 2 0 2 6.251092e-14 0.000000e+00
41 50 1.038570e-03 8.249656e-03 0 2 0 2 5.477552e-14 0.000000e+00
41 51 1.038570e-03 1.038570e-02 0 2 0 2 4.785908e-14 0.000000e+00
41 52 1.038570e-03 1.307482e-02 0 2 0 2 4.154463e-14 0.000000e+00
41 53 1.038570e-03 1.646023e-02 0 2 0 2 3.570529e-14 0.000000e+00
41 54 1.038570e-03 2.072220e-02 0 2 0 2 3.027632e-14 0.000000e+00
41 55 1.038570e-03 2.608770e-02 0 2 0 2 2.523487e-14 0.000000e+00
41 56 1.038570e-03 3.284247e-02 0 2 0 2 2.058647e-14 0.000000e+00
41 57 1.038570e-03 4.134622e-02 0 2 0 2 1.635669e-14 0.000000e+00
41 58 1.038570e-03 5.205181e-02 0 2 0 2 1.258731e-14 0.000000e+00
41 59 1.038570e-03 6.552935e-02 0 2 0 2 9.312471e-15 0.000000e+00
42 40 1.307482e-03 8.249656e-04 0 2 0 2 1.873716e-13 0.000000e+00
42 41 1.307482e-03 1.038570e-03 0 2 0 2 1.947250e-13 0.000000e+00
42 42 1.307482e-03 1.307482e-03 0 2 0 2 9.963232e-12 0.000000e+00
42 43 1.307482e-03 1.646023e-03 0 2 0 2 1.672417e-13 0.000000e+00
42 44 1.307482e-03 2.072220e-03 0 2 0 2 1.362773e-13 0.000000e+00
42 45 1.307482e-03 2.608770e-03 0 2 0 2 1.132021e-13 0.000000e+00
42 46 1.307482e-03 3.284247e-03 0 2 0 2 9.583199e-14 0.000000e+00
42 47 1.307482e-03 4.134622e-03 0 2 0 2 8.238087e-14 0.000000e+00
42 48 1.307482e-03 5.205181e-03 0 2 0 2 7.158817e-14 0.000000e+00
42 49 1.307482e-03 6.552935e-03 0 2 0 2 6.259076e-14 0.000000e+00
42 50 1.307482e-03 8.249656e-03 0 2 0 2 5.481129e-14 0.000000e+00
42 51 1.307482e-03 1.038570e-02 0 2 0 2 4.787570e-14 0.000000e+00
42 52 1.307482e-03 1.307482e-02 0 2 0 2 4.155286e-14 0.000000e+00
42 53 1.307482e-03 1.646023e-02 0 2 0 2 3.570978e-14 0.000000e+00
42 54 1.307482e-03 2.072220e-02 0 2 0 2 3.027889e-14 0.000000e+00
42 55 1.307482e-03 2.608770e-02 0 2 0 2 2.523654e-14 0.000000e+00
42 56 1.307482e-03 3.284247e-02 0 2 0 2 2.058754e-14 0.000000e+00
42 57 1.307482e-03 4.134622e-02 0 2 0 2 1.635744e-14 0.000000e+00
42 58 1.307482e-03 5.205181e-02 0 2 0 2 1.258778e-14 0.000000e+00
42 59 1.307482e-03 6.552935e-02 0 2 0 2 9.312749e-15 0.000000e+00
43 40 1.646023e-03 8.249656e-04 0 2 0 2 1.554681e-13 0.000000e+00
43 41 1.646023e-03 1.038570e-03 0 2 0 2 1.596963e-13 0.000000e+00
43 42 1.646023e-03 1.307482e-03 0 2 0 2 1.672417e-13 0.000000e+00
43 43 1.646023e-03 1.646023e-03 0 2 0 2 6.332802e-12 0.000000e+00
43 44 1.646023e-03 2.072220e-03 0 2 0 2 1.436527e-13 0.000000e+00
43 45 1.646023e-03 2.608770e-03 0 2 0 2 1.166561e-13 0.000000e+00
43 46 1.646023e-03 3.284247e-03 0 2 0 2 9.738383e-14 0.000000e+00
43 47 1.646023e-03 4.134622e-03 0 2 0 2 8.306651e-14 0.000000e+00
43 48 1.646023e-03 5.205181e-03 0 2 0 2 7.188780e-14 0.000000e+00
43 49 1.646023e-03 6.552935e-03 0 2 0 2 6.272146e-14 0.000000e+00
43 50 1.646023e-03 8.249656e-03 0 2 0 2 5.486925e-14 0.000000e+00
43 51 1.646023e-03 1.038570e-02 0 2 0 2 4.790255e-14 0.000000e+00
43 52 1.646023e-03 1.307482e-02 0 2 0 2 4.156627e-14 0.000000e+00
43 53 1.646023e-03 1.646023e-02 0 2 0 2 3.571709e-14 0.000000e+00
43 54 1.646023e-03 2.072220e-02 0 2 0 2 3.028327e-14 0.000000e+00
43 55 1.646023e-03 2.608770e-02 0 2 0 2 2.523942e-14 0.000000e+00
43 56 1.646023e-03 3.284247e-02 0 2 0 2 2.058947e-14 0.000000e+00
43 57 1.646023e-03 4.134622e-02 0 2 0 2 1.635883e-14 0.000000e+00
43 58 1.646023e-03 5.205181e-02 0 2 0 2 1.258873e-14 0.000000e+00
43 59 1.646023e-03 6.552935e-02 0 2 0 2 9.313383e-15 0.000000e+00
44 40 2.072220e-03 8.249656e-04 0 2 0 2 1.301524e-13 0.000000e+00
44 41 2.072220e-03 1.038570e-03 0 2 0 2 1.323624e-13 0.000000e+00
44 42 2.072220e-03 1.307482e-03 0 2 0 2 1.362773e-13 0.000000e+00
44 43 2.072220e-03 1.646023e-03 0 2 0 2 1.436527e-13 0.000000e+00
44 44 2.072220e-03 2.072220e-03 0 2 0 2 4.035989e-12 0.000000e+00
44 45 2.072220e-03 2.608770e-03 0 2 0 2 1.235521e-13 0.000000e+00
44 46 2.072220e-03 3.284247e-03 0 2 0 2 1.002968e-13 0.000000e+00
44 47 2.072220e-03 4.134622e-03 0 2 0 2 8.428612e-14 0.000000e+00
44 48 2.072220e-03 5.205181e-03 0 2 0 2 7.240069e-14 0.000000e+00
44 49 2.072220e-03 6.552935e-03 0 2 0 2 6.293924e-14 0.000000e+00
44 50 2.072220e-03 8.249656e-03 0 2 0 2 5.496396e-14 0.000000e+00
44 51 2.072220e-03 1.038570e-02 0 2 0 2 4.794575e-14 0.000000e+00
44 52 2.072220e-03 1.307482e-02 0 2 0 2 4.158753e-14 0.000000e+00
44 53 2.072220e-03 1.646023e-02 0 2 0 2 3.572858e-14 0.000000e+00
44 54 2.072220e-03 2.072220e-02 0 2 0 2 3.029014e-14 0.000000e+00
44 55 2.072220e-03 2.608770e-02 0 2 0 2 2.524379e-14 0.000000e+00
44 56 2.072220e-03 3.284247e-02 0 2 0 2 2.059240e-14 0.000000e+00
44 57 2.072220e-03 4.134622e-02 0 2 0 2 1.636086e-14 0.000000e+00
44 58 2.072220e-03 5.205181e-02 0 2 0 2 1.259011e-14 0.000000e+00
44 59 2.072220e-03 6.552935e-02 0 2 0 2 9.314249e-15 0.000000e+00
45 40 2.608770e-03 8.249656e-04 0 2 0 2 1.102086e-13 0.000000e+00
45 41 2.608770e-03 1.038570e-03 0 2 0 2 1.113075e-13 0.000000e+00
45 42 2.608770e-03 1.307482e-03 0 2 0 2 1.132021e-13 0.000000e+00
45 43 2.608770e-03 1.646023e-03 0 2 0 2 1.166561e-13 0.000000e+00
45 44 2.608770e-03 2.072220e-03 0 2 0 2 1.235521e-13 0.000000e+00
45 45 2.608770e-03 2.608770e-03 0 2 0 2 2.581522e-12 0.000000e+00
45 46 2.608770e-03 3.284247e-03 0 2 0 2 1.064851e-13 0.000000e+00
45 47 2.608770e-03 4.134622e-03 0 2 0 2 8.664330e-14 0.000000e+00
45 48 2.608770e-03 5.205181e-03 0 2 0 2 7.332619e-14 0.000000e+00
45 49 2.608770e-03 6.552935e-03 0 2 0 2 6.331439e-14 0.000000e+00
45 50 2.608770e-03 8.249656e-03 0 2 0 2 5.512195e-14 0.000000e+00
45 51 2.608770e-03 1.038570e-02 0 2 0 2 4.801632e-14 0.000000e+00
45 52 2.608770e-03 1.307482e-02 0 2 0 2 4.162185e-14 0.000000e+00
45 53 2.608770e-03 1.646023e-02 0 2 0 2 3.574701e-14 0.000000e+00
45 54 2.608770e-03 2.072220e-02 0 2 0 2 3.030103e-14 0.000000e+00
45 55 2.608770e-03 2.608770e-02 0 2 0 2 2.525071e-14 0.000000e+00
45 56 2.608770e-03 3.284247e-02 0 2 0 2 2.059707e-14 0.000000e+00
45 57 2.608770e-03 4.134622e-02 0 2 0 2 1.636408e-14 0.000000e+00
45 58 2.608770e-03 5.205181e-02 0 2 0 2 1.259234e-14 0.000000e+00
45 59 2.608770e-03 6.552935e-02 0 2 0 2 9.315637e-15 0.000000e+00
46 40 3.284247e-03 8.249656e-04 0 2 0 2 9.442025e-14 0.000000e+00
46 41 3.284247e-03 1.038570e-03 0 2 0 2 9.494632e-14 0.000000e+00
46 42 3.284247e-03 1.307482e-03 0 2 0 2 9.583199e-14 0.000000e+00
46 43 3.284247e-03 1.646023e-03 0 2 0 2 9.738383e-14 0.000000e+00
46 44 3.284247e-03 2.072220e-03 0 2 0 2 1.002968e-13 0.000000e+00
46 45 3.284247e-03 2.608770e-03 0 2 0 2 1.064851e-13 0.000000e+00
46 46 3.284247e-03 3.284247e-03 0 2 0 2 1.659263e-12 0.000000e+00
46 47 3.284247e-03 4.134622e-03 0 2 0 2 9.198909e-14 0.000000e+00
46 48 3.284247e-03 5.205181e-03 0 2 0 2 7.516532e-14 0.000000e+00
46 49 3.284247e-03 6.552935e-03 0 2 0 2 6.399890e-14 0.000000e+00
46 50 3.284247e-03 8.249656e-03 0 2 0 2 5.539473e-14 0.000000e+00
46 51 3.284247e-03 1.038570e-02 0 2 0 2 4.813379e-14 0.000000e+00
46 52 3.284247e-03 1.307482e-02 0 2 0 2 4.167759e-14 0.000000e+00
46 53 3.284247e-03 1.646023e-02 0 2 0 2 3.577654e-14 0.000000e+00
46 54 3.284247e-03 2.072220e-02 0 2 0 2 3.031839e-14 0.000000e+00
46 55 3.284247e-03 2.608770e-02 0 2 0 2 2.526176e-14 0.000000e+00
46 56 3.284247e-03 3.284247e-02 0 2 0 2 2.060445e-14 0.000000e+00
46 57 3.284247e-03 4.134622e-02 0 2 0 2 1.636920e-14 0.000000e+00
46 58 3.284247e-03 5.205181e-02 0 2 0 2 1.259588e-14 0.000000e+00
46 59 3.284247e-03 6.552935e-02 0 2 0 2 9.317840e-15 0.000000e+00
47 40 4.134622e-03 8.249656e-04 0 2 0 2 8.173343e-14 0.000000e+00
47 41 4.134622e-03 1.038570e-03 0 2 0 2 8.197750e-14 0.000000e+00
47 42 4.134622e-03 1.307482e-03 0 2 0 2 8.238087e-14 0.000000e+00
47 43 4.134622e-03 1.646023e-03 0 2 0 2 8.306651e-14 0.000000e+00
47 44 4.134622e-03 2.072220e-03 0 2 0 2 8.428612e-14 0.000000e+00
47 45 4.134622e-03 2.608770e-03 0 2 0 2 8.664330e-14 0.000000e+00
47 46 4.134622e-03 3.284247e-03 0 2 0 2 9.198909e-14 0.000000e+00
47 47 4.134622e-03 4.134622e-03 0 2 0 2 1.073389e-12 0.000000e+00
47 48 4.134622e-03 5.205181e-03 0 2 0 2 7.962573e-14 0.000000e+00
47 49 4.134622e-03 6.552935e-03 0 2 0 2 6.539219e-14 0.000000e+00
47 50 4.134622e-03 8.249656e-03 0 2 0 2 5.589540e-14 0.000000e+00
47 51 4.134622e-03 1.038570e-02 0 2 0 2 4.833595e-14 0.000000e+00
47 52 4.134622e-03 1.307482e-02 0 2 0 2 4.176985e-14 0.000000e+00
47 53 4.134622e-03 1.646023e-02 0 2 0 2 3.582437e-14 0.000000e+00
47 54 4.134622e-03 2.072220e-02 0 2 0 2 3.034617e-14 0.000000e+00
47 55 4.134622e-03 2.608770e-02 0 2 0 2 2.527930e-14 0.000000e+00
47 56 4.134622e-03 3.284247e-02 0 2 0 2 2.061617e-14 0.000000e+00
47 57 4.134622e-03 4.134622e-02 0 2 0 2 1.637737e-14 0.000000e+00
47 58 4.134622e-03 5.205181e-02 0 2 0 2 1.260145e-14 0.000000e+00
47 59 4.134622e-03 6.552935e-02 0 2 0 2 9.321343e-15 0.000000e+00
48 40 5.205181e-03 8.249656e-04 0 2 0 2 7.129732e-14 0.000000e+00
48 41 5.205181e-03 1.038570e-03 0 2 0 2 7.140798e-14 0.000000e+00
48 42 5.205181e-03 1.307482e-03 0 2 0 2 7.158817e-14 0.000000e+00
48 43 5.205181e-03 1.646023e-03 0 2 0 2 7.188780e-14 0.000000e+00
48 44 5.205181e-03 2.072220e-03 0 2 0 2 7.240069e-14 0.000000e+00
48 45 5.205181e-03 2.608770e-03 0 2 0 2 7.332619e-14 0.000000e+00
48 46 5.205181e-03 3.284247e-03 0 2 0 2 7.516532e-14 0.000000e+00
48 47 5.205181e-03 4.134622e-03 0 2 0 2 7.962573e-14 0.000000e+00
48 48 5.205181e-03 5.205181e-03 0 2 0 2 7.002357e-13 0.000000e+00
48 49 5.205181e-03 6.552935e-03 0 2 0 2 6.900176e-14 0.000000e+00
48 50 5.205181e-03 8.249656e-03 0 2 0 2 5.693141e-14 0.000000e+00
48 51 5.205181e-03 1.038570e-02 0 2 0 2 4.870601e-14 0.000000e+00
48 52 5.205181e-03 1.307482e-02 0 2 0 2 4.192715e-14 0.000000e+00
48 53 5.205181e-03 1.646023e-02 0 2 0 2 3.590279e-14 0.000000e+00
48 54 5.205181e-03 2.072220e-02 0 2 0 2 3.039089e-14 0.000000e+00
48 55 5.205181e-03 2.608770e-02 0 2 0 2 2.530735e-14 0.000000e+00
48 56 5.205181e-03 3.284247e-02 0 2 0 2 2.063485e-14 0.000000e+00
48 57 5.205181e-03 4.134622e-02 0 2 0 2 1.639031e-14 0.000000e+00
48 58 5.205181e-03 5.205181e-02 0 2 0 2 1.261029e-14 0.000000e+00
48 59 5.205181e-03 6.552935e-02 0 2 0 2 9.326912e-15 0.000000e+00
49 40 6.552935e-03 8.249656e-04 0 2 0 2 6.246135e-14 0.000000e+00
49 41 6.552935e-03 1.038570e-03 0 2 0 2 6.251092e-14 0.000000e+00
49 42 6.552935e-03 1.307482e-03 0 2 0 2 6.259076e-14 0.000000e+00
49 43 6.552935e-03 1.646023e-03 0 2 0 2 6.272146e-14 0.000000e+00
49 44 6.552935e-03 2.072220e-03 0 2 0 2 6.293924e-14 0.000000e+00
49 45 6.552935e-03 2.608770e-03 0 2 0 2 6.331439e-14 0.000000e+00
49 46 6.552935e-03 3.284247e-03 0 2 0 2 6.399890e-14 0.000000e+00
49 47 6.552935e-03 4.134622e-03 0 2 0 2 6.539219e-14 0.000000e+00
49 48 6.552935e-03 5.205181e-03 0 2 0 2 6.900176e-14 0.000000e+00
49 49 6.552935e-03 6.552935e-03 0 2 0 2 4.616886e-13 0.000000e+00
49 50 6.552935e-03 8.249656e-03 0 2 0 2 5.978037e-14 0.000000e+00
49 51 6.552935e-03 1.038570e-02 0 2 0 2 4.947448e-14 0.000000e+00
49 52 6.552935e-03 1.307482e-02 0 2 0 2 4.221133e-14 0.000000e+00
49 53 6.552935e-03 1.646023e-02 0 2 0 2 3.603474e-14 0.000000e+00
49 54 6.552935e-03 2.072220e-02 0 2 0 2 3.046363e-14 0.000000e+00
49 55 6.552935e-03 2.608770e-02 0 2 0 2 2.535227e-14 0.000000e+00
49 56 6.552935e-03 3.284247e-02 0 2 0 2 2.066459e-14 0.000000e+00
49 57 6.552935e-03 4.134622e-02 0 2 0 2 1.641085e-14 0.000000e+00
49 58 6.552935e-03 5.205181e-02 0 2 0 2 1.262433e-14 0.000000e+00
49 59 6.552935e-03 6.552935e-02 0 2 0 2 9.335735e-15 0.000000e+00
50 40 8.249656e-03 8.249656e-04 0 2 0 2 5.475307e-14 0.000000e+00
50 41 8.249656e-03 1.038570e-03 0 2 0 2 5.477552e-14 0.000000e+00
50 42 8.249656e-03 1.307482e-03 0 2 0 2 5.481129e-14 0.000000e+00
50 43 8.249656e-03 1.646023e-03 0 2 0 2 5.486925e-14 0.000000e+00
50 44 8.249656e-03 2.072220e-03 0 2 0 2 5.496396e-14 0.000000e+00
50 45 8.249656e-03 2.608770e-03 0 2 0 2 5.512195e-14 0.000000e+00
50 46 8.249656e-03 3.284247e-03 0 2 0 2 5.539473e-14 0.000000e+00
50 47 8.249656e-03 4.134622e-03 0 2 0 2 5.589540e-14 0.000000e+00
50 48 8.249656e-03 5.205181e-03 0 2 0 2 5.693141e-14 0.000000e+00
50 49 8.249656e-03 6.552935e-03 0 2 0 2 5.978037e-14 0.000000e+00
50 50 8.249656e-03 8.249656e-03 0 2 0 2 3.083976e-13 0.000000e+00
50 51 8.249656e-03 1.038570e-02 0 2 0 2 5.168512e-14 0.000000e+00
50 52 8.249656e-03 1.307482e-02 0 2 0 2 4.279310e-14 0.000000e+00
50 53 8.249656e-03 1.646023e-02 0 2 0 2 3.626792e-14 0.000000e+00
50 54 8.249656e-03 2.072220e-02 0 2 0 2 3.058420e-14 0.000000e+00
50 55 8.249656e-03 2.608770e-02 0 2 0 2 2.542488e-14 0.000000e+00
50 56 8.249656e-03 3.284247e-02 0 2 0 2 2.071219e-14 0.000000e+00
50 57 8.249656e-03 4.134622e-02 0 2 0 2 1.644354e-14 0.000000e+00
50 58 8.249656e-03 5.205181e-02 0 2 0 2 1.264658e-14 0.000000e+00
50 59 8.249656e-03 6.552935e-02 0 2 0 2 9.349766e-15 0.000000e+00
51 40 1.038570e-02 8.249656e-04 0 2 0 2 4.784842e-14 0.000000e+00
51 41 1.038570e-02 1.038570e-03 0 2 0 2 4.785908e-14 0.000000e+00
51 42 1.038570e-02 1.307482e-03 0 2 0 2 4.787570e-14 0.000000e+00
51 43 1.038570e-02 1.646023e-03 0 2 0 2 4.790255e-14 0.000000e+00
51 44 1.038570e-02 2.072220e-03 0 2 0 2 4.794575e-14 0.000000e+00
51 45 1.038570e-02 2.608770e-03 0 2 0 2 4.801632e-14 0.000000e+00
51 46 1.038570e-02 3.284247e-03 0 2 0 2 4.813379e-14 0.000000e+00
51 47 1.038570e-02 4.134622e-03 0 2 0 2 4.833595e-14 0.000000e+00
51 48 1.038570e-02 5.205181e-03 0 2 0 2 4.870601e-14 0.000000e+00
51 49 1.038570e-02 6.552935e-03 0 2 0 2 4.947448e-14 0.000000e+00
51 50 1.038570e-02 8.249656e-03 0 2 0 2 5.168512e-14 0.000000e+00
51 51 1.038570e-02 1.038570e-02 0 2 0 2 2.091771e-13 0.000000e+00
51 52 1.038570e-02 1.307482e-02 0 2 0 2 4.449885e-14 0.000000e+00
51 53 1.038570e-02 1.646023e-02 0 2 0 2 3.672980e-14 0.000000e+00
51 54 1.038570e-02 2.072220e-02 0 2 0 2 3.079200e-14 0.000000e+00
51 55 1.038570e-02 2.608770e-02 0 2 0 2 2.554385e-14 0.000000e+00
51 56 1.038570e-02 3.284247e-02 0 2 0 2 2.078876e-14 0.000000e+00
51 57 1.038570e-02 4.134622e-02 0 2 0 2 1.649566e-14 0.000000e+00
51 58 1.038570e-02 5.205181e-02 0 2 0 2 1.268194e-14 0.000000e+00
51 59 1.038570e-02 6.552935e-02 0 2 0 2 9.372132e-15 0.000000e+00
52 40 1.307482e-02 8.249656e-04 0 2 0 2 4.153922e-14 0.000000e+00
52 41 1.307482e-02 1.038570e-03 0 2 0 2 4.154463e-14 0.000000e+00
52 42 1.307482e-02 1.307482e-03 0 2 0 2 4.155286e-14 0.000000e+00
52 43 1.307482e-02 1.646023e-03 0 2 0 2 4.156627e-14 0.000000e+00
52 44 1.307482e-02 2.072220e-03 0 2 0 2 4.158753e-14 0.000000e+00
52 45 1.307482e-02 2.608770e-03 0 2 0 2 4.162185e-14 0.000000e+00
52 46 1.307482e-02 3.284247e-03 0 2 0 2 4.167759e-14 0.000000e+00
52 47 1.307482e-02 4.134622e-03 0 2 0 2 4.176985e-14 0.000000e+00
52 48 1.307482e-02 5.205181e-03 0 2 0 2 4.192715e-14 0.000000e+00
52 49 1.307482e-02 6.552935e-03 0 2 0 2 4.221133e-14 0.000000e+00
52 50 1.307482e-02 8.249656e-03 0 2 0 2 4.279310e-14 0.000000e+00
52 51 1.307482e-02 1.038570e-02 0 2 0 2 4.449885e-14 0.000000e+00
52 52 1.307482e-02 1.307482e-02 0 2 0 2 1.443161e-13 0.000000e+00
52 53 1.307482e-02 1.646023e-02 0 2 0 2 3.805933e-14 0.000000e+00
52 54 1.307482e-02 2.072220e-02 0 2 0 2 3.118560e-14 0.000000e+00
52 55 1.307482e-02 2.608770e-02 0 2 0 2 2.574449e-14 0.000000e+00
52 56 1.307482e-02 3.284247e-02 0 2 0 2 2.091326e-14 0.000000e+00
52 57 1.307482e-02 4.134622e-02 0 2 0 2 1.657914e-14 0.000000e+00
52 58 1.307482e-02 5.205181e-02 0 2 0 2 1.273819e-14 0.000000e+00
52 59 1.307482e-02 6.552935e-02 0 2 0 2 9.407832e-15 0.000000e+00
53 40 1.646023e-02 8.249656e-04 0 2 0 2 3.570225e-14 0.000000e+00
53 41 1.646023e-02 1.038570e-03 0 2 0 2 3.570529e-14 0.000000e+00
53 42 1.646023e-02 1.307482e-03 0 2 0 2 3.570978e-14 0.000000e+00
53 43 1.646023e-02 1.646023e-03 0 2 0 2 3.571709e-14 0.000000e+00
53 44 1.646023e-02 2.072220e-03 0 2 0 2 3.572858e-14 0.000000e+00
53 45 1.646023e-02 2.608770e-03 0 2 0 2 3.574701e-14 0.000000e+00
53 46 1.646023e-02 3.284247e-03 0 2 0 2 3.577654e-14 0.000000e+00
53 47 1.646023e-02 4.134622e-03 0 2 0 2 3.582437e-14 0.000000e+00
53 48 1.646023e-02 5.205181e-03 0 2 0 2 3.590279e-14 0.000000e+00
53 49 1.646023e-02 6.552935e-03 0 2 0 2 3.603474e-14 0.000000e+00
53 50 1.646023e-02 8.249656e-03 0 2 0 2 3.626792e-14 0.000000e+00
53 51 1.646023e-02 1.038570e-02 0 2 0 2 3.672980e-14 0.000000e+00
53 52 1.646023e-02 1.307482e-02 0 2 0 2 3.805933e-14 0.000000e+00
53 53 1.646023e-02 1.646023e-02 0 2 0 2 1.013547e-13 0.000000e+00
53 54 1.646023e-02 2.072220e-02 0 2 0 2 3.225294e-14 0.000000e+00
53 55 1.646023e-02 2.608770e-02 0 2 0 2 2.610808e-14 0.000000e+00
53 56 1.646023e-02 3.284247e-02 0 2 0 2 2.111994e-14 0.000000e+00
53 57 1.646023e-02 4.134622e-02 0 2 0 2 1.671385e-14 0.000000e+00
53 58 1.646023e-02 5.205181e-02 0 2 0 2 1.282797e-14 0.000000e+00
53 59 1.646023e-02 6.552935e-02 0 2 0 2 9.465056e-15 0.000000e+00
54 40 2.072220e-02 8.249656e-04 0 2 0 2 3.027445e-14 0.000000e+00
54 41 2.072220e-02 1.038570e-03 0 2 0 2 3.027632e-14 0.000000e+00
54 42 2.072220e-02 1.307482e-03 0 2 0 2 3.027889e-14 0.000000e+00
54 43 2.072220e-02 1.646023e-03 0 2 0 2 3.028327e-14 0.000000e+00
54 44 2.072220e-02 2.072220e-03 0 2 0 2 3.029014e-14 0.000000e+00
54 45 2.072220e-02 2.608770e-03 0 2 0 2 3.030103e-14 0.000000e+00
54 46 2.072220e-02 3.284247e-03 0 2 0 2 3.031839e-14 0.000000e+00
54 47 2.072220e-02 4.134622e-03 0 2 0 2 3.034617e-14 0.000000e+00
54 48 2.072220e-02 5.205181e-03 0 2 0 2 3.039089e-14 0.000000e+00
54 49 2.072220e-02 6.552935e-03 0 2 0 2 3.046363e-14 0.000000e+00
54 50 2.072220e-02 8.249656e-03 0 2 0 2 3.058420e-14 0.000000e+00
54 51 2.072220e-02 1.038570e-02 0 2 0 2 3.079200e-14 0.000000e+00
54 52 2.072220e-02 1.307482e-02 0 2 0 2 3.118560e-14 0.000000e+00
54 53 2.072220e-02 1.646023e-02 0 2 0 2 3.225294e-14 0.000000e+00
54 54 2.072220e-02 2.072220e-02 0 2 0 2 7.241824e-14 0.000000e+00
54 55 2.072220e-02 2.608770e-02 0 2 0 2 2.700867e-14 0.000000e+00
54 56 2.072220e-02 3.284247e-02 0 2 0 2 2.148120e-14 0.000000e+00
54 57 2.072220e-02 4.134622e-02 0 2 0 2 1.693460e-14 0.000000e+00
54 58 2.072220e-02 5.205181e-02 0 2 0 2 1.297222e-14 0.000000e+00
54 59 2.072220e-02 6.552935e-02 0 2 0 2 9.557214e-15 0.000000e+00
55 40 2.608770e-02 8.249656e-04 0 2 0 2 2.523363e-14 0.000000e+00
55 41 2.608770e-02 1.038570e-03 0 2 0 2 2.523487e-14 0.000000e+00
55 42 2.608770e-02 1.307482e-03 0 2 0 2 2.523654e-14 0.000000e+00
55 43 2.608770e-02 1.646023e-03 0 2 0 2 2.523942e-14 0.000000e+00
55 44 2.608770e-02 2.072220e-03 0 2 0 2 2.524379e-14 0.000000e+00
55 45 2.608770e-02 2.608770e-03 0 2 0 2 2.525071e-14 0.000000e+00
55 46 2.608770e-02 3.284247e-03 0 2 0 2 2.526176e-14 0.000000e+00
55 47 2.608770e-02 4.134622e-03 0 2 0 2 2.527930e-14 0.000000e+00
55 48 2.608770e-02 5.205181e-03 0 2 0 2 2.530735e-14 0.000000e+00
55 49 2.608770e-02 6.552935e-03 0 2 0 2 2.535227e-14 0.000000e+00
55 50 2.608770e-02 8.249656e-03 0 2 0 2 2.542488e-14 0.000000e+00
55 51 2.608770e-02 1.038570e-02 0 2 0 2 2.554385e-14 0.000000e+00
55 52 2.608770e-02 1.307482e-02 0 2 0 2 2.574449e-14 0.000000e+00
55 53 2.608770e-02 1.646023e-02 0 2 0 2 2.610808e-14 0.000000e+00
55 54 2.608770e-02 2.072220e-02 0 2 0 2 2.700867e-14 0.000000e+00
55 55 2.608770e-02 2.608770e-02 0 2 0 2 5.253434e-14 0.000000e+00
55 56 2.608770e-02 3.284247e-02 0 2 0 2 2.229023e-14 0.000000e+00
55 57 2.608770e-02 4.134622e-02 0 2 0 2 1.731010e-14 0.000000e+00
55 58 2.608770e-02 5.205181e-02 0 2 0 2 1.320707e-14 0.000000e+00
55 59 2.608770e-02 6.552935e-02 0 2 0 2 9.706753e-15 0.000000e+00
56 40 3.284247e-02 8.249656e-04 0 2 0 2 2.058558e-14 0.000000e+00
56 41 3.284247e-02 1.038570e-03 0 2 0 2 2.058647e-14 0.000000e+00
56 42 3.284247e-02 1.307482e-03 0 2 0 2 2.058754e-14 0.000000e+00
56 43 3.284247e-02 1.646023e-03 0 2 0 2 2.058947e-14 0.000000e+00
56 44 3.284247e-02 2.072220e-03 0 2 0 2 2.059240e-14 0.000000e+00
56 45 3.284247e-02 2.608770e-03 0 2 0 2 2.059707e-14 0.000000e+00
56 46 3.284247e-02 3.284247e-03 0 2 0 2 2.060445e-14 0.000000e+00
56 47 3.284247e-02 4.134622e-03 0 2 0 2 2.061617e-14 0.000000e+00
56 48 3.284247e-02 5.205181e-03 0 2 0 2 2.063485e-14 0.000000e+00
56 49 3.284247e-02 6.552935e-03 0 2 0 2 2.066459e-14 0.000000e+00
56 50 3.284247e-02 8.249656e-03 0 2 0 2 2.071219e-14 0.000000e+00
56 51 3.284247e-02 1.038570e-02 0 2 0 2 2.078876e-14 0.000000e+00
56 52 3.284247e-02 1.307482e-02 0 2 0 2 2.091326e-14 0.000000e+00
56 53 3.284247e-02 1.646023e-02 0 2 0 2 2.111994e-14 0.000000e+00
56 54 3.284247e-02 2.072220e-02 0 2 0 2 2.148120e-14 0.000000e+00
56 55 3.284247e-02 2.608770e-02 0 2 0 2 2.229023e-14 0.000000e+00
56 56 3.284247e-02 3.284247e-02 0 2 0 2 3.856496e-14 0.000000e+00
56 57 3.284247e-02 4.134622e-02 0 2 0 2 1.807907e-14 0.000000e+00
56 58 3.284247e-02 5.205181e-02 0 2 0 2 1.360141e-14 0.000000e+00
56 59 3.284247e-02 6.552935e-02 0 2 0 2 9.952352e-15 0.000000e+00
57 40 4.134622e-02 8.249656e-04 0 2 0 2 1.635600e-14 0.000000e+00
57 41 4.134622e-02 1.038570e-03 0 2 0 2 1.635669e-14 0.000000e+00
57 42 4.134622e-02 1.307482e-03 0 2 0 2 1.635744e-14 0.000000e+00
57 43 4.134622e-02 1.646023e-03 0 2 0 2 1.635883e-14 0.000000e+00
57 44 4.134622e-02 2.072220e-03 0 2 0 2 1.636086e-14 0.000000e+00
57 45 4.134622e-02 2.608770e-03 0 2 0 2 1.636408e-14 0.000000e+00
57 46 4.134622e-02 3.284247e-03 0 2 0 2 1.636920e-14 0.000000e+00
57 47 4.134622e-02 4.134622e-03 0 2 0 2 1.637737e-14 0.000000e+00
57 48 4.134622e-02 5.205181e-03 0 2 0 2 1.639031e-14 0.000000e+00
57 49 4.134622e-02 6.552935e-03 0 2 0 2 1.641085e-14 0.000000e+00
57 50 4.134622e-02 8.249656e-03 0 2 0 2 1.644354e-14 0.000000e+00
57 51 4.134622e-02 1.038570e-02 0 2 0 2 1.649566e-14 0.000000e+00
57 52 4.134622e-02 1.307482e-02 0 2 0 2 1.657914e-14 0.000000e+00
57 53 4.134622e-02 1.646023e-02 0 2 0 2 1.671385e-14 0.000000e+00
57 54 4.134622e-02 2.072220e-02 0 2 0 2 1.693460e-14 0.000000e+00
57 55 4.134622e-02 2.608770e-02 0 2 0 2 1.731010e-14 0.000000e+00
57 56 4.134622e-02 3.284247e-02 0 2 0 2 1.807907e-14 0.000000e+00
57 57 4.134622e-02 4.134622e-02 0 2 0 2 2.852155e-14 0.000000e+00
57 58 4.134622e-02 5.205181e-02 0 2 0 2 1.436200e-14 0.000000e+00
57 59 4.134622e-02 6.552935e-02 0 2 0 2 1.036597e-14 0.000000e+00
58 40 5.205181e-02 8.249656e-04 0 2 0 2 1.258682e-14 0.000000e+00
58 41 5.205181e-02 1.038570e-03 0 2 0 2 1.258731e-14 0.000000e+00
58 42 5.205181e-02 1.307482e-03 0 2 0 2 1.258778e-14 0.000000e+00
58 43 5.205181e-02 1.646023e-03 0 2 0 2 1.258873e-14 0.000000e+00
58 44 5.205181e-02 2.072220e-03 0 2 0 2 1.259011e-14 0.000000e+00
58 45 5.205181e-02 2.608770e-03 0 2 0 2 1.259234e-14 0.000000e+00
58 46 5.205181e-02 3.284247e-03 0 2 0 2 1.259588e-14 0.000000e+00
58 47 5.205181e-02 4.134622e-03 0 2 0 2 1.260145e-14 0.000000e+00
58 48 5.205181e-02 5.205181e-03 0 2 0 2 1.261029e-14 0.000000e+00
58 49 5.205181e-02 6.552935e-03 0 2 0 2 1.262433e-14 0.000000e+00
58 50 5.205181e-02 8.249656e-03 0 2 0 2 1.264658e-14 0.000000e+00
58 51 5.205181e-02 1.038570e-02 0 2 0 2 1.268194e-14 0.000000e+00
58 52 5.205181e-02 1.307482e-02 0 2 0 2 1.273819e-14 0.000000e+00
58 53 5.205181e-02 1.646023e-02 0 2 0 2 1.282797e-14 0.000000e+00
58 54 5.205181e-02 2.072220e-02 0 2 0 2 1.297222e-14 0.000000e+00
58 55 5.205181e-02 2.608770e-02 0 2 0 2 1.320707e-14 0.000000e+00
58 56 5.205181e-02 3.284247e-02 0 2 0 2 1.360141e-14 0.000000e+00
58 57 5.205181e-02 4.134622e-02 0 2 0 2 1.436200e-14 0.000000e+00
58 58 5.205181e-02 5.205181e-02 0 2 0 2 2.114529e-14 0.000000e+00
58 59 5.205181e-02 6.552935e-02 0 2 0 2 1.113808e-14 0.000000e+00
59 40 6.552935e-02 8.249656e-04 0 2 0 2 9.312103e-15 0.000000e+00
59 41 6.552935e-02 1.038570e-03 0 2 0 2 9.312471e-15 0.000000e+00
59 42 6.552935e-02 1.307482e-03 0 2 0 2 9.312749e-15 0.000000e+00
59 43 6.552935e-02 1.646023e-03 0 2 0 2 9.313383e-15 0.000000e+00
59 44 6.552935e-02 2.072220e-03 0 2 0 2 9.314249e-15 0.000000e+00
59 45 6.552935e-02 2.608770e-03 0 2 0 2 9.315637e-15 0.000000e+00
59 46 6.552935e-02 3.284247e-03 0 2 0 2 9.317840e-15 0.000000e+00
59 47 6.552935e-02 4.134622e-03 0 2 0 2 9.321343e-15 0.000000e+00
59 48 6.552935e-02 5.205181e-03 0 2 0 2 9.326912e-15 0.000000e+00
59 49 6.552935e-02 6.552935e-03 0 2 0 2 9.335735e-15 0.000000e+00
59 50 6.552935e-02 8.249656e-03 0 2 0 2 9.349766e-15 0.000000e+00
59 51 6.552935e-02 1.038570e-02 0 2 0 2 9.372132e-15 0.000000e+00
59 52 6.552935e-02 1.307482e-02 0 2 0 2 9.407832e-15 0.000000e+00
59 53 6.552935e-02 1.646023e-02 0 2 0 2 9.465056e-15 0.000000e+00
59 54 6.552935e-02 2.072220e-02 0 2 0 2 9.557214e-15 0.000000e+00
59 55 6.552935e-02 2.608770e-02 0 2 0 2 9.706753e-15 0.000000e+00
59 56 6.552935e-02 3.284247e-02 0 2 0 2 9.952352e-15 0.000000e+00
59 57 6.552935e-02 4.134622e-02 0 2 0 2 1.036597e-14 0.000000e+00
59 58 6.552935e-02 5.205181e-02 0 2 0 2 1.113808e-14 0.000000e+00
59 59 6.552935e-02 6.552935e-02 0 2 0 2 1.564372e-14 0.000000e+00
