# Please cite the following papers in research using this covariance:
# arXiv: 1601.05779, https://arxiv.org/abs/1601.05779
# arXiv: 1911.11947, https://arxiv.org/abs/1911.11947
# arXiv: 2004.04833, https://arxiv.org/abs/2004.04833
########################################################
120 120 8.249656e-04 8.249656e-04 1 3 1 3 4.902236e-11 0.000000e+00
120 121 8.249656e-04 1.038570e-03 1 3 1 3 4.711954e-13 0.000000e+00
120 122 8.249656e-04 1.307482e-03 1 3 1 3 3.920546e-13 0.000000e+00
120 123 8.249656e-04 1.646023e-03 1 3 1 3 3.288854e-13 0.000000e+00
120 124 8.249656e-04 2.072220e-03 1 3 1 3 2.792571e-13 0.000000e+00
120 125 8.249656e-04 2.608770e-03 1 3 1 3 2.401153e-13 0.000000e+00
120 126 8.249656e-04 3.284247e-03 1 3 1 3 2.088012e-13 0.000000e+00
120 127 8.249656e-04 4.134622e-03 1 3 1 3 1.831687e-13 0.000000e+00
120 128 8.249656e-04 5.205181e-03 1 3 1 3 1.615604e-13 0.000000e+00
120 129 8.249656e-04 6.552935e-03 1 3 1 3 1.427499e-13 0.000000e+00
120 130 8.249656e-04 8.249656e-03 1 3 1 3 1.258712e-13 0.000000e+00
120 131 8.249656e-04 1.038570e-02 1 3 1 3 1.103479e-13 0.000000e+00
120 132 8.249656e-04 1.307482e-02 1 3 1 3 9.582630e-14 0.000000e+00
120 133 8.249656e-04 1.646023e-02 1 3 1 3 8.211763e-14 0.000000e+00
120 134 8.249656e-04 2.072220e-02 1 3 1 3 6.915806e-14 0.000000e+00
120 135 8.249656e-04 2.608770e-02 1 3 1 3 5.697734e-14 0.000000e+00
120 136 8.249656e-04 3.284247e-02 1 3 1 3 4.568360e-14 0.000000e+00
120 137 8.249656e-04 4.134622e-02 1 3 1 3 3.543980e-14 0.000000e+00
120 138 8.249656e-04 5.205181e-02 1 3 1 3 2.641123e-14 0.000000e+00
120 139 8.249656e-04 6.552935e-02 1 3 1 3 1.869262e-14 0.000000e+00
121 120 1.038570e-03 8.249656e-04 1 3 1 3 4.711954e-13 0.000000e+00
121 121 1.038570e-03 1.038570e-03 1 3 1 3 3.106271e-11 0.000000e+00
121 122 1.038570e-03 1.307482e-03 1 3 1 3 4.079370e-13 0.000000e+00
121 123 1.038570e-03 1.646023e-03 1 3 1 3 3.374187e-13 0.000000e+00
121 124 1.038570e-03 2.072220e-03 1 3 1 3 2.835274e-13 0.000000e+00
121 125 1.038570e-03 2.608770e-03 1 3 1 3 2.421728e-13 0.000000e+00
121 126 1.038570e-03 3.284247e-03 1 3 1 3 2.097612e-13 0.000000e+00
121 127 1.038570e-03 4.134622e-03 1 3 1 3 1.836040e-13 0.000000e+00
121 128 1.038570e-03 5.205181e-03 1 3 1 3 1.617535e-13 0.000000e+00
121 129 1.038570e-03 6.552935e-03 1 3 1 3 1.428347e-13 0.000000e+00
121 130 1.038570e-03 8.249656e-03 1 3 1 3 1.259090e-13 0.000000e+00
121 131 1.038570e-03 1.038570e-02 1 3 1 3 1.103658e-13 0.000000e+00
121 132 1.038570e-03 1.307482e-02 1 3 1 3 9.583560e-14 0.000000e+00
121 133 1.038570e-03 1.646023e-02 1 3 1 3 8.212317e-14 0.000000e+00
121 134 1.038570e-03 2.072220e-02 1 3 1 3 6.916177e-14 0.000000e+00
121 135 1.038570e-03 2.608770e-02 1 3 1 3 5.698006e-14 0.000000e+00
121 136 1.038570e-03 3.284247e-02 1 3 1 3 4.568573e-14 0.000000e+00
121 137 1.038570e-03 4.134622e-02 1 3 1 3 3.544149e-14 0.000000e+00
121 138 1.038570e-03 5.205181e-02 1 3 1 3 2.641241e-14 0.000000e+00
121 139 1.038570e-03 6.552935e-02 1 3 1 3 1.869350e-14 0.000000e+00
122 120 1.307482e-03 8.249656e-04 1 3 1 3 3.920546e-13 0.000000e+00
122 121 1.307482e-03 1.038570e-03 1 3 1 3 4.079370e-13 0.000000e+00
122 122 1.307482e-03 1.307482e-03 1 3 1 3 1.971395e-11 0.000000e+00
122 123 1.307482e-03 1.646023e-03 1 3 1 3 3.532058e-13 0.000000e+00
122 124 1.307482e-03 2.072220e-03 1 3 1 3 2.912131e-13 0.000000e+00
122 125 1.307482e-03 2.608770e-03 1 3 1 3 2.457478e-13 0.000000e+00
122 126 1.307482e-03 3.284247e-03 1 3 1 3 2.113844e-13 0.000000e+00
122 127 1.307482e-03 4.134622e-03 1 3 1 3 1.843252e-13 0.000000e+00
122 128 1.307482e-03 5.205181e-03 1 3 1 3 1.620684e-13 0.000000e+00
122 129 1.307482e-03 6.552935e-03 1 3 1 3 1.429714e-13 0.000000e+00
122 130 1.307482e-03 8.249656e-03 1 3 1 3 1.259693e-13 0.000000e+00
122 131 1.307482e-03 1.038570e-02 1 3 1 3 1.103937e-13 0.000000e+00
122 132 1.307482e-03 1.307482e-02 1 3 1 3 9.584966e-14 0.000000e+00
122 133 1.307482e-03 1.646023e-02 1 3 1 3 8.213135e-14 0.000000e+00
122 134 1.307482e-03 2.072220e-02 1 3 1 3 6.916692e-14 0.000000e+00
122 135 1.307482e-03 2.608770e-02 1 3 1 3 5.698381e-14 0.000000e+00
122 136 1.307482e-03 3.284247e-02 1 3 1 3 4.568847e-14 0.000000e+00
122 137 1.307482e-03 4.134622e-02 1 3 1 3 3.544353e-14 0.000000e+00
122 138 1.307482e-03 5.205181e-02 1 3 1 3 2.641369e-14 0.000000e+00
122 139 1.307482e-03 6.552935e-02 1 3 1 3 1.869434e-14 0.000000e+00
123 120 1.646023e-03 8.249656e-04 1 3 1 3 3.288854e-13 0.000000e+00
123 121 1.646023e-03 1.038570e-03 1 3 1 3 3.374187e-13 0.000000e+00
123 122 1.646023e-03 1.307482e-03 1 3 1 3 3.532058e-13 0.000000e+00
123 123 1.646023e-03 1.646023e-03 1 3 1 3 1.253885e-11 0.000000e+00
123 124 1.646023e-03 2.072220e-03 1 3 1 3 3.062228e-13 0.000000e+00
123 125 1.646023e-03 2.608770e-03 1 3 1 3 2.523652e-13 0.000000e+00
123 126 1.646023e-03 3.284247e-03 1 3 1 3 2.142502e-13 0.000000e+00
123 127 1.646023e-03 4.134622e-03 1 3 1 3 1.855564e-13 0.000000e+00
123 128 1.646023e-03 5.205181e-03 1 3 1 3 1.625936e-13 0.000000e+00
123 129 1.646023e-03 6.552935e-03 1 3 1 3 1.431955e-13 0.000000e+00
123 130 1.646023e-03 8.249656e-03 1 3 1 3 1.260670e-13 0.000000e+00
123 131 1.646023e-03 1.038570e-02 1 3 1 3 1.104388e-13 0.000000e+00
123 132 1.646023e-03 1.307482e-02 1 3 1 3 9.587268e-14 0.000000e+00
123 133 1.646023e-03 1.646023e-02 1 3 1 3 8.214466e-14 0.000000e+00
123 134 1.646023e-03 2.072220e-02 1 3 1 3 6.917564e-14 0.000000e+00
123 135 1.646023e-03 2.608770e-02 1 3 1 3 5.699023e-14 0.000000e+00
123 136 1.646023e-03 3.284247e-02 1 3 1 3 4.569325e-14 0.000000e+00
123 137 1.646023e-03 4.134622e-02 1 3 1 3 3.544714e-14 0.000000e+00
123 138 1.646023e-03 5.205181e-02 1 3 1 3 2.641613e-14 0.000000e+00
123 139 1.646023e-03 6.552935e-02 1 3 1 3 1.869602e-14 0.000000e+00
124 120 2.072220e-03 8.249656e-04 1 3 1 3 2.792571e-13 0.000000e+00
124 121 2.072220e-03 1.038570e-03 1 3 1 3 2.835274e-13 0.000000e+00
124 122 2.072220e-03 1.307482e-03 1 3 1 3 2.912131e-13 0.000000e+00
124 123 2.072220e-03 1.646023e-03 1 3 1 3 3.062228e-13 0.000000e+00
124 124 2.072220e-03 2.072220e-03 1 3 1 3 7.999204e-12 0.000000e+00
124 125 2.072220e-03 2.608770e-03 1 3 1 3 2.660591e-13 0.000000e+00
124 126 2.072220e-03 3.284247e-03 1 3 1 3 2.197089e-13 0.000000e+00
124 127 2.072220e-03 4.134622e-03 1 3 1 3 1.877632e-13 0.000000e+00
124 128 2.072220e-03 5.205181e-03 1 3 1 3 1.634965e-13 0.000000e+00
124 129 2.072220e-03 6.552935e-03 1 3 1 3 1.435700e-13 0.000000e+00
124 130 2.072220e-03 8.249656e-03 1 3 1 3 1.262269e-13 0.000000e+00
124 131 2.072220e-03 1.038570e-02 1 3 1 3 1.105114e-13 0.000000e+00
124 132 2.072220e-03 1.307482e-02 1 3 1 3 9.590913e-14 0.000000e+00
124 133 2.072220e-03 1.646023e-02 1 3 1 3 8.216558e-14 0.000000e+00
124 134 2.072220e-03 2.072220e-02 1 3 1 3 6.918937e-14 0.000000e+00
124 135 2.072220e-03 2.608770e-02 1 3 1 3 5.700003e-14 0.000000e+00
124 136 2.072220e-03 3.284247e-02 1 3 1 3 4.570060e-14 0.000000e+00
124 137 2.072220e-03 4.134622e-02 1 3 1 3 3.545254e-14 0.000000e+00
124 138 2.072220e-03 5.205181e-02 1 3 1 3 2.641978e-14 0.000000e+00
124 139 2.072220e-03 6.552935e-02 1 3 1 3 1.869844e-14 0.000000e+00
125 120 2.608770e-03 8.249656e-04 1 3 1 3 2.401153e-13 0.000000e+00
125 121 2.608770e-03 1.038570e-03 1 3 1 3 2.421728e-13 0.000000e+00
125 122 2.608770e-03 1.307482e-03 1 3 1 3 2.457478e-13 0.000000e+00
125 123 2.608770e-03 1.646023e-03 1 3 1 3 2.523652e-13 0.000000e+00
125 124 2.608770e-03 2.072220e-03 1 3 1 3 2.660591e-13 0.000000e+00
125 125 2.608770e-03 2.608770e-03 1 3 1 3 5.124087e-12 0.000000e+00
125 126 2.608770e-03 3.284247e-03 1 3 1 3 2.317290e-13 0.000000e+00
125 127 2.608770e-03 4.134622e-03 1 3 1 3 1.920907e-13 0.000000e+00
125 128 2.608770e-03 5.205181e-03 1 3 1 3 1.651385e-13 0.000000e+00
125 129 2.608770e-03 6.552935e-03 1 3 1 3 1.442180e-13 0.000000e+00
125 130 2.608770e-03 8.249656e-03 1 3 1 3 1.264944e-13 0.000000e+00
125 131 2.608770e-03 1.038570e-02 1 3 1 3 1.106300e-13 0.000000e+00
125 132 2.608770e-03 1.307482e-02 1 3 1 3 9.596796e-14 0.000000e+00
125 133 2.608770e-03 1.646023e-02 1 3 1 3 8.219910e-14 0.000000e+00
125 134 2.608770e-03 2.072220e-02 1 3 1 3 6.921112e-14 0.000000e+00
125 135 2.608770e-03 2.608770e-02 1 3 1 3 5.701554e-14 0.000000e+00
125 136 2.608770e-03 3.284247e-02 1 3 1 3 4.571229e-14 0.000000e+00
125 137 2.608770e-03 4.134622e-02 1 3 1 3 3.546108e-14 0.000000e+00
125 138 2.608770e-03 5.205181e-02 1 3 1 3 2.642562e-14 0.000000e+00
125 139 2.608770e-03 6.552935e-02 1 3 1 3 1.870230e-14 0.000000e+00
126 120 3.284247e-03 8.249656e-04 1 3 1 3 2.088012e-13 0.000000e+00
126 121 3.284247e-03 1.038570e-03 1 3 1 3 2.097612e-13 0.000000e+00
126 122 3.284247e-03 1.307482e-03 1 3 1 3 2.113844e-13 0.000000e+00
126 123 3.284247e-03 1.646023e-03 1 3 1 3 2.142502e-13 0.000000e+00
126 124 3.284247e-03 2.072220e-03 1 3 1 3 2.197089e-13 0.000000e+00
126 125 3.284247e-03 2.608770e-03 1 3 1 3 2.317290e-13 0.000000e+00
126 126 3.284247e-03 3.284247e-03 1 3 1 3 3.300565e-12 0.000000e+00
126 127 3.284247e-03 4.134622e-03 1 3 1 3 2.022665e-13 0.000000e+00
126 128 3.284247e-03 5.205181e-03 1 3 1 3 1.684497e-13 0.000000e+00
126 129 3.284247e-03 6.552935e-03 1 3 1 3 1.454096e-13 0.000000e+00
126 130 3.284247e-03 8.249656e-03 1 3 1 3 1.269581e-13 0.000000e+00
126 131 3.284247e-03 1.038570e-02 1 3 1 3 1.108279e-13 0.000000e+00
126 132 3.284247e-03 1.307482e-02 1 3 1 3 9.606348e-14 0.000000e+00
126 133 3.284247e-03 1.646023e-02 1 3 1 3 8.225271e-14 0.000000e+00
126 134 3.284247e-03 2.072220e-02 1 3 1 3 6.924573e-14 0.000000e+00
126 135 3.284247e-03 2.608770e-02 1 3 1 3 5.704028e-14 0.000000e+00
126 136 3.284247e-03 3.284247e-02 1 3 1 3 4.573076e-14 0.000000e+00
126 137 3.284247e-03 4.134622e-02 1 3 1 3 3.547467e-14 0.000000e+00
126 138 3.284247e-03 5.205181e-02 1 3 1 3 2.643491e-14 0.000000e+00
126 139 3.284247e-03 6.552935e-02 1 3 1 3 1.870843e-14 0.000000e+00
127 120 4.134622e-03 8.249656e-04 1 3 1 3 1.831687e-13 0.000000e+00
127 121 4.134622e-03 1.038570e-03 1 3 1 3 1.836040e-13 0.000000e+00
127 122 4.134622e-03 1.307482e-03 1 3 1 3 1.843252e-13 0.000000e+00
127 123 4.134622e-03 1.646023e-03 1 3 1 3 1.855564e-13 0.000000e+00
127 124 4.134622e-03 2.072220e-03 1 3 1 3 1.877632e-13 0.000000e+00
127 125 4.134622e-03 2.608770e-03 1 3 1 3 1.920907e-13 0.000000e+00
127 126 4.134622e-03 3.284247e-03 1 3 1 3 2.022665e-13 0.000000e+00
127 127 4.134622e-03 4.134622e-03 1 3 1 3 2.141635e-12 0.000000e+00
127 128 4.134622e-03 5.205181e-03 1 3 1 3 1.767822e-13 0.000000e+00
127 129 4.134622e-03 6.552935e-03 1 3 1 3 1.478717e-13 0.000000e+00
127 130 4.134622e-03 8.249656e-03 1 3 1 3 1.278155e-13 0.000000e+00
127 131 4.134622e-03 1.038570e-02 1 3 1 3 1.111692e-13 0.000000e+00
127 132 4.134622e-03 1.307482e-02 1 3 1 3 9.622152e-14 0.000000e+00
127 133 4.134622e-03 1.646023e-02 1 3 1 3 8.233935e-14 0.000000e+00
127 134 4.134622e-03 2.072220e-02 1 3 1 3 6.930100e-14 0.000000e+00
127 135 4.134622e-03 2.608770e-02 1 3 1 3 5.707951e-14 0.000000e+00
127 136 4.134622e-03 3.284247e-02 1 3 1 3 4.576006e-14 0.000000e+00
127 137 4.134622e-03 4.134622e-02 1 3 1 3 3.549631e-14 0.000000e+00
127 138 4.134622e-03 5.205181e-02 1 3 1 3 2.644957e-14 0.000000e+00
127 139 4.134622e-03 6.552935e-02 1 3 1 3 1.871816e-14 0.000000e+00
128 120 5.205181e-03 8.249656e-04 1 3 1 3 1.615604e-13 0.000000e+00
128 121 5.205181e-03 1.038570e-03 1 3 1 3 1.617535e-13 0.000000e+00
128 122 5.205181e-03 1.307482e-03 1 3 1 3 1.620684e-13 0.000000e+00
128 123 5.205181e-03 1.646023e-03 1 3 1 3 1.625936e-13 0.000000e+00
128 124 5.205181e-03 2.072220e-03 1 3 1 3 1.634965e-13 0.000000e+00
128 125 5.205181e-03 2.608770e-03 1 3 1 3 1.651385e-13 0.000000e+00
128 126 5.205181e-03 3.284247e-03 1 3 1 3 1.684497e-13 0.000000e+00
128 127 5.205181e-03 4.134622e-03 1 3 1 3 1.767822e-13 0.000000e+00
128 128 5.205181e-03 5.205181e-03 1 3 1 3 1.402903e-12 0.000000e+00
128 129 5.205181e-03 6.552935e-03 1 3 1 3 1.544972e-13 0.000000e+00
128 130 5.205181e-03 8.249656e-03 1 3 1 3 1.296155e-13 0.000000e+00
128 131 5.205181e-03 1.038570e-02 1 3 1 3 1.117972e-13 0.000000e+00
128 132 5.205181e-03 1.307482e-02 1 3 1 3 9.649088e-14 0.000000e+00
128 133 5.205181e-03 1.646023e-02 1 3 1 3 8.248093e-14 0.000000e+00
128 134 5.205181e-03 2.072220e-02 1 3 1 3 6.938968e-14 0.000000e+00
128 135 5.205181e-03 2.608770e-02 1 3 1 3 5.714204e-14 0.000000e+00
128 136 5.205181e-03 3.284247e-02 1 3 1 3 4.580663e-14 0.000000e+00
128 137 5.205181e-03 4.134622e-02 1 3 1 3 3.553055e-14 0.000000e+00
128 138 5.205181e-03 5.205181e-02 1 3 1 3 2.647282e-14 0.000000e+00
128 139 5.205181e-03 6.552935e-02 1 3 1 3 1.873361e-14 0.000000e+00
129 120 6.552935e-03 8.249656e-04 1 3 1 3 1.427499e-13 0.000000e+00
129 121 6.552935e-03 1.038570e-03 1 3 1 3 1.428347e-13 0.000000e+00
129 122 6.552935e-03 1.307482e-03 1 3 1 3 1.429714e-13 0.000000e+00
129 123 6.552935e-03 1.646023e-03 1 3 1 3 1.431955e-13 0.000000e+00
129 124 6.552935e-03 2.072220e-03 1 3 1 3 1.435700e-13 0.000000e+00
129 125 6.552935e-03 2.608770e-03 1 3 1 3 1.442180e-13 0.000000e+00
129 126 6.552935e-03 3.284247e-03 1 3 1 3 1.454096e-13 0.000000e+00
129 127 6.552935e-03 4.134622e-03 1 3 1 3 1.478717e-13 0.000000e+00
129 128 6.552935e-03 5.205181e-03 1 3 1 3 1.544972e-13 0.000000e+00
129 129 6.552935e-03 6.552935e-03 1 3 1 3 9.300078e-13 0.000000e+00
129 130 6.552935e-03 8.249656e-03 1 3 1 3 1.347607e-13 0.000000e+00
129 131 6.552935e-03 1.038570e-02 1 3 1 3 1.131168e-13 0.000000e+00
129 132 6.552935e-03 1.307482e-02 1 3 1 3 9.697757e-14 0.000000e+00
129 133 6.552935e-03 1.646023e-02 1 3 1 3 8.271791e-14 0.000000e+00
129 134 6.552935e-03 2.072220e-02 1 3 1 3 6.953314e-14 0.000000e+00
129 135 6.552935e-03 2.608770e-02 1 3 1 3 5.724178e-14 0.000000e+00
129 136 6.552935e-03 3.284247e-02 1 3 1 3 4.588054e-14 0.000000e+00
129 137 6.552935e-03 4.134622e-02 1 3 1 3 3.558482e-14 0.000000e+00
129 138 6.552935e-03 5.205181e-02 1 3 1 3 2.650978e-14 0.000000e+00
129 139 6.552935e-03 6.552935e-02 1 3 1 3 1.875808e-14 0.000000e+00
130 120 8.249656e-03 8.249656e-04 1 3 1 3 1.258712e-13 0.000000e+00
130 121 8.249656e-03 1.038570e-03 1 3 1 3 1.259090e-13 0.000000e+00
130 122 8.249656e-03 1.307482e-03 1 3 1 3 1.259693e-13 0.000000e+00
130 123 8.249656e-03 1.646023e-03 1 3 1 3 1.260670e-13 0.000000e+00
130 124 8.249656e-03 2.072220e-03 1 3 1 3 1.262269e-13 0.000000e+00
130 125 8.249656e-03 2.608770e-03 1 3 1 3 1.264944e-13 0.000000e+00
130 126 8.249656e-03 3.284247e-03 1 3 1 3 1.269581e-13 0.000000e+00
130 127 8.249656e-03 4.134622e-03 1 3 1 3 1.278155e-13 0.000000e+00
130 128 8.249656e-03 5.205181e-03 1 3 1 3 1.296155e-13 0.000000e+00
130 129 8.249656e-03 6.552935e-03 1 3 1 3 1.347607e-13 0.000000e+00
130 130 8.249656e-03 8.249656e-03 1 3 1 3 6.254373e-13 0.000000e+00
130 131 8.249656e-03 1.038570e-02 1 3 1 3 1.170550e-13 0.000000e+00
130 132 8.249656e-03 1.307482e-02 1 3 1 3 9.797792e-14 0.000000e+00
130 133 8.249656e-03 1.646023e-02 1 3 1 3 8.313361e-14 0.000000e+00
130 134 8.249656e-03 2.072220e-02 1 3 1 3 6.976883e-14 0.000000e+00
130 135 8.249656e-03 2.608770e-02 1 3 1 3 5.740184e-14 0.000000e+00
130 136 8.249656e-03 3.284247e-02 1 3 1 3 4.599817e-14 0.000000e+00
130 137 8.249656e-03 4.134622e-02 1 3 1 3 3.567090e-14 0.000000e+00
130 138 8.249656e-03 5.205181e-02 1 3 1 3 2.656849e-14 0.000000e+00
130 139 8.249656e-03 6.552935e-02 1 3 1 3 1.879692e-14 0.000000e+00
131 120 1.038570e-02 8.249656e-04 1 3 1 3 1.103479e-13 0.000000e+00
131 121 1.038570e-02 1.038570e-03 1 3 1 3 1.103658e-13 0.000000e+00
131 122 1.038570e-02 1.307482e-03 1 3 1 3 1.103937e-13 0.000000e+00
131 123 1.038570e-02 1.646023e-03 1 3 1 3 1.104388e-13 0.000000e+00
131 124 1.038570e-02 2.072220e-03 1 3 1 3 1.105114e-13 0.000000e+00
131 125 1.038570e-02 2.608770e-03 1 3 1 3 1.106300e-13 0.000000e+00
131 126 1.038570e-02 3.284247e-03 1 3 1 3 1.108279e-13 0.000000e+00
131 127 1.038570e-02 4.134622e-03 1 3 1 3 1.111692e-13 0.000000e+00
131 128 1.038570e-02 5.205181e-03 1 3 1 3 1.117972e-13 0.000000e+00
131 129 1.038570e-02 6.552935e-03 1 3 1 3 1.131168e-13 0.000000e+00
131 130 1.038570e-02 8.249656e-03 1 3 1 3 1.170550e-13 0.000000e+00
131 131 1.038570e-02 1.038570e-02 1 3 1 3 4.275859e-13 0.000000e+00
131 132 1.038570e-02 1.307482e-02 1 3 1 3 1.009931e-13 0.000000e+00
131 133 1.038570e-02 1.646023e-02 1 3 1 3 8.394934e-14 0.000000e+00
131 134 1.038570e-02 2.072220e-02 1 3 1 3 7.016911e-14 0.000000e+00
131 135 1.038570e-02 2.608770e-02 1 3 1 3 5.766112e-14 0.000000e+00
131 136 1.038570e-02 3.284247e-02 1 3 1 3 4.618575e-14 0.000000e+00
131 137 1.038570e-02 4.134622e-02 1 3 1 3 3.580754e-14 0.000000e+00
131 138 1.038570e-02 5.205181e-02 1 3 1 3 2.666198e-14 0.000000e+00
131 139 1.038570e-02 6.552935e-02 1 3 1 3 1.885867e-14 0.000000e+00
132 120 1.307482e-02 8.249656e-04 1 3 1 3 9.582630e-14 0.000000e+00
132 121 1.307482e-02 1.038570e-03 1 3 1 3 9.583560e-14 0.000000e+00
132 122 1.307482e-02 1.307482e-03 1 3 1 3 9.584966e-14 0.000000e+00
132 123 1.307482e-02 1.646023e-03 1 3 1 3 9.587268e-14 0.000000e+00
132 124 1.307482e-02 2.072220e-03 1 3 1 3 9.590913e-14 0.000000e+00
132 125 1.307482e-02 2.608770e-03 1 3 1 3 9.596796e-14 0.000000e+00
132 126 1.307482e-02 3.284247e-03 1 3 1 3 9.606348e-14 0.000000e+00
132 127 1.307482e-02 4.134622e-03 1 3 1 3 9.622152e-14 0.000000e+00
132 128 1.307482e-02 5.205181e-03 1 3 1 3 9.649088e-14 0.000000e+00
132 129 1.307482e-02 6.552935e-03 1 3 1 3 9.697757e-14 0.000000e+00
132 130 1.307482e-02 8.249656e-03 1 3 1 3 9.797792e-14 0.000000e+00
132 131 1.307482e-02 1.038570e-02 1 3 1 3 1.009931e-13 0.000000e+00
132 132 1.307482e-02 1.307482e-02 1 3 1 3 2.975369e-13 0.000000e+00
132 133 1.307482e-02 1.646023e-02 1 3 1 3 8.631099e-14 0.000000e+00
132 134 1.307482e-02 2.072220e-02 1 3 1 3 7.090909e-14 0.000000e+00
132 135 1.307482e-02 2.608770e-02 1 3 1 3 5.808985e-14 0.000000e+00
132 136 1.307482e-02 3.284247e-02 1 3 1 3 4.648652e-14 0.000000e+00
132 137 1.307482e-02 4.134622e-02 1 3 1 3 3.602475e-14 0.000000e+00
132 138 1.307482e-02 5.205181e-02 1 3 1 3 2.681105e-14 0.000000e+00
132 139 1.307482e-02 6.552935e-02 1 3 1 3 1.895694e-14 0.000000e+00
133 120 1.646023e-02 8.249656e-04 1 3 1 3 8.211763e-14 0.000000e+00
133 121 1.646023e-02 1.038570e-03 1 3 1 3 8.212317e-14 0.000000e+00
133 122 1.646023e-02 1.307482e-03 1 3 1 3 8.213135e-14 0.000000e+00
133 123 1.646023e-02 1.646023e-03 1 3 1 3 8.214466e-14 0.000000e+00
133 124 1.646023e-02 2.072220e-03 1 3 1 3 8.216558e-14 0.000000e+00
133 125 1.646023e-02 2.608770e-03 1 3 1 3 8.219910e-14 0.000000e+00
133 126 1.646023e-02 3.284247e-03 1 3 1 3 8.225271e-14 0.000000e+00
133 127 1.646023e-02 4.134622e-03 1 3 1 3 8.233935e-14 0.000000e+00
133 128 1.646023e-02 5.205181e-03 1 3 1 3 8.248093e-14 0.000000e+00
133 129 1.646023e-02 6.552935e-03 1 3 1 3 8.271791e-14 0.000000e+00
133 130 1.646023e-02 8.249656e-03 1 3 1 3 8.313361e-14 0.000000e+00
133 131 1.646023e-02 1.038570e-02 1 3 1 3 8.394934e-14 0.000000e+00
133 132 1.646023e-02 1.307482e-02 1 3 1 3 8.631099e-14 0.000000e+00
133 133 1.646023e-02 1.646023e-02 1 3 1 3 2.107200e-13 0.000000e+00
133 134 1.646023e-02 2.072220e-02 1 3 1 3 7.285765e-14 0.000000e+00
133 135 1.646023e-02 2.608770e-02 1 3 1 3 5.883967e-14 0.000000e+00
133 136 1.646023e-02 3.284247e-02 1 3 1 3 4.697450e-14 0.000000e+00
133 137 1.646023e-02 4.134622e-02 1 3 1 3 3.637120e-14 0.000000e+00
133 138 1.646023e-02 5.205181e-02 1 3 1 3 2.704950e-14 0.000000e+00
133 139 1.646023e-02 6.552935e-02 1 3 1 3 1.911387e-14 0.000000e+00
134 120 2.072220e-02 8.249656e-04 1 3 1 3 6.915806e-14 0.000000e+00
134 121 2.072220e-02 1.038570e-03 1 3 1 3 6.916177e-14 0.000000e+00
134 122 2.072220e-02 1.307482e-03 1 3 1 3 6.916692e-14 0.000000e+00
134 123 2.072220e-02 1.646023e-03 1 3 1 3 6.917564e-14 0.000000e+00
134 124 2.072220e-02 2.072220e-03 1 3 1 3 6.918937e-14 0.000000e+00
134 125 2.072220e-02 2.608770e-03 1 3 1 3 6.921112e-14 0.000000e+00
134 126 2.072220e-02 3.284247e-03 1 3 1 3 6.924573e-14 0.000000e+00
134 127 2.072220e-02 4.134622e-03 1 3 1 3 6.930100e-14 0.000000e+00
134 128 2.072220e-02 5.205181e-03 1 3 1 3 6.938968e-14 0.000000e+00
134 129 2.072220e-02 6.552935e-03 1 3 1 3 6.953314e-14 0.000000e+00
134 130 2.072220e-02 8.249656e-03 1 3 1 3 6.976883e-14 0.000000e+00
134 131 2.072220e-02 1.038570e-02 1 3 1 3 7.016911e-14 0.000000e+00
134 132 2.072220e-02 1.307482e-02 1 3 1 3 7.090909e-14 0.000000e+00
134 133 2.072220e-02 1.646023e-02 1 3 1 3 7.285765e-14 0.000000e+00
134 134 2.072220e-02 2.072220e-02 1 3 1 3 1.516433e-13 0.000000e+00
134 135 2.072220e-02 2.608770e-02 1 3 1 3 6.057755e-14 0.000000e+00
134 136 2.072220e-02 3.284247e-02 1 3 1 3 4.779356e-14 0.000000e+00
134 137 2.072220e-02 4.134622e-02 1 3 1 3 3.692822e-14 0.000000e+00
134 138 2.072220e-02 5.205181e-02 1 3 1 3 2.743245e-14 0.000000e+00
134 139 2.072220e-02 6.552935e-02 1 3 1 3 1.936555e-14 0.000000e+00
135 120 2.608770e-02 8.249656e-04 1 3 1 3 5.697734e-14 0.000000e+00
135 121 2.608770e-02 1.038570e-03 1 3 1 3 5.698006e-14 0.000000e+00
135 122 2.608770e-02 1.307482e-03 1 3 1 3 5.698381e-14 0.000000e+00
135 123 2.608770e-02 1.646023e-03 1 3 1 3 5.699023e-14 0.000000e+00
135 124 2.608770e-02 2.072220e-03 1 3 1 3 5.700003e-14 0.000000e+00
135 125 2.608770e-02 2.608770e-03 1 3 1 3 5.701554e-14 0.000000e+00
135 126 2.608770e-02 3.284247e-03 1 3 1 3 5.704028e-14 0.000000e+00
135 127 2.608770e-02 4.134622e-03 1 3 1 3 5.707951e-14 0.000000e+00
135 128 2.608770e-02 5.205181e-03 1 3 1 3 5.714204e-14 0.000000e+00
135 129 2.608770e-02 6.552935e-03 1 3 1 3 5.724178e-14 0.000000e+00
135 130 2.608770e-02 8.249656e-03 1 3 1 3 5.740184e-14 0.000000e+00
135 131 2.608770e-02 1.038570e-02 1 3 1 3 5.766112e-14 0.000000e+00
135 132 2.608770e-02 1.307482e-02 1 3 1 3 5.808985e-14 0.000000e+00
135 133 2.608770e-02 1.646023e-02 1 3 1 3 5.883967e-14 0.000000e+00
135 134 2.608770e-02 2.072220e-02 1 3 1 3 6.057755e-14 0.000000e+00
135 135 2.608770e-02 2.608770e-02 1 3 1 3 1.105555e-13 0.000000e+00
135 136 2.608770e-02 3.284247e-02 1 3 1 3 4.947289e-14 0.000000e+00
135 137 2.608770e-02 4.134622e-02 1 3 1 3 3.784387e-14 0.000000e+00
135 138 2.608770e-02 5.205181e-02 1 3 1 3 2.805165e-14 0.000000e+00
135 139 2.608770e-02 6.552935e-02 1 3 1 3 1.977213e-14 0.000000e+00
136 120 3.284247e-02 8.249656e-04 1 3 1 3 4.568360e-14 0.000000e+00
136 121 3.284247e-02 1.038570e-03 1 3 1 3 4.568573e-14 0.000000e+00
136 122 3.284247e-02 1.307482e-03 1 3 1 3 4.568847e-14 0.000000e+00
136 123 3.284247e-02 1.646023e-03 1 3 1 3 4.569325e-14 0.000000e+00
136 124 3.284247e-02 2.072220e-03 1 3 1 3 4.570060e-14 0.000000e+00
136 125 3.284247e-02 2.608770e-03 1 3 1 3 4.571229e-14 0.000000e+00
136 126 3.284247e-02 3.284247e-03 1 3 1 3 4.573076e-14 0.000000e+00
136 127 3.284247e-02 4.134622e-03 1 3 1 3 4.576006e-14 0.000000e+00
136 128 3.284247e-02 5.205181e-03 1 3 1 3 4.580663e-14 0.000000e+00
136 129 3.284247e-02 6.552935e-03 1 3 1 3 4.588054e-14 0.000000e+00
136 130 3.284247e-02 8.249656e-03 1 3 1 3 4.599817e-14 0.000000e+00
136 131 3.284247e-02 1.038570e-02 1 3 1 3 4.618575e-14 0.000000e+00
136 132 3.284247e-02 1.307482e-02 1 3 1 3 4.648652e-14 0.000000e+00
136 133 3.284247e-02 1.646023e-02 1 3 1 3 4.697450e-14 0.000000e+00
136 134 3.284247e-02 2.072220e-02 1 3 1 3 4.779356e-14 0.000000e+00
136 135 3.284247e-02 2.608770e-02 1 3 1 3 4.947289e-14 0.000000e+00
136 136 3.284247e-02 3.284247e-02 1 3 1 3 8.131257e-14 0.000000e+00
136 137 3.284247e-02 4.134622e-02 1 3 1 3 3.956532e-14 0.000000e+00
136 138 3.284247e-02 5.205181e-02 1 3 1 3 2.906836e-14 0.000000e+00
136 139 3.284247e-02 6.552935e-02 1 3 1 3 2.043570e-14 0.000000e+00
137 120 4.134622e-02 8.249656e-04 1 3 1 3 3.543980e-14 0.000000e+00
137 121 4.134622e-02 1.038570e-03 1 3 1 3 3.544149e-14 0.000000e+00
137 122 4.134622e-02 1.307482e-03 1 3 1 3 3.544353e-14 0.000000e+00
137 123 4.134622e-02 1.646023e-03 1 3 1 3 3.544714e-14 0.000000e+00
137 124 4.134622e-02 2.072220e-03 1 3 1 3 3.545254e-14 0.000000e+00
137 125 4.134622e-02 2.608770e-03 1 3 1 3 3.546108e-14 0.000000e+00
137 126 4.134622e-02 3.284247e-03 1 3 1 3 3.547467e-14 0.000000e+00
137 127 4.134622e-02 4.134622e-03 1 3 1 3 3.549631e-14 0.000000e+00
137 128 4.134622e-02 5.205181e-03 1 3 1 3 3.553055e-14 0.000000e+00
137 129 4.134622e-02 6.552935e-03 1 3 1 3 3.558482e-14 0.000000e+00
137 130 4.134622e-02 8.249656e-03 1 3 1 3 3.567090e-14 0.000000e+00
137 131 4.134622e-02 1.038570e-02 1 3 1 3 3.580754e-14 0.000000e+00
137 132 4.134622e-02 1.307482e-02 1 3 1 3 3.602475e-14 0.000000e+00
137 133 4.134622e-02 1.646023e-02 1 3 1 3 3.637120e-14 0.000000e+00
137 134 4.134622e-02 2.072220e-02 1 3 1 3 3.692822e-14 0.000000e+00
137 135 4.134622e-02 2.608770e-02 1 3 1 3 3.784387e-14 0.000000e+00
137 136 4.134622e-02 3.284247e-02 1 3 1 3 3.956532e-14 0.000000e+00
137 137 4.134622e-02 4.134622e-02 1 3 1 3 6.004234e-14 0.000000e+00
137 138 4.134622e-02 5.205181e-02 1 3 1 3 3.089057e-14 0.000000e+00
137 139 4.134622e-02 6.552935e-02 1 3 1 3 2.153600e-14 0.000000e+00
138 120 5.205181e-02 8.249656e-04 1 3 1 3 2.641123e-14 0.000000e+00
138 121 5.205181e-02 1.038570e-03 1 3 1 3 2.641241e-14 0.000000e+00
138 122 5.205181e-02 1.307482e-03 1 3 1 3 2.641369e-14 0.000000e+00
138 123 5.205181e-02 1.646023e-03 1 3 1 3 2.641613e-14 0.000000e+00
138 124 5.205181e-02 2.072220e-03 1 3 1 3 2.641978e-14 0.000000e+00
138 125 5.205181e-02 2.608770e-03 1 3 1 3 2.642562e-14 0.000000e+00
138 126 5.205181e-02 3.284247e-03 1 3 1 3 2.643491e-14 0.000000e+00
138 127 5.205181e-02 4.134622e-03 1 3 1 3 2.644957e-14 0.000000e+00
138 128 5.205181e-02 5.205181e-03 1 3 1 3 2.647282e-14 0.000000e+00
138 129 5.205181e-02 6.552935e-03 1 3 1 3 2.650978e-14 0.000000e+00
138 130 5.205181e-02 8.249656e-03 1 3 1 3 2.656849e-14 0.000000e+00
138 131 5.205181e-02 1.038570e-02 1 3 1 3 2.666198e-14 0.000000e+00
138 132 5.205181e-02 1.307482e-02 1 3 1 3 2.681105e-14 0.000000e+00
138 133 5.205181e-02 1.646023e-02 1 3 1 3 2.704950e-14 0.000000e+00
138 134 5.205181e-02 2.072220e-02 1 3 1 3 2.743245e-14 0.000000e+00
138 135 5.205181e-02 2.608770e-02 1 3 1 3 2.805165e-14 0.000000e+00
138 136 5.205181e-02 3.284247e-02 1 3 1 3 2.906836e-14 0.000000e+00
138 137 5.205181e-02 4.134622e-02 1 3 1 3 3.089057e-14 0.000000e+00
138 138 5.205181e-02 5.205181e-02 1 3 1 3 4.430405e-14 0.000000e+00
138 139 5.205181e-02 6.552935e-02 1 3 1 3 2.347603e-14 0.000000e+00
139 120 6.552935e-02 8.249656e-04 1 3 1 3 1.869262e-14 0.000000e+00
139 121 6.552935e-02 1.038570e-03 1 3 1 3 1.869350e-14 0.000000e+00
139 122 6.552935e-02 1.307482e-03 1 3 1 3 1.869434e-14 0.000000e+00
139 123 6.552935e-02 1.646023e-03 1 3 1 3 1.869602e-14 0.000000e+00
139 124 6.552935e-02 2.072220e-03 1 3 1 3 1.869844e-14 0.000000e+00
139 125 6.552935e-02 2.608770e-03 1 3 1 3 1.870230e-14 0.000000e+00
139 126 6.552935e-02 3.284247e-03 1 3 1 3 1.870843e-14 0.000000e+00
139 127 6.552935e-02 4.134622e-03 1 3 1 3 1.871816e-14 0.000000e+00
139 128 6.552935e-02 5.205181e-03 1 3 1 3 1.873361e-14 0.000000e+00
139 129 6.552935e-02 6.552935e-03 1 3 1 3 1.875808e-14 0.000000e+00
139 130 6.552935e-02 8.249656e-03 1 3 1 3 1.879692e-14 0.000000e+00
139 131 6.552935e-02 1.038570e-02 1 3 1 3 1.885867e-14 0.000000e+00
139 132 6.552935e-02 1.307482e-02 1 3 1 3 1.895694e-14 0.000000e+00
139 133 6.552935e-02 1.646023e-02 1 3 1 3 1.911387e-14 0.000000e+00
139 134 6.552935e-02 2.072220e-02 1 3 1 3 1.936555e-14 0.000000e+00
139 135 6.552935e-02 2.608770e-02 1 3 1 3 1.977213e-14 0.000000e+00
139 136 6.552935e-02 3.284247e-02 1 3 1 3 2.043570e-14 0.000000e+00
139 137 6.552935e-02 4.134622e-02 1 3 1 3 2.153600e-14 0.000000e+00
139 138 6.552935e-02 5.205181e-02 1 3 1 3 2.347603e-14 0.000000e+00
139 139 6.552935e-02 6.552935e-02 1 3 1 3 3.254328e-14 0.000000e+00
