# Please cite the following papers in research using this covariance:
# arXiv: 1601.05779, https://arxiv.org/abs/1601.05779
# arXiv: 1911.11947, https://arxiv.org/abs/1911.11947
# arXiv: 2004.04833, https://arxiv.org/abs/2004.04833
########################################################
40 140 8.249656e-04 8.249656e-04 0 2 2 2 2.113820e-13 0.000000e+00
40 141 8.249656e-04 1.038570e-03 0 2 2 2 1.901521e-13 0.000000e+00
40 142 8.249656e-04 1.307482e-03 0 2 2 2 1.654265e-13 0.000000e+00
40 143 8.249656e-04 1.646023e-03 0 2 2 2 1.439356e-13 0.000000e+00
40 144 8.249656e-04 2.072220e-03 0 2 2 2 1.259459e-13 0.000000e+00
40 145 8.249656e-04 2.608770e-03 0 2 2 2 1.111446e-13 0.000000e+00
40 146 8.249656e-04 3.284247e-03 0 2 2 2 9.902444e-14 0.000000e+00
40 147 8.249656e-04 4.134622e-03 0 2 2 2 8.902225e-14 0.000000e+00
40 148 8.249656e-04 5.205181e-03 0 2 2 2 8.059403e-14 0.000000e+00
40 149 8.249656e-04 6.552935e-03 0 2 2 2 7.325856e-14 0.000000e+00
40 150 8.249656e-04 8.249656e-03 0 2 2 2 6.661831e-14 0.000000e+00
40 151 8.249656e-04 1.038570e-02 0 2 2 2 6.036559e-14 0.000000e+00
40 152 8.249656e-04 1.307482e-02 0 2 2 2 5.428069e-14 0.000000e+00
40 153 8.249656e-04 1.646023e-02 0 2 2 2 4.822539e-14 0.000000e+00
40 154 8.249656e-04 2.072220e-02 0 2 2 2 4.213782e-14 0.000000e+00
40 155 8.249656e-04 2.608770e-02 0 2 2 2 3.602739e-14 0.000000e+00
40 156 8.249656e-04 3.284247e-02 0 2 2 2 2.997238e-14 0.000000e+00
40 157 8.249656e-04 4.134622e-02 0 2 2 2 2.411203e-14 0.000000e+00
40 158 8.249656e-04 5.205181e-02 0 2 2 2 1.862901e-14 0.000000e+00
40 159 8.249656e-04 6.552935e-02 0 2 2 2 1.370774e-14 0.000000e+00
41 140 1.038570e-03 8.249656e-04 0 2 2 2 1.901521e-13 0.000000e+00
41 141 1.038570e-03 1.038570e-03 0 2 2 2 1.890060e-13 0.000000e+00
41 142 1.038570e-03 1.307482e-03 0 2 2 2 1.689847e-13 0.000000e+00
41 143 1.038570e-03 1.646023e-03 0 2 2 2 1.462653e-13 0.000000e+00
41 144 1.038570e-03 2.072220e-03 0 2 2 2 1.272890e-13 0.000000e+00
41 145 1.038570e-03 2.608770e-03 0 2 2 2 1.118647e-13 0.000000e+00
41 146 1.038570e-03 3.284247e-03 0 2 2 2 9.938736e-14 0.000000e+00
41 147 1.038570e-03 4.134622e-03 0 2 2 2 8.919413e-14 0.000000e+00
41 148 1.038570e-03 5.205181e-03 0 2 2 2 8.067001e-14 0.000000e+00
41 149 1.038570e-03 6.552935e-03 0 2 2 2 7.328933e-14 0.000000e+00
41 150 1.038570e-03 8.249656e-03 0 2 2 2 6.662928e-14 0.000000e+00
41 151 1.038570e-03 1.038570e-02 0 2 2 2 6.036876e-14 0.000000e+00
41 152 1.038570e-03 1.307482e-02 0 2 2 2 5.428121e-14 0.000000e+00
41 153 1.038570e-03 1.646023e-02 0 2 2 2 4.822536e-14 0.000000e+00
41 154 1.038570e-03 2.072220e-02 0 2 2 2 4.213791e-14 0.000000e+00
41 155 1.038570e-03 2.608770e-02 0 2 2 2 3.602773e-14 0.000000e+00
41 156 1.038570e-03 3.284247e-02 0 2 2 2 2.997292e-14 0.000000e+00
41 157 1.038570e-03 4.134622e-02 0 2 2 2 2.411267e-14 0.000000e+00
41 158 1.038570e-03 5.205181e-02 0 2 2 2 1.862960e-14 0.000000e+00
41 159 1.038570e-03 6.552935e-02 0 2 2 2 1.370826e-14 0.000000e+00
42 140 1.307482e-03 8.249656e-04 0 2 2 2 1.654265e-13 0.000000e+00
42 141 1.307482e-03 1.038570e-03 0 2 2 2 1.689847e-13 0.000000e+00
42 142 1.307482e-03 1.307482e-03 0 2 2 2 1.688650e-13 0.000000e+00
42 143 1.307482e-03 1.646023e-03 0 2 2 2 1.501706e-13 0.000000e+00
42 144 1.307482e-03 2.072220e-03 0 2 2 2 1.295874e-13 0.000000e+00
42 145 1.307482e-03 2.608770e-03 0 2 2 2 1.130826e-13 0.000000e+00
42 146 1.307482e-03 3.284247e-03 0 2 2 2 9.999236e-14 0.000000e+00
42 147 1.307482e-03 4.134622e-03 0 2 2 2 8.947699e-14 0.000000e+00
42 148 1.307482e-03 5.205181e-03 0 2 2 2 8.079361e-14 0.000000e+00
42 149 1.307482e-03 6.552935e-03 0 2 2 2 7.333880e-14 0.000000e+00
42 150 1.307482e-03 8.249656e-03 0 2 2 2 6.664658e-14 0.000000e+00
42 151 1.307482e-03 1.038570e-02 0 2 2 2 6.037336e-14 0.000000e+00
42 152 1.307482e-03 1.307482e-02 0 2 2 2 5.428155e-14 0.000000e+00
42 153 1.307482e-03 1.646023e-02 0 2 2 2 4.822484e-14 0.000000e+00
42 154 1.307482e-03 2.072220e-02 0 2 2 2 4.213754e-14 0.000000e+00
42 155 1.307482e-03 2.608770e-02 0 2 2 2 3.602782e-14 0.000000e+00
42 156 1.307482e-03 3.284247e-02 0 2 2 2 2.997332e-14 0.000000e+00
42 157 1.307482e-03 4.134622e-02 0 2 2 2 2.411323e-14 0.000000e+00
42 158 1.307482e-03 5.205181e-02 0 2 2 2 1.863011e-14 0.000000e+00
42 159 1.307482e-03 6.552935e-02 0 2 2 2 1.370865e-14 0.000000e+00
43 140 1.646023e-03 8.249656e-04 0 2 2 2 1.439356e-13 0.000000e+00
43 141 1.646023e-03 1.038570e-03 0 2 2 2 1.462653e-13 0.000000e+00
43 142 1.646023e-03 1.307482e-03 0 2 2 2 1.501706e-13 0.000000e+00
43 143 1.646023e-03 1.646023e-03 0 2 2 2 1.509437e-13 0.000000e+00
43 144 1.646023e-03 2.072220e-03 0 2 2 2 1.336368e-13 0.000000e+00
43 145 1.646023e-03 2.608770e-03 0 2 2 2 1.152272e-13 0.000000e+00
43 146 1.646023e-03 3.284247e-03 0 2 2 2 1.010348e-13 0.000000e+00
43 147 1.646023e-03 4.134622e-03 0 2 2 2 8.995501e-14 0.000000e+00
43 148 1.646023e-03 5.205181e-03 0 2 2 2 8.099950e-14 0.000000e+00
43 149 1.646023e-03 6.552935e-03 0 2 2 2 7.342052e-14 0.000000e+00
43 150 1.646023e-03 8.249656e-03 0 2 2 2 6.667516e-14 0.000000e+00
43 151 1.646023e-03 1.038570e-02 0 2 2 2 6.038120e-14 0.000000e+00
43 152 1.646023e-03 1.307482e-02 0 2 2 2 5.428251e-14 0.000000e+00
43 153 1.646023e-03 1.646023e-02 0 2 2 2 4.822430e-14 0.000000e+00
43 154 1.646023e-03 2.072220e-02 0 2 2 2 4.213730e-14 0.000000e+00
43 155 1.646023e-03 2.608770e-02 0 2 2 2 3.602829e-14 0.000000e+00
43 156 1.646023e-03 3.284247e-02 0 2 2 2 2.997425e-14 0.000000e+00
43 157 1.646023e-03 4.134622e-02 0 2 2 2 2.411439e-14 0.000000e+00
43 158 1.646023e-03 5.205181e-02 0 2 2 2 1.863121e-14 0.000000e+00
43 159 1.646023e-03 6.552935e-02 0 2 2 2 1.370954e-14 0.000000e+00
44 140 2.072220e-03 8.249656e-04 0 2 2 2 1.259459e-13 0.000000e+00
44 141 2.072220e-03 1.038570e-03 0 2 2 2 1.272890e-13 0.000000e+00
44 142 2.072220e-03 1.307482e-03 0 2 2 2 1.295874e-13 0.000000e+00
44 143 2.072220e-03 1.646023e-03 0 2 2 2 1.336368e-13 0.000000e+00
44 144 2.072220e-03 2.072220e-03 0 2 2 2 1.351186e-13 0.000000e+00
44 145 2.072220e-03 2.608770e-03 0 2 2 2 1.192148e-13 0.000000e+00
44 146 2.072220e-03 3.284247e-03 0 2 2 2 1.029281e-13 0.000000e+00
44 147 2.072220e-03 4.134622e-03 0 2 2 2 9.079496e-14 0.000000e+00
44 148 2.072220e-03 5.205181e-03 0 2 2 2 8.135200e-14 0.000000e+00
44 149 2.072220e-03 6.552935e-03 0 2 2 2 7.355785e-14 0.000000e+00
44 150 2.072220e-03 8.249656e-03 0 2 2 2 6.672259e-14 0.000000e+00
44 151 2.072220e-03 1.038570e-02 0 2 2 2 6.039405e-14 0.000000e+00
44 152 2.072220e-03 1.307482e-02 0 2 2 2 5.428395e-14 0.000000e+00
44 153 2.072220e-03 1.646023e-02 0 2 2 2 4.822329e-14 0.000000e+00
44 154 2.072220e-03 2.072220e-02 0 2 2 2 4.213679e-14 0.000000e+00
44 155 2.072220e-03 2.608770e-02 0 2 2 2 3.602879e-14 0.000000e+00
44 156 2.072220e-03 3.284247e-02 0 2 2 2 2.997554e-14 0.000000e+00
44 157 2.072220e-03 4.134622e-02 0 2 2 2 2.411602e-14 0.000000e+00
44 158 2.072220e-03 5.205181e-02 0 2 2 2 1.863276e-14 0.000000e+00
44 159 2.072220e-03 6.552935e-02 0 2 2 2 1.371076e-14 0.000000e+00
45 140 2.608770e-03 8.249656e-04 0 2 2 2 1.111446e-13 0.000000e+00
45 141 2.608770e-03 1.038570e-03 0 2 2 2 1.118647e-13 0.000000e+00
45 142 2.608770e-03 1.307482e-03 0 2 2 2 1.130826e-13 0.000000e+00
45 143 2.608770e-03 1.646023e-03 0 2 2 2 1.152272e-13 0.000000e+00
45 144 2.608770e-03 2.072220e-03 0 2 2 2 1.192148e-13 0.000000e+00
45 145 2.608770e-03 2.608770e-03 0 2 2 2 1.211923e-13 0.000000e+00
45 146 2.608770e-03 3.284247e-03 0 2 2 2 1.066677e-13 0.000000e+00
45 147 2.608770e-03 4.134622e-03 0 2 2 2 9.237563e-14 0.000000e+00
45 148 2.608770e-03 5.205181e-03 0 2 2 2 8.198653e-14 0.000000e+00
45 149 2.608770e-03 6.552935e-03 0 2 2 2 7.379764e-14 0.000000e+00
45 150 2.608770e-03 8.249656e-03 0 2 2 2 6.680392e-14 0.000000e+00
45 151 2.608770e-03 1.038570e-02 0 2 2 2 6.041606e-14 0.000000e+00
45 152 2.608770e-03 1.307482e-02 0 2 2 2 5.428668e-14 0.000000e+00
45 153 2.608770e-03 1.646023e-02 0 2 2 2 4.822181e-14 0.000000e+00
45 154 2.608770e-03 2.072220e-02 0 2 2 2 4.213597e-14 0.000000e+00
45 155 2.608770e-03 2.608770e-02 0 2 2 2 3.602958e-14 0.000000e+00
45 156 2.608770e-03 3.284247e-02 0 2 2 2 2.997762e-14 0.000000e+00
45 157 2.608770e-03 4.134622e-02 0 2 2 2 2.411860e-14 0.000000e+00
45 158 2.608770e-03 5.205181e-02 0 2 2 2 1.863526e-14 0.000000e+00
45 159 2.608770e-03 6.552935e-02 0 2 2 2 1.371272e-14 0.000000e+00
46 140 3.284247e-03 8.249656e-04 0 2 2 2 9.902444e-14 0.000000e+00
46 141 3.284247e-03 1.038570e-03 0 2 2 2 9.938736e-14 0.000000e+00
46 142 3.284247e-03 1.307482e-03 0 2 2 2 9.999236e-14 0.000000e+00
46 143 3.284247e-03 1.646023e-03 0 2 2 2 1.010348e-13 0.000000e+00
46 144 3.284247e-03 2.072220e-03 0 2 2 2 1.029281e-13 0.000000e+00
46 145 3.284247e-03 2.608770e-03 0 2 2 2 1.066677e-13 0.000000e+00
46 146 3.284247e-03 3.284247e-03 0 2 2 2 1.089193e-13 0.000000e+00
46 147 3.284247e-03 4.134622e-03 0 2 2 2 9.571964e-14 0.000000e+00
46 148 3.284247e-03 5.205181e-03 0 2 2 2 8.323080e-14 0.000000e+00
46 149 3.284247e-03 6.552935e-03 0 2 2 2 7.424254e-14 0.000000e+00
46 150 3.284247e-03 8.249656e-03 0 2 2 2 6.695013e-14 0.000000e+00
46 151 3.284247e-03 1.038570e-02 0 2 2 2 6.045539e-14 0.000000e+00
46 152 3.284247e-03 1.307482e-02 0 2 2 2 5.429203e-14 0.000000e+00
46 153 3.284247e-03 1.646023e-02 0 2 2 2 4.821965e-14 0.000000e+00
46 154 3.284247e-03 2.072220e-02 0 2 2 2 4.213468e-14 0.000000e+00
46 155 3.284247e-03 2.608770e-02 0 2 2 2 3.603087e-14 0.000000e+00
46 156 3.284247e-03 3.284247e-02 0 2 2 2 2.998087e-14 0.000000e+00
46 157 3.284247e-03 4.134622e-02 0 2 2 2 2.412271e-14 0.000000e+00
46 158 3.284247e-03 5.205181e-02 0 2 2 2 1.863923e-14 0.000000e+00
46 159 3.284247e-03 6.552935e-02 0 2 2 2 1.371582e-14 0.000000e+00
47 140 4.134622e-03 8.249656e-04 0 2 2 2 8.902225e-14 0.000000e+00
47 141 4.134622e-03 1.038570e-03 0 2 2 2 8.919413e-14 0.000000e+00
47 142 4.134622e-03 1.307482e-03 0 2 2 2 8.947699e-14 0.000000e+00
47 143 4.134622e-03 1.646023e-03 0 2 2 2 8.995501e-14 0.000000e+00
47 144 4.134622e-03 2.072220e-03 0 2 2 2 9.079496e-14 0.000000e+00
47 145 4.134622e-03 2.608770e-03 0 2 2 2 9.237563e-14 0.000000e+00
47 146 4.134622e-03 3.284247e-03 0 2 2 2 9.571964e-14 0.000000e+00
47 147 4.134622e-03 4.134622e-03 0 2 2 2 9.803497e-14 0.000000e+00
47 148 4.134622e-03 5.205181e-03 0 2 2 2 8.608166e-14 0.000000e+00
47 149 4.134622e-03 6.552935e-03 0 2 2 2 7.516027e-14 0.000000e+00
47 150 4.134622e-03 8.249656e-03 0 2 2 2 6.723373e-14 0.000000e+00
47 151 4.134622e-03 1.038570e-02 0 2 2 2 6.053025e-14 0.000000e+00
47 152 4.134622e-03 1.307482e-02 0 2 2 2 5.430341e-14 0.000000e+00
47 153 4.134622e-03 1.646023e-02 0 2 2 2 4.821683e-14 0.000000e+00
47 154 4.134622e-03 2.072220e-02 0 2 2 2 4.213272e-14 0.000000e+00
47 155 4.134622e-03 2.608770e-02 0 2 2 2 3.603287e-14 0.000000e+00
47 156 4.134622e-03 3.284247e-02 0 2 2 2 2.998600e-14 0.000000e+00
47 157 4.134622e-03 4.134622e-02 0 2 2 2 2.412924e-14 0.000000e+00
47 158 4.134622e-03 5.205181e-02 0 2 2 2 1.864549e-14 0.000000e+00
47 159 4.134622e-03 6.552935e-02 0 2 2 2 1.372074e-14 0.000000e+00
48 140 5.205181e-03 8.249656e-04 0 2 2 2 8.059403e-14 0.000000e+00
48 141 5.205181e-03 1.038570e-03 0 2 2 2 8.067001e-14 0.000000e+00
48 142 5.205181e-03 1.307482e-03 0 2 2 2 8.079361e-14 0.000000e+00
48 143 5.205181e-03 1.646023e-03 0 2 2 2 8.099950e-14 0.000000e+00
48 144 5.205181e-03 2.072220e-03 0 2 2 2 8.135200e-14 0.000000e+00
48 145 5.205181e-03 2.608770e-03 0 2 2 2 8.198653e-14 0.000000e+00
48 146 5.205181e-03 3.284247e-03 0 2 2 2 8.323080e-14 0.000000e+00
48 147 5.205181e-03 4.134622e-03 0 2 2 2 8.608166e-14 0.000000e+00
48 148 5.205181e-03 5.205181e-03 0 2 2 2 8.827799e-14 0.000000e+00
48 149 5.205181e-03 6.552935e-03 0 2 2 2 7.747383e-14 0.000000e+00
48 150 5.205181e-03 8.249656e-03 0 2 2 2 6.786040e-14 0.000000e+00
48 151 5.205181e-03 1.038570e-02 0 2 2 2 6.068752e-14 0.000000e+00
48 152 5.205181e-03 1.307482e-02 0 2 2 2 5.432978e-14 0.000000e+00
48 153 5.205181e-03 1.646023e-02 0 2 2 2 4.821393e-14 0.000000e+00
48 154 5.205181e-03 2.072220e-02 0 2 2 2 4.212982e-14 0.000000e+00
48 155 5.205181e-03 2.608770e-02 0 2 2 2 3.603601e-14 0.000000e+00
48 156 5.205181e-03 3.284247e-02 0 2 2 2 2.999410e-14 0.000000e+00
48 157 5.205181e-03 4.134622e-02 0 2 2 2 2.413954e-14 0.000000e+00
48 158 5.205181e-03 5.205181e-02 0 2 2 2 1.865539e-14 0.000000e+00
48 159 5.205181e-03 6.552935e-02 0 2 2 2 1.372855e-14 0.000000e+00
49 140 6.552935e-03 8.249656e-04 0 2 2 2 7.325856e-14 0.000000e+00
49 141 6.552935e-03 1.038570e-03 0 2 2 2 7.328933e-14 0.000000e+00
49 142 6.552935e-03 1.307482e-03 0 2 2 2 7.333880e-14 0.000000e+00
49 143 6.552935e-03 1.646023e-03 0 2 2 2 7.342052e-14 0.000000e+00
49 144 6.552935e-03 2.072220e-03 0 2 2 2 7.355785e-14 0.000000e+00
49 145 6.552935e-03 2.608770e-03 0 2 2 2 7.379764e-14 0.000000e+00
49 146 6.552935e-03 3.284247e-03 0 2 2 2 7.424254e-14 0.000000e+00
49 147 6.552935e-03 4.134622e-03 0 2 2 2 7.516027e-14 0.000000e+00
49 148 6.552935e-03 5.205181e-03 0 2 2 2 7.747383e-14 0.000000e+00
49 149 6.552935e-03 6.552935e-03 0 2 2 2 7.940781e-14 0.000000e+00
49 150 6.552935e-03 8.249656e-03 0 2 2 2 6.964212e-14 0.000000e+00
49 151 6.552935e-03 1.038570e-02 0 2 2 2 6.107489e-14 0.000000e+00
49 152 6.552935e-03 1.307482e-02 0 2 2 2 5.439805e-14 0.000000e+00
49 153 6.552935e-03 1.646023e-02 0 2 2 2 4.821415e-14 0.000000e+00
49 154 6.552935e-03 2.072220e-02 0 2 2 2 4.212580e-14 0.000000e+00
49 155 6.552935e-03 2.608770e-02 0 2 2 2 3.604087e-14 0.000000e+00
49 156 6.552935e-03 3.284247e-02 0 2 2 2 3.000679e-14 0.000000e+00
49 157 6.552935e-03 4.134622e-02 0 2 2 2 2.415579e-14 0.000000e+00
49 158 6.552935e-03 5.205181e-02 0 2 2 2 1.867106e-14 0.000000e+00
49 159 6.552935e-03 6.552935e-02 0 2 2 2 1.374091e-14 0.000000e+00
50 140 8.249656e-03 8.249656e-04 0 2 2 2 6.661831e-14 0.000000e+00
50 141 8.249656e-03 1.038570e-03 0 2 2 2 6.662928e-14 0.000000e+00
50 142 8.249656e-03 1.307482e-03 0 2 2 2 6.664658e-14 0.000000e+00
50 143 8.249656e-03 1.646023e-03 0 2 2 2 6.667516e-14 0.000000e+00
50 144 8.249656e-03 2.072220e-03 0 2 2 2 6.672259e-14 0.000000e+00
50 145 8.249656e-03 2.608770e-03 0 2 2 2 6.680392e-14 0.000000e+00
50 146 8.249656e-03 3.284247e-03 0 2 2 2 6.695013e-14 0.000000e+00
50 147 8.249656e-03 4.134622e-03 0 2 2 2 6.723373e-14 0.000000e+00
50 148 8.249656e-03 5.205181e-03 0 2 2 2 6.786040e-14 0.000000e+00
50 149 8.249656e-03 6.552935e-03 0 2 2 2 6.964212e-14 0.000000e+00
50 150 8.249656e-03 8.249656e-03 0 2 2 2 7.121651e-14 0.000000e+00
50 151 8.249656e-03 1.038570e-02 0 2 2 2 6.237094e-14 0.000000e+00
50 152 8.249656e-03 1.307482e-02 0 2 2 2 5.460628e-14 0.000000e+00
50 153 8.249656e-03 1.646023e-02 0 2 2 2 4.823061e-14 0.000000e+00
50 154 8.249656e-03 2.072220e-02 0 2 2 2 4.212142e-14 0.000000e+00
50 155 8.249656e-03 2.608770e-02 0 2 2 2 3.604838e-14 0.000000e+00
50 156 8.249656e-03 3.284247e-02 0 2 2 2 3.002658e-14 0.000000e+00
50 157 8.249656e-03 4.134622e-02 0 2 2 2 2.418135e-14 0.000000e+00
50 158 8.249656e-03 5.205181e-02 0 2 2 2 1.869580e-14 0.000000e+00
50 159 8.249656e-03 6.552935e-02 0 2 2 2 1.376049e-14 0.000000e+00
51 140 1.038570e-02 8.249656e-04 0 2 2 2 6.036559e-14 0.000000e+00
51 141 1.038570e-02 1.038570e-03 0 2 2 2 6.036876e-14 0.000000e+00
51 142 1.038570e-02 1.307482e-03 0 2 2 2 6.037336e-14 0.000000e+00
51 143 1.038570e-02 1.646023e-03 0 2 2 2 6.038120e-14 0.000000e+00
51 144 1.038570e-02 2.072220e-03 0 2 2 2 6.039405e-14 0.000000e+00
51 145 1.038570e-02 2.608770e-03 0 2 2 2 6.041606e-14 0.000000e+00
51 146 1.038570e-02 3.284247e-03 0 2 2 2 6.045539e-14 0.000000e+00
51 147 1.038570e-02 4.134622e-03 0 2 2 2 6.053025e-14 0.000000e+00
51 148 1.038570e-02 5.205181e-03 0 2 2 2 6.068752e-14 0.000000e+00
51 149 1.038570e-02 6.552935e-03 0 2 2 2 6.107489e-14 0.000000e+00
51 150 1.038570e-02 8.249656e-03 0 2 2 2 6.237094e-14 0.000000e+00
51 151 1.038570e-02 1.038570e-02 0 2 2 2 6.353667e-14 0.000000e+00
51 152 1.038570e-02 1.307482e-02 0 2 2 2 5.549277e-14 0.000000e+00
51 153 1.038570e-02 1.646023e-02 0 2 2 2 4.832267e-14 0.000000e+00
51 154 1.038570e-02 2.072220e-02 0 2 2 2 4.212219e-14 0.000000e+00
51 155 1.038570e-02 2.608770e-02 0 2 2 2 3.606007e-14 0.000000e+00
51 156 1.038570e-02 3.284247e-02 0 2 2 2 3.005711e-14 0.000000e+00
51 157 1.038570e-02 4.134622e-02 0 2 2 2 2.422136e-14 0.000000e+00
51 158 1.038570e-02 5.205181e-02 0 2 2 2 1.873481e-14 0.000000e+00
51 159 1.038570e-02 6.552935e-02 0 2 2 2 1.379152e-14 0.000000e+00
52 140 1.307482e-02 8.249656e-04 0 2 2 2 5.428069e-14 0.000000e+00
52 141 1.307482e-02 1.038570e-03 0 2 2 2 5.428121e-14 0.000000e+00
52 142 1.307482e-02 1.307482e-03 0 2 2 2 5.428155e-14 0.000000e+00
52 143 1.307482e-02 1.646023e-03 0 2 2 2 5.428251e-14 0.000000e+00
52 144 1.307482e-02 2.072220e-03 0 2 2 2 5.428395e-14 0.000000e+00
52 145 1.307482e-02 2.608770e-03 0 2 2 2 5.428668e-14 0.000000e+00
52 146 1.307482e-02 3.284247e-03 0 2 2 2 5.429203e-14 0.000000e+00
52 147 1.307482e-02 4.134622e-03 0 2 2 2 5.430341e-14 0.000000e+00
52 148 1.307482e-02 5.205181e-03 0 2 2 2 5.432978e-14 0.000000e+00
52 149 1.307482e-02 6.552935e-03 0 2 2 2 5.439805e-14 0.000000e+00
52 150 1.307482e-02 8.249656e-03 0 2 2 2 5.460628e-14 0.000000e+00
52 151 1.307482e-02 1.038570e-02 0 2 2 2 5.549277e-14 0.000000e+00
52 152 1.307482e-02 1.307482e-02 0 2 2 2 5.624725e-14 0.000000e+00
52 153 1.307482e-02 1.646023e-02 0 2 2 2 4.889517e-14 0.000000e+00
52 154 1.307482e-02 2.072220e-02 0 2 2 2 4.216079e-14 0.000000e+00
52 155 1.307482e-02 2.608770e-02 0 2 2 2 3.607965e-14 0.000000e+00
52 156 1.307482e-02 3.284247e-02 0 2 2 2 3.010360e-14 0.000000e+00
52 157 1.307482e-02 4.134622e-02 0 2 2 2 2.428352e-14 0.000000e+00
52 158 1.307482e-02 5.205181e-02 0 2 2 2 1.879606e-14 0.000000e+00
52 159 1.307482e-02 6.552935e-02 0 2 2 2 1.384064e-14 0.000000e+00
53 140 1.646023e-02 8.249656e-04 0 2 2 2 4.822539e-14 0.000000e+00
53 141 1.646023e-02 1.038570e-03 0 2 2 2 4.822536e-14 0.000000e+00
53 142 1.646023e-02 1.307482e-03 0 2 2 2 4.822484e-14 0.000000e+00
53 143 1.646023e-02 1.646023e-03 0 2 2 2 4.822430e-14 0.000000e+00
53 144 1.646023e-02 2.072220e-03 0 2 2 2 4.822329e-14 0.000000e+00
53 145 1.646023e-02 2.608770e-03 0 2 2 2 4.822181e-14 0.000000e+00
53 146 1.646023e-02 3.284247e-03 0 2 2 2 4.821965e-14 0.000000e+00
53 147 1.646023e-02 4.134622e-03 0 2 2 2 4.821683e-14 0.000000e+00
53 148 1.646023e-02 5.205181e-03 0 2 2 2 4.821393e-14 0.000000e+00
53 149 1.646023e-02 6.552935e-03 0 2 2 2 4.821415e-14 0.000000e+00
53 150 1.646023e-02 8.249656e-03 0 2 2 2 4.823061e-14 0.000000e+00
53 151 1.646023e-02 1.038570e-02 0 2 2 2 4.832267e-14 0.000000e+00
53 152 1.646023e-02 1.307482e-02 0 2 2 2 4.889517e-14 0.000000e+00
53 153 1.646023e-02 1.646023e-02 0 2 2 2 4.927793e-14 0.000000e+00
53 154 1.646023e-02 2.072220e-02 0 2 2 2 4.252548e-14 0.000000e+00
53 155 1.646023e-02 2.608770e-02 0 2 2 2 3.612491e-14 0.000000e+00
53 156 1.646023e-02 3.284247e-02 0 2 2 2 3.017322e-14 0.000000e+00
53 157 1.646023e-02 4.134622e-02 0 2 2 2 2.437886e-14 0.000000e+00
53 158 1.646023e-02 5.205181e-02 0 2 2 2 1.889175e-14 0.000000e+00
53 159 1.646023e-02 6.552935e-02 0 2 2 2 1.391834e-14 0.000000e+00
54 140 2.072220e-02 8.249656e-04 0 2 2 2 4.213782e-14 0.000000e+00
54 141 2.072220e-02 1.038570e-03 0 2 2 2 4.213791e-14 0.000000e+00
54 142 2.072220e-02 1.307482e-03 0 2 2 2 4.213754e-14 0.000000e+00
54 143 2.072220e-02 1.646023e-03 0 2 2 2 4.213730e-14 0.000000e+00
54 144 2.072220e-02 2.072220e-03 0 2 2 2 4.213679e-14 0.000000e+00
54 145 2.072220e-02 2.608770e-03 0 2 2 2 4.213597e-14 0.000000e+00
54 146 2.072220e-02 3.284247e-03 0 2 2 2 4.213468e-14 0.000000e+00
54 147 2.072220e-02 4.134622e-03 0 2 2 2 4.213272e-14 0.000000e+00
54 148 2.072220e-02 5.205181e-03 0 2 2 2 4.212982e-14 0.000000e+00
54 149 2.072220e-02 6.552935e-03 0 2 2 2 4.212580e-14 0.000000e+00
54 150 2.072220e-02 8.249656e-03 0 2 2 2 4.212142e-14 0.000000e+00
54 151 2.072220e-02 1.038570e-02 0 2 2 2 4.212219e-14 0.000000e+00
54 152 2.072220e-02 1.307482e-02 0 2 2 2 4.216079e-14 0.000000e+00
54 153 2.072220e-02 1.646023e-02 0 2 2 2 4.252548e-14 0.000000e+00
54 154 2.072220e-02 2.072220e-02 0 2 2 2 4.261134e-14 0.000000e+00
54 155 2.072220e-02 2.608770e-02 0 2 2 2 3.639072e-14 0.000000e+00
54 156 2.072220e-02 3.284247e-02 0 2 2 2 3.027966e-14 0.000000e+00
54 157 2.072220e-02 4.134622e-02 0 2 2 2 2.452209e-14 0.000000e+00
54 158 2.072220e-02 5.205181e-02 0 2 2 2 1.903986e-14 0.000000e+00
54 159 2.072220e-02 6.552935e-02 0 2 2 2 1.404097e-14 0.000000e+00
55 140 2.608770e-02 8.249656e-04 0 2 2 2 3.602739e-14 0.000000e+00
55 141 2.608770e-02 1.038570e-03 0 2 2 2 3.602773e-14 0.000000e+00
55 142 2.608770e-02 1.307482e-03 0 2 2 2 3.602782e-14 0.000000e+00
55 143 2.608770e-02 1.646023e-03 0 2 2 2 3.602829e-14 0.000000e+00
55 144 2.608770e-02 2.072220e-03 0 2 2 2 3.602879e-14 0.000000e+00
55 145 2.608770e-02 2.608770e-03 0 2 2 2 3.602958e-14 0.000000e+00
55 146 2.608770e-02 3.284247e-03 0 2 2 2 3.603087e-14 0.000000e+00
55 147 2.608770e-02 4.134622e-03 0 2 2 2 3.603287e-14 0.000000e+00
55 148 2.608770e-02 5.205181e-03 0 2 2 2 3.603601e-14 0.000000e+00
55 149 2.608770e-02 6.552935e-03 0 2 2 2 3.604087e-14 0.000000e+00
55 150 2.608770e-02 8.249656e-03 0 2 2 2 3.604838e-14 0.000000e+00
55 151 2.608770e-02 1.038570e-02 0 2 2 2 3.606007e-14 0.000000e+00
55 152 2.608770e-02 1.307482e-02 0 2 2 2 3.607965e-14 0.000000e+00
55 153 2.608770e-02 1.646023e-02 0 2 2 2 3.612491e-14 0.000000e+00
55 154 2.608770e-02 2.072220e-02 0 2 2 2 3.639072e-14 0.000000e+00
55 155 2.608770e-02 2.608770e-02 0 2 2 2 3.628014e-14 0.000000e+00
55 156 2.608770e-02 3.284247e-02 0 2 2 2 3.054958e-14 0.000000e+00
55 157 2.608770e-02 4.134622e-02 0 2 2 2 2.473157e-14 0.000000e+00
55 158 2.608770e-02 5.205181e-02 0 2 2 2 1.926532e-14 0.000000e+00
55 159 2.608770e-02 6.552935e-02 0 2 2 2 1.423363e-14 0.000000e+00
56 140 3.284247e-02 8.249656e-04 0 2 2 2 2.997238e-14 0.000000e+00
56 141 3.284247e-02 1.038570e-03 0 2 2 2 2.997292e-14 0.000000e+00
56 142 3.284247e-02 1.307482e-03 0 2 2 2 2.997332e-14 0.000000e+00
56 143 3.284247e-02 1.646023e-03 0 2 2 2 2.997425e-14 0.000000e+00
56 144 3.284247e-02 2.072220e-03 0 2 2 2 2.997554e-14 0.000000e+00
56 145 3.284247e-02 2.608770e-03 0 2 2 2 2.997762e-14 0.000000e+00
56 146 3.284247e-02 3.284247e-03 0 2 2 2 2.998087e-14 0.000000e+00
56 147 3.284247e-02 4.134622e-03 0 2 2 2 2.998600e-14 0.000000e+00
56 148 3.284247e-02 5.205181e-03 0 2 2 2 2.999410e-14 0.000000e+00
56 149 3.284247e-02 6.552935e-03 0 2 2 2 3.000679e-14 0.000000e+00
56 150 3.284247e-02 8.249656e-03 0 2 2 2 3.002658e-14 0.000000e+00
56 151 3.284247e-02 1.038570e-02 0 2 2 2 3.005711e-14 0.000000e+00
56 152 3.284247e-02 1.307482e-02 0 2 2 2 3.010360e-14 0.000000e+00
56 153 3.284247e-02 1.646023e-02 0 2 2 2 3.017322e-14 0.000000e+00
56 154 3.284247e-02 2.072220e-02 0 2 2 2 3.027966e-14 0.000000e+00
56 155 3.284247e-02 2.608770e-02 0 2 2 2 3.054958e-14 0.000000e+00
56 156 3.284247e-02 3.284247e-02 0 2 2 2 3.035419e-14 0.000000e+00
56 157 3.284247e-02 4.134622e-02 0 2 2 2 2.509015e-14 0.000000e+00
56 158 3.284247e-02 5.205181e-02 0 2 2 2 1.959859e-14 0.000000e+00
56 159 3.284247e-02 6.552935e-02 0 2 2 2 1.453324e-14 0.000000e+00
57 140 4.134622e-02 8.249656e-04 0 2 2 2 2.411203e-14 0.000000e+00
57 141 4.134622e-02 1.038570e-03 0 2 2 2 2.411267e-14 0.000000e+00
57 142 4.134622e-02 1.307482e-03 0 2 2 2 2.411323e-14 0.000000e+00
57 143 4.134622e-02 1.646023e-03 0 2 2 2 2.411439e-14 0.000000e+00
57 144 4.134622e-02 2.072220e-03 0 2 2 2 2.411602e-14 0.000000e+00
57 145 4.134622e-02 2.608770e-03 0 2 2 2 2.411860e-14 0.000000e+00
57 146 4.134622e-02 3.284247e-03 0 2 2 2 2.412271e-14 0.000000e+00
57 147 4.134622e-02 4.134622e-03 0 2 2 2 2.412924e-14 0.000000e+00
57 148 4.134622e-02 5.205181e-03 0 2 2 2 2.413954e-14 0.000000e+00
57 149 4.134622e-02 6.552935e-03 0 2 2 2 2.415579e-14 0.000000e+00
57 150 4.134622e-02 8.249656e-03 0 2 2 2 2.418135e-14 0.000000e+00
57 151 4.134622e-02 1.038570e-02 0 2 2 2 2.422136e-14 0.000000e+00
57 152 4.134622e-02 1.307482e-02 0 2 2 2 2.428352e-14 0.000000e+00
57 153 4.134622e-02 1.646023e-02 0 2 2 2 2.437886e-14 0.000000e+00
57 154 4.134622e-02 2.072220e-02 0 2 2 2 2.452209e-14 0.000000e+00
57 155 4.134622e-02 2.608770e-02 0 2 2 2 2.473157e-14 0.000000e+00
57 156 4.134622e-02 3.284247e-02 0 2 2 2 2.509015e-14 0.000000e+00
57 157 4.134622e-02 4.134622e-02 0 2 2 2 2.491448e-14 0.000000e+00
57 158 4.134622e-02 5.205181e-02 0 2 2 2 2.010245e-14 0.000000e+00
57 159 4.134622e-02 6.552935e-02 0 2 2 2 1.498858e-14 0.000000e+00
58 140 5.205181e-02 8.249656e-04 0 2 2 2 1.862901e-14 0.000000e+00
58 141 5.205181e-02 1.038570e-03 0 2 2 2 1.862960e-14 0.000000e+00
58 142 5.205181e-02 1.307482e-03 0 2 2 2 1.863011e-14 0.000000e+00
58 143 5.205181e-02 1.646023e-03 0 2 2 2 1.863121e-14 0.000000e+00
58 144 5.205181e-02 2.072220e-03 0 2 2 2 1.863276e-14 0.000000e+00
58 145 5.205181e-02 2.608770e-03 0 2 2 2 1.863526e-14 0.000000e+00
58 146 5.205181e-02 3.284247e-03 0 2 2 2 1.863923e-14 0.000000e+00
58 147 5.205181e-02 4.134622e-03 0 2 2 2 1.864549e-14 0.000000e+00
58 148 5.205181e-02 5.205181e-03 0 2 2 2 1.865539e-14 0.000000e+00
58 149 5.205181e-02 6.552935e-03 0 2 2 2 1.867106e-14 0.000000e+00
58 150 5.205181e-02 8.249656e-03 0 2 2 2 1.869580e-14 0.000000e+00
58 151 5.205181e-02 1.038570e-02 0 2 2 2 1.873481e-14 0.000000e+00
58 152 5.205181e-02 1.307482e-02 0 2 2 2 1.879606e-14 0.000000e+00
58 153 5.205181e-02 1.646023e-02 0 2 2 2 1.889175e-14 0.000000e+00
58 154 5.205181e-02 2.072220e-02 0 2 2 2 1.903986e-14 0.000000e+00
58 155 5.205181e-02 2.608770e-02 0 2 2 2 1.926532e-14 0.000000e+00
58 156 5.205181e-02 3.284247e-02 0 2 2 2 1.959859e-14 0.000000e+00
58 157 5.205181e-02 4.134622e-02 0 2 2 2 2.010245e-14 0.000000e+00
58 158 5.205181e-02 5.205181e-02 0 2 2 2 2.003304e-14 0.000000e+00
58 159 5.205181e-02 6.552935e-02 0 2 2 2 1.566525e-14 0.000000e+00
59 140 6.552935e-02 8.249656e-04 0 2 2 2 1.370774e-14 0.000000e+00
59 141 6.552935e-02 1.038570e-03 0 2 2 2 1.370826e-14 0.000000e+00
59 142 6.552935e-02 1.307482e-03 0 2 2 2 1.370865e-14 0.000000e+00
59 143 6.552935e-02 1.646023e-03 0 2 2 2 1.370954e-14 0.000000e+00
59 144 6.552935e-02 2.072220e-03 0 2 2 2 1.371076e-14 0.000000e+00
59 145 6.552935e-02 2.608770e-03 0 2 2 2 1.371272e-14 0.000000e+00
59 146 6.552935e-02 3.284247e-03 0 2 2 2 1.371582e-14 0.000000e+00
59 147 6.552935e-02 4.134622e-03 0 2 2 2 1.372074e-14 0.000000e+00
59 148 6.552935e-02 5.205181e-03 0 2 2 2 1.372855e-14 0.000000e+00
59 149 6.552935e-02 6.552935e-03 0 2 2 2 1.374091e-14 0.000000e+00
59 150 6.552935e-02 8.249656e-03 0 2 2 2 1.376049e-14 0.000000e+00
59 151 6.552935e-02 1.038570e-02 0 2 2 2 1.379152e-14 0.000000e+00
59 152 6.552935e-02 1.307482e-02 0 2 2 2 1.384064e-14 0.000000e+00
59 153 6.552935e-02 1.646023e-02 0 2 2 2 1.391834e-14 0.000000e+00
59 154 6.552935e-02 2.072220e-02 0 2 2 2 1.404097e-14 0.000000e+00
59 155 6.552935e-02 2.608770e-02 0 2 2 2 1.423363e-14 0.000000e+00
59 156 6.552935e-02 3.284247e-02 0 2 2 2 1.453324e-14 0.000000e+00
59 157 6.552935e-02 4.134622e-02 0 2 2 2 1.498858e-14 0.000000e+00
59 158 6.552935e-02 5.205181e-02 0 2 2 2 1.566525e-14 0.000000e+00
59 159 6.552935e-02 6.552935e-02 0 2 2 2 1.576734e-14 0.000000e+00
