# Please cite the following papers in research using this covariance:
# arXiv: 1601.05779, https://arxiv.org/abs/1601.05779
# arXiv: 1911.11947, https://arxiv.org/abs/1911.11947
# arXiv: 2004.04833, https://arxiv.org/abs/2004.04833
########################################################
60 60 8.249656e-04 8.249656e-04 0 3 0 3 4.964175e-11 0.000000e+00
60 61 8.249656e-04 1.038570e-03 0 3 0 3 3.607298e-13 0.000000e+00
60 62 8.249656e-04 1.307482e-03 0 3 0 3 2.956052e-13 0.000000e+00
60 63 8.249656e-04 1.646023e-03 0 3 0 3 2.441630e-13 0.000000e+00
60 64 8.249656e-04 2.072220e-03 0 3 0 3 2.039969e-13 0.000000e+00
60 65 8.249656e-04 2.608770e-03 0 3 0 3 1.724284e-13 0.000000e+00
60 66 8.249656e-04 3.284247e-03 0 3 0 3 1.472509e-13 0.000000e+00
60 67 8.249656e-04 4.134622e-03 0 3 0 3 1.267484e-13 0.000000e+00
60 68 8.249656e-04 5.205181e-03 0 3 0 3 1.096300e-13 0.000000e+00
60 69 8.249656e-04 6.552935e-03 0 3 0 3 9.495879e-14 0.000000e+00
60 70 8.249656e-04 8.249656e-03 0 3 0 3 8.208435e-14 0.000000e+00
60 71 8.249656e-04 1.038570e-02 0 3 0 3 7.057876e-14 0.000000e+00
60 72 8.249656e-04 1.307482e-02 0 3 0 3 6.017788e-14 0.000000e+00
60 73 8.249656e-04 1.646023e-02 0 3 0 3 5.072858e-14 0.000000e+00
60 74 8.249656e-04 2.072220e-02 0 3 0 3 4.215055e-14 0.000000e+00
60 75 8.249656e-04 2.608770e-02 0 3 0 3 3.440607e-14 0.000000e+00
60 76 8.249656e-04 3.284247e-02 0 3 0 3 2.748460e-14 0.000000e+00
60 77 8.249656e-04 4.134622e-02 0 3 0 3 2.139140e-14 0.000000e+00
60 78 8.249656e-04 5.205181e-02 0 3 0 3 1.612166e-14 0.000000e+00
60 79 8.249656e-04 6.552935e-02 0 3 0 3 1.162608e-14 0.000000e+00
61 60 1.038570e-03 8.249656e-04 0 3 0 3 3.607298e-13 0.000000e+00
61 61 1.038570e-03 1.038570e-03 0 3 0 3 3.142061e-11 0.000000e+00
61 62 1.038570e-03 1.307482e-03 0 3 0 3 3.090456e-13 0.000000e+00
61 63 1.038570e-03 1.646023e-03 0 3 0 3 2.512202e-13 0.000000e+00
61 64 1.038570e-03 2.072220e-03 0 3 0 3 2.074857e-13 0.000000e+00
61 65 1.038570e-03 2.608770e-03 0 3 0 3 1.741062e-13 0.000000e+00
61 66 1.038570e-03 3.284247e-03 0 3 0 3 1.480409e-13 0.000000e+00
61 67 1.038570e-03 4.134622e-03 0 3 0 3 1.271147e-13 0.000000e+00
61 68 1.038570e-03 5.205181e-03 0 3 0 3 1.097991e-13 0.000000e+00
61 69 1.038570e-03 6.552935e-03 0 3 0 3 9.503773e-14 0.000000e+00
61 70 1.038570e-03 8.249656e-03 0 3 0 3 8.212255e-14 0.000000e+00
61 71 1.038570e-03 1.038570e-02 0 3 0 3 7.059847e-14 0.000000e+00
61 72 1.038570e-03 1.307482e-02 0 3 0 3 6.018867e-14 0.000000e+00
61 73 1.038570e-03 1.646023e-02 0 3 0 3 5.073492e-14 0.000000e+00
61 74 1.038570e-03 2.072220e-02 0 3 0 3 4.215444e-14 0.000000e+00
61 75 1.038570e-03 2.608770e-02 0 3 0 3 3.440854e-14 0.000000e+00
61 76 1.038570e-03 3.284247e-02 0 3 0 3 2.748626e-14 0.000000e+00
61 77 1.038570e-03 4.134622e-02 0 3 0 3 2.139256e-14 0.000000e+00
61 78 1.038570e-03 5.205181e-02 0 3 0 3 1.612237e-14 0.000000e+00
61 79 1.038570e-03 6.552935e-02 0 3 0 3 1.162660e-14 0.000000e+00
62 60 1.307482e-03 8.249656e-04 0 3 0 3 2.956052e-13 0.000000e+00
62 61 1.307482e-03 1.038570e-03 0 3 0 3 3.090456e-13 0.000000e+00
62 62 1.307482e-03 1.307482e-03 0 3 0 3 1.991004e-11 0.000000e+00
62 63 1.307482e-03 1.646023e-03 0 3 0 3 2.644490e-13 0.000000e+00
62 64 1.307482e-03 2.072220e-03 0 3 0 3 2.137976e-13 0.000000e+00
62 65 1.307482e-03 2.608770e-03 0 3 0 3 1.770245e-13 0.000000e+00
62 66 1.307482e-03 3.284247e-03 0 3 0 3 1.493753e-13 0.000000e+00
62 67 1.307482e-03 4.134622e-03 0 3 0 3 1.277205e-13 0.000000e+00
62 68 1.307482e-03 5.205181e-03 0 3 0 3 1.100742e-13 0.000000e+00
62 69 1.307482e-03 6.552935e-03 0 3 0 3 9.516476e-14 0.000000e+00
62 70 1.307482e-03 8.249656e-03 0 3 0 3 8.218344e-14 0.000000e+00
62 71 1.307482e-03 1.038570e-02 0 3 0 3 7.062934e-14 0.000000e+00
62 72 1.307482e-03 1.307482e-02 0 3 0 3 6.020533e-14 0.000000e+00
62 73 1.307482e-03 1.646023e-02 0 3 0 3 5.074458e-14 0.000000e+00
62 74 1.307482e-03 2.072220e-02 0 3 0 3 4.216012e-14 0.000000e+00
62 75 1.307482e-03 2.608770e-02 0 3 0 3 3.441211e-14 0.000000e+00
62 76 1.307482e-03 3.284247e-02 0 3 0 3 2.748846e-14 0.000000e+00
62 77 1.307482e-03 4.134622e-02 0 3 0 3 2.139396e-14 0.000000e+00
62 78 1.307482e-03 5.205181e-02 0 3 0 3 1.612311e-14 0.000000e+00
62 79 1.307482e-03 6.552935e-02 0 3 0 3 1.162704e-14 0.000000e+00
63 60 1.646023e-03 8.249656e-04 0 3 0 3 2.441630e-13 0.000000e+00
63 61 1.646023e-03 1.038570e-03 0 3 0 3 2.512202e-13 0.000000e+00
63 62 1.646023e-03 1.307482e-03 0 3 0 3 2.644490e-13 0.000000e+00
63 63 1.646023e-03 1.646023e-03 0 3 0 3 1.263557e-11 0.000000e+00
63 64 1.646023e-03 2.072220e-03 0 3 0 3 2.262794e-13 0.000000e+00
63 65 1.646023e-03 2.608770e-03 0 3 0 3 1.824427e-13 0.000000e+00
63 66 1.646023e-03 3.284247e-03 0 3 0 3 1.517281e-13 0.000000e+00
63 67 1.646023e-03 4.134622e-03 0 3 0 3 1.287512e-13 0.000000e+00
63 68 1.646023e-03 5.205181e-03 0 3 0 3 1.105311e-13 0.000000e+00
63 69 1.646023e-03 6.552935e-03 0 3 0 3 9.537207e-14 0.000000e+00
63 70 1.646023e-03 8.249656e-03 0 3 0 3 8.228172e-14 0.000000e+00
63 71 1.646023e-03 1.038570e-02 0 3 0 3 7.067899e-14 0.000000e+00
63 72 1.646023e-03 1.307482e-02 0 3 0 3 6.023227e-14 0.000000e+00
63 73 1.646023e-03 1.646023e-02 0 3 0 3 5.076011e-14 0.000000e+00
63 74 1.646023e-03 2.072220e-02 0 3 0 3 4.216949e-14 0.000000e+00
63 75 1.646023e-03 2.608770e-02 0 3 0 3 3.441808e-14 0.000000e+00
63 76 1.646023e-03 3.284247e-02 0 3 0 3 2.749224e-14 0.000000e+00
63 77 1.646023e-03 4.134622e-02 0 3 0 3 2.139642e-14 0.000000e+00
63 78 1.646023e-03 5.205181e-02 0 3 0 3 1.612456e-14 0.000000e+00
63 79 1.646023e-03 6.552935e-02 0 3 0 3 1.162800e-14 0.000000e+00
64 60 2.072220e-03 8.249656e-04 0 3 0 3 2.039969e-13 0.000000e+00
64 61 2.072220e-03 1.038570e-03 0 3 0 3 2.074857e-13 0.000000e+00
64 62 2.072220e-03 1.307482e-03 0 3 0 3 2.137976e-13 0.000000e+00
64 63 2.072220e-03 1.646023e-03 0 3 0 3 2.262794e-13 0.000000e+00
64 64 2.072220e-03 2.072220e-03 0 3 0 3 8.035624e-12 0.000000e+00
64 65 2.072220e-03 2.608770e-03 0 3 0 3 1.937735e-13 0.000000e+00
64 66 2.072220e-03 3.284247e-03 0 3 0 3 1.562084e-13 0.000000e+00
64 67 2.072220e-03 4.134622e-03 0 3 0 3 1.305901e-13 0.000000e+00
64 68 2.072220e-03 5.205181e-03 0 3 0 3 1.113116e-13 0.000000e+00
64 69 2.072220e-03 6.552935e-03 0 3 0 3 9.571619e-14 0.000000e+00
64 70 2.072220e-03 8.249656e-03 0 3 0 3 8.244167e-14 0.000000e+00
64 71 2.072220e-03 1.038570e-02 0 3 0 3 7.075865e-14 0.000000e+00
64 72 2.072220e-03 1.307482e-02 0 3 0 3 6.027503e-14 0.000000e+00
64 73 2.072220e-03 1.646023e-02 0 3 0 3 5.078463e-14 0.000000e+00
64 74 2.072220e-03 2.072220e-02 0 3 0 3 4.218433e-14 0.000000e+00
64 75 2.072220e-03 2.608770e-02 0 3 0 3 3.442727e-14 0.000000e+00
64 76 2.072220e-03 3.284247e-02 0 3 0 3 2.749807e-14 0.000000e+00
64 77 2.072220e-03 4.134622e-02 0 3 0 3 2.140011e-14 0.000000e+00
64 78 2.072220e-03 5.205181e-02 0 3 0 3 1.612670e-14 0.000000e+00
64 79 2.072220e-03 6.552935e-02 0 3 0 3 1.162934e-14 0.000000e+00
65 60 2.608770e-03 8.249656e-04 0 3 0 3 1.724284e-13 0.000000e+00
65 61 2.608770e-03 1.038570e-03 0 3 0 3 1.741062e-13 0.000000e+00
65 62 2.608770e-03 1.307482e-03 0 3 0 3 1.770245e-13 0.000000e+00
65 63 2.608770e-03 1.646023e-03 0 3 0 3 1.824427e-13 0.000000e+00
65 64 2.608770e-03 2.072220e-03 0 3 0 3 1.937735e-13 0.000000e+00
65 65 2.608770e-03 2.608770e-03 0 3 0 3 5.124588e-12 0.000000e+00
65 66 2.608770e-03 3.284247e-03 0 3 0 3 1.661374e-13 0.000000e+00
65 67 2.608770e-03 4.134622e-03 0 3 0 3 1.341763e-13 0.000000e+00
65 68 2.608770e-03 5.205181e-03 0 3 0 3 1.127177e-13 0.000000e+00
65 69 2.608770e-03 6.552935e-03 0 3 0 3 9.630537e-14 0.000000e+00
65 70 2.608770e-03 8.249656e-03 0 3 0 3 8.270657e-14 0.000000e+00
65 71 2.608770e-03 1.038570e-02 0 3 0 3 7.088798e-14 0.000000e+00
65 72 2.608770e-03 1.307482e-02 0 3 0 3 6.034374e-14 0.000000e+00
65 73 2.608770e-03 1.646023e-02 0 3 0 3 5.082386e-14 0.000000e+00
65 74 2.608770e-03 2.072220e-02 0 3 0 3 4.220786e-14 0.000000e+00
65 75 2.608770e-03 2.608770e-02 0 3 0 3 3.444184e-14 0.000000e+00
65 76 2.608770e-03 3.284247e-02 0 3 0 3 2.750737e-14 0.000000e+00
65 77 2.608770e-03 4.134622e-02 0 3 0 3 2.140593e-14 0.000000e+00
65 78 2.608770e-03 5.205181e-02 0 3 0 3 1.613015e-14 0.000000e+00
65 79 2.608770e-03 6.552935e-02 0 3 0 3 1.163147e-14 0.000000e+00
66 60 3.284247e-03 8.249656e-04 0 3 0 3 1.472509e-13 0.000000e+00
66 61 3.284247e-03 1.038570e-03 0 3 0 3 1.480409e-13 0.000000e+00
66 62 3.284247e-03 1.307482e-03 0 3 0 3 1.493753e-13 0.000000e+00
66 63 3.284247e-03 1.646023e-03 0 3 0 3 1.517281e-13 0.000000e+00
66 64 3.284247e-03 2.072220e-03 0 3 0 3 1.562084e-13 0.000000e+00
66 65 3.284247e-03 2.608770e-03 0 3 0 3 1.661374e-13 0.000000e+00
66 66 3.284247e-03 3.284247e-03 0 3 0 3 3.280348e-12 0.000000e+00
66 67 3.284247e-03 4.134622e-03 0 3 0 3 1.426037e-13 0.000000e+00
66 68 3.284247e-03 5.205181e-03 0 3 0 3 1.155158e-13 0.000000e+00
66 69 3.284247e-03 6.552935e-03 0 3 0 3 9.737138e-14 0.000000e+00
66 70 3.284247e-03 8.249656e-03 0 3 0 3 8.315891e-14 0.000000e+00
66 71 3.284247e-03 1.038570e-02 0 3 0 3 7.110120e-14 0.000000e+00
66 72 3.284247e-03 1.307482e-02 0 3 0 3 6.045472e-14 0.000000e+00
66 73 3.284247e-03 1.646023e-02 0 3 0 3 5.088654e-14 0.000000e+00
66 74 3.284247e-03 2.072220e-02 0 3 0 3 4.224533e-14 0.000000e+00
66 75 3.284247e-03 2.608770e-02 0 3 0 3 3.446508e-14 0.000000e+00
66 76 3.284247e-03 3.284247e-02 0 3 0 3 2.752208e-14 0.000000e+00
66 77 3.284247e-03 4.134622e-02 0 3 0 3 2.141521e-14 0.000000e+00
66 78 3.284247e-03 5.205181e-02 0 3 0 3 1.613564e-14 0.000000e+00
66 79 3.284247e-03 6.552935e-02 0 3 0 3 1.163487e-14 0.000000e+00
67 60 4.134622e-03 8.249656e-04 0 3 0 3 1.267484e-13 0.000000e+00
67 61 4.134622e-03 1.038570e-03 0 3 0 3 1.271147e-13 0.000000e+00
67 62 4.134622e-03 1.307482e-03 0 3 0 3 1.277205e-13 0.000000e+00
67 63 4.134622e-03 1.646023e-03 0 3 0 3 1.287512e-13 0.000000e+00
67 64 4.134622e-03 2.072220e-03 0 3 0 3 1.305901e-13 0.000000e+00
67 65 4.134622e-03 2.608770e-03 0 3 0 3 1.341763e-13 0.000000e+00
67 66 4.134622e-03 3.284247e-03 0 3 0 3 1.426037e-13 0.000000e+00
67 67 4.134622e-03 4.134622e-03 0 3 0 3 2.110169e-12 0.000000e+00
67 68 4.134622e-03 5.205181e-03 0 3 0 3 1.224738e-13 0.000000e+00
67 69 4.134622e-03 6.552935e-03 0 3 0 3 9.952121e-14 0.000000e+00
67 70 4.134622e-03 8.249656e-03 0 3 0 3 8.397527e-14 0.000000e+00
67 71 4.134622e-03 1.038570e-02 0 3 0 3 7.146251e-14 0.000000e+00
67 72 4.134622e-03 1.307482e-02 0 3 0 3 6.063660e-14 0.000000e+00
67 73 4.134622e-03 1.646023e-02 0 3 0 3 5.098758e-14 0.000000e+00
67 74 4.134622e-03 2.072220e-02 0 3 0 3 4.230521e-14 0.000000e+00
67 75 4.134622e-03 2.608770e-02 0 3 0 3 3.450202e-14 0.000000e+00
67 76 4.134622e-03 3.284247e-02 0 3 0 3 2.754544e-14 0.000000e+00
67 77 4.134622e-03 4.134622e-02 0 3 0 3 2.143001e-14 0.000000e+00
67 78 4.134622e-03 5.205181e-02 0 3 0 3 1.614430e-14 0.000000e+00
67 79 4.134622e-03 6.552935e-02 0 3 0 3 1.164027e-14 0.000000e+00
68 60 5.205181e-03 8.249656e-04 0 3 0 3 1.096300e-13 0.000000e+00
68 61 5.205181e-03 1.038570e-03 0 3 0 3 1.097991e-13 0.000000e+00
68 62 5.205181e-03 1.307482e-03 0 3 0 3 1.100742e-13 0.000000e+00
68 63 5.205181e-03 1.646023e-03 0 3 0 3 1.105311e-13 0.000000e+00
68 64 5.205181e-03 2.072220e-03 0 3 0 3 1.113116e-13 0.000000e+00
68 65 5.205181e-03 2.608770e-03 0 3 0 3 1.127177e-13 0.000000e+00
68 66 5.205181e-03 3.284247e-03 0 3 0 3 1.155158e-13 0.000000e+00
68 67 5.205181e-03 4.134622e-03 0 3 0 3 1.224738e-13 0.000000e+00
68 68 5.205181e-03 5.205181e-03 0 3 0 3 1.366089e-12 0.000000e+00
68 69 5.205181e-03 6.552935e-03 0 3 0 3 1.051406e-13 0.000000e+00
68 70 5.205181e-03 8.249656e-03 0 3 0 3 8.562544e-14 0.000000e+00
68 71 5.205181e-03 1.038570e-02 0 3 0 3 7.210763e-14 0.000000e+00
68 72 5.205181e-03 1.307482e-02 0 3 0 3 6.094164e-14 0.000000e+00
68 73 5.205181e-03 1.646023e-02 0 3 0 3 5.115203e-14 0.000000e+00
68 74 5.205181e-03 2.072220e-02 0 3 0 3 4.240144e-14 0.000000e+00
68 75 5.205181e-03 2.608770e-02 0 3 0 3 3.456105e-14 0.000000e+00
68 76 5.205181e-03 3.284247e-02 0 3 0 3 2.758267e-14 0.000000e+00
68 77 5.205181e-03 4.134622e-02 0 3 0 3 2.145345e-14 0.000000e+00
68 78 5.205181e-03 5.205181e-02 0 3 0 3 1.615805e-14 0.000000e+00
68 79 5.205181e-03 6.552935e-02 0 3 0 3 1.164885e-14 0.000000e+00
69 60 6.552935e-03 8.249656e-04 0 3 0 3 9.495879e-14 0.000000e+00
69 61 6.552935e-03 1.038570e-03 0 3 0 3 9.503773e-14 0.000000e+00
69 62 6.552935e-03 1.307482e-03 0 3 0 3 9.516476e-14 0.000000e+00
69 63 6.552935e-03 1.646023e-03 0 3 0 3 9.537207e-14 0.000000e+00
69 64 6.552935e-03 2.072220e-03 0 3 0 3 9.571619e-14 0.000000e+00
69 65 6.552935e-03 2.608770e-03 0 3 0 3 9.630537e-14 0.000000e+00
69 66 6.552935e-03 3.284247e-03 0 3 0 3 9.737138e-14 0.000000e+00
69 67 6.552935e-03 4.134622e-03 0 3 0 3 9.952121e-14 0.000000e+00
69 68 6.552935e-03 5.205181e-03 0 3 0 3 1.051406e-13 0.000000e+00
69 69 6.552935e-03 6.552935e-03 0 3 0 3 8.915340e-13 0.000000e+00
69 70 6.552935e-03 8.249656e-03 0 3 0 3 9.009831e-14 0.000000e+00
69 71 6.552935e-03 1.038570e-02 0 3 0 3 7.339623e-14 0.000000e+00
69 72 6.552935e-03 1.307482e-02 0 3 0 3 6.147728e-14 0.000000e+00
69 73 6.552935e-03 1.646023e-02 0 3 0 3 5.142504e-14 0.000000e+00
69 74 6.552935e-03 2.072220e-02 0 3 0 3 4.255739e-14 0.000000e+00
69 75 6.552935e-03 2.608770e-02 0 3 0 3 3.465564e-14 0.000000e+00
69 76 6.552935e-03 3.284247e-02 0 3 0 3 2.764201e-14 0.000000e+00
69 77 6.552935e-03 4.134622e-02 0 3 0 3 2.149069e-14 0.000000e+00
69 78 6.552935e-03 5.205181e-02 0 3 0 3 1.617997e-14 0.000000e+00
69 79 6.552935e-03 6.552935e-02 0 3 0 3 1.166244e-14 0.000000e+00
70 60 8.249656e-03 8.249656e-04 0 3 0 3 8.208435e-14 0.000000e+00
70 61 8.249656e-03 1.038570e-03 0 3 0 3 8.212255e-14 0.000000e+00
70 62 8.249656e-03 1.307482e-03 0 3 0 3 8.218344e-14 0.000000e+00
70 63 8.249656e-03 1.646023e-03 0 3 0 3 8.228172e-14 0.000000e+00
70 64 8.249656e-03 2.072220e-03 0 3 0 3 8.244167e-14 0.000000e+00
70 65 8.249656e-03 2.608770e-03 0 3 0 3 8.270657e-14 0.000000e+00
70 66 8.249656e-03 3.284247e-03 0 3 0 3 8.315891e-14 0.000000e+00
70 67 8.249656e-03 4.134622e-03 0 3 0 3 8.397527e-14 0.000000e+00
70 68 8.249656e-03 5.205181e-03 0 3 0 3 8.562544e-14 0.000000e+00
70 69 8.249656e-03 6.552935e-03 0 3 0 3 9.009831e-14 0.000000e+00
70 70 8.249656e-03 8.249656e-03 0 3 0 3 5.876175e-13 0.000000e+00
70 71 8.249656e-03 1.038570e-02 0 3 0 3 7.694002e-14 0.000000e+00
70 72 8.249656e-03 1.307482e-02 0 3 0 3 6.252057e-14 0.000000e+00
70 73 8.249656e-03 1.646023e-02 0 3 0 3 5.189585e-14 0.000000e+00
70 74 8.249656e-03 2.072220e-02 0 3 0 3 4.281414e-14 0.000000e+00
70 75 8.249656e-03 2.608770e-02 0 3 0 3 3.480851e-14 0.000000e+00
70 76 8.249656e-03 3.284247e-02 0 3 0 3 2.773706e-14 0.000000e+00
70 77 8.249656e-03 4.134622e-02 0 3 0 3 2.154999e-14 0.000000e+00
70 78 8.249656e-03 5.205181e-02 0 3 0 3 1.621491e-14 0.000000e+00
70 79 8.249656e-03 6.552935e-02 0 3 0 3 1.168405e-14 0.000000e+00
71 60 1.038570e-02 8.249656e-04 0 3 0 3 7.057876e-14 0.000000e+00
71 61 1.038570e-02 1.038570e-03 0 3 0 3 7.059847e-14 0.000000e+00
71 62 1.038570e-02 1.307482e-03 0 3 0 3 7.062934e-14 0.000000e+00
71 63 1.038570e-02 1.646023e-03 0 3 0 3 7.067899e-14 0.000000e+00
71 64 1.038570e-02 2.072220e-03 0 3 0 3 7.075865e-14 0.000000e+00
71 65 1.038570e-02 2.608770e-03 0 3 0 3 7.088798e-14 0.000000e+00
71 66 1.038570e-02 3.284247e-03 0 3 0 3 7.110120e-14 0.000000e+00
71 67 1.038570e-02 4.134622e-03 0 3 0 3 7.146251e-14 0.000000e+00
71 68 1.038570e-02 5.205181e-03 0 3 0 3 7.210763e-14 0.000000e+00
71 69 1.038570e-02 6.552935e-03 0 3 0 3 7.339623e-14 0.000000e+00
71 70 1.038570e-02 8.249656e-03 0 3 0 3 7.694002e-14 0.000000e+00
71 71 1.038570e-02 1.038570e-02 0 3 0 3 3.918744e-13 0.000000e+00
71 72 1.038570e-02 1.307482e-02 0 3 0 3 6.534982e-14 0.000000e+00
71 73 1.038570e-02 1.646023e-02 0 3 0 3 5.278360e-14 0.000000e+00
71 74 1.038570e-02 2.072220e-02 0 3 0 3 4.325017e-14 0.000000e+00
71 75 1.038570e-02 2.608770e-02 0 3 0 3 3.505885e-14 0.000000e+00
71 76 1.038570e-02 3.284247e-02 0 3 0 3 2.789022e-14 0.000000e+00
71 77 1.038570e-02 4.134622e-02 0 3 0 3 2.164470e-14 0.000000e+00
71 78 1.038570e-02 5.205181e-02 0 3 0 3 1.627087e-14 0.000000e+00
71 79 1.038570e-02 6.552935e-02 0 3 0 3 1.171850e-14 0.000000e+00
72 60 1.307482e-02 8.249656e-04 0 3 0 3 6.017788e-14 0.000000e+00
72 61 1.307482e-02 1.038570e-03 0 3 0 3 6.018867e-14 0.000000e+00
72 62 1.307482e-02 1.307482e-03 0 3 0 3 6.020533e-14 0.000000e+00
72 63 1.307482e-02 1.646023e-03 0 3 0 3 6.023227e-14 0.000000e+00
72 64 1.307482e-02 2.072220e-03 0 3 0 3 6.027503e-14 0.000000e+00
72 65 1.307482e-02 2.608770e-03 0 3 0 3 6.034374e-14 0.000000e+00
72 66 1.307482e-02 3.284247e-03 0 3 0 3 6.045472e-14 0.000000e+00
72 67 1.307482e-02 4.134622e-03 0 3 0 3 6.063660e-14 0.000000e+00
72 68 1.307482e-02 5.205181e-03 0 3 0 3 6.094164e-14 0.000000e+00
72 69 1.307482e-02 6.552935e-03 0 3 0 3 6.147728e-14 0.000000e+00
72 70 1.307482e-02 8.249656e-03 0 3 0 3 6.252057e-14 0.000000e+00
72 71 1.307482e-02 1.038570e-02 0 3 0 3 6.534982e-14 0.000000e+00
72 72 1.307482e-02 1.307482e-02 0 3 0 3 2.648376e-13 0.000000e+00
72 73 1.307482e-02 1.646023e-02 0 3 0 3 5.509053e-14 0.000000e+00
72 74 1.307482e-02 2.072220e-02 0 3 0 3 4.404690e-14 0.000000e+00
72 75 1.307482e-02 2.608770e-02 0 3 0 3 3.547940e-14 0.000000e+00
72 76 1.307482e-02 3.284247e-02 0 3 0 3 2.813984e-14 0.000000e+00
72 77 1.307482e-02 4.134622e-02 0 3 0 3 2.179684e-14 0.000000e+00
72 78 1.307482e-02 5.205181e-02 0 3 0 3 1.636092e-14 0.000000e+00
72 79 1.307482e-02 6.552935e-02 0 3 0 3 1.177352e-14 0.000000e+00
73 60 1.646023e-02 8.249656e-04 0 3 0 3 5.072858e-14 0.000000e+00
73 61 1.646023e-02 1.038570e-03 0 3 0 3 5.073492e-14 0.000000e+00
73 62 1.646023e-02 1.307482e-03 0 3 0 3 5.074458e-14 0.000000e+00
73 63 1.646023e-02 1.646023e-03 0 3 0 3 5.076011e-14 0.000000e+00
73 64 1.646023e-02 2.072220e-03 0 3 0 3 5.078463e-14 0.000000e+00
73 65 1.646023e-02 2.608770e-03 0 3 0 3 5.082386e-14 0.000000e+00
73 66 1.646023e-02 3.284247e-03 0 3 0 3 5.088654e-14 0.000000e+00
73 67 1.646023e-02 4.134622e-03 0 3 0 3 5.098758e-14 0.000000e+00
73 68 1.646023e-02 5.205181e-03 0 3 0 3 5.115203e-14 0.000000e+00
73 69 1.646023e-02 6.552935e-03 0 3 0 3 5.142504e-14 0.000000e+00
73 70 1.646023e-02 8.249656e-03 0 3 0 3 5.189585e-14 0.000000e+00
73 71 1.646023e-02 1.038570e-02 0 3 0 3 5.278360e-14 0.000000e+00
73 72 1.646023e-02 1.307482e-02 0 3 0 3 5.509053e-14 0.000000e+00
73 73 1.646023e-02 1.646023e-02 0 3 0 3 1.815638e-13 0.000000e+00
73 74 1.646023e-02 2.072220e-02 0 3 0 3 4.599146e-14 0.000000e+00
73 75 1.646023e-02 2.608770e-02 0 3 0 3 3.622881e-14 0.000000e+00
73 76 1.646023e-02 3.284247e-02 0 3 0 3 2.855547e-14 0.000000e+00
73 77 1.646023e-02 4.134622e-02 0 3 0 3 2.204386e-14 0.000000e+00
73 78 1.646023e-02 5.205181e-02 0 3 0 3 1.650696e-14 0.000000e+00
73 79 1.646023e-02 6.552935e-02 0 3 0 3 1.186193e-14 0.000000e+00
74 60 2.072220e-02 8.249656e-04 0 3 0 3 4.215055e-14 0.000000e+00
74 61 2.072220e-02 1.038570e-03 0 3 0 3 4.215444e-14 0.000000e+00
74 62 2.072220e-02 1.307482e-03 0 3 0 3 4.216012e-14 0.000000e+00
74 63 2.072220e-02 1.646023e-03 0 3 0 3 4.216949e-14 0.000000e+00
74 64 2.072220e-02 2.072220e-03 0 3 0 3 4.218433e-14 0.000000e+00
74 65 2.072220e-02 2.608770e-03 0 3 0 3 4.220786e-14 0.000000e+00
74 66 2.072220e-02 3.284247e-03 0 3 0 3 4.224533e-14 0.000000e+00
74 67 2.072220e-02 4.134622e-03 0 3 0 3 4.230521e-14 0.000000e+00
74 68 2.072220e-02 5.205181e-03 0 3 0 3 4.240144e-14 0.000000e+00
74 69 2.072220e-02 6.552935e-03 0 3 0 3 4.255739e-14 0.000000e+00
74 70 2.072220e-02 8.249656e-03 0 3 0 3 4.281414e-14 0.000000e+00
74 71 2.072220e-02 1.038570e-02 0 3 0 3 4.325017e-14 0.000000e+00
74 72 2.072220e-02 1.307482e-02 0 3 0 3 4.404690e-14 0.000000e+00
74 73 2.072220e-02 1.646023e-02 0 3 0 3 4.599146e-14 0.000000e+00
74 74 2.072220e-02 2.072220e-02 0 3 0 3 1.262860e-13 0.000000e+00
74 75 2.072220e-02 2.608770e-02 0 3 0 3 3.793559e-14 0.000000e+00
74 76 2.072220e-02 3.284247e-02 0 3 0 3 2.928181e-14 0.000000e+00
74 77 2.072220e-02 4.134622e-02 0 3 0 3 2.245327e-14 0.000000e+00
74 78 2.072220e-02 5.205181e-02 0 3 0 3 1.674657e-14 0.000000e+00
74 79 2.072220e-02 6.552935e-02 0 3 0 3 1.200521e-14 0.000000e+00
75 60 2.608770e-02 8.249656e-04 0 3 0 3 3.440607e-14 0.000000e+00
75 61 2.608770e-02 1.038570e-03 0 3 0 3 3.440854e-14 0.000000e+00
75 62 2.608770e-02 1.307482e-03 0 3 0 3 3.441211e-14 0.000000e+00
75 63 2.608770e-02 1.646023e-03 0 3 0 3 3.441808e-14 0.000000e+00
75 64 2.608770e-02 2.072220e-03 0 3 0 3 3.442727e-14 0.000000e+00
75 65 2.608770e-02 2.608770e-03 0 3 0 3 3.444184e-14 0.000000e+00
75 66 2.608770e-02 3.284247e-03 0 3 0 3 3.446508e-14 0.000000e+00
75 67 2.608770e-02 4.134622e-03 0 3 0 3 3.450202e-14 0.000000e+00
75 68 2.608770e-02 5.205181e-03 0 3 0 3 3.456105e-14 0.000000e+00
75 69 2.608770e-02 6.552935e-03 0 3 0 3 3.465564e-14 0.000000e+00
75 70 2.608770e-02 8.249656e-03 0 3 0 3 3.480851e-14 0.000000e+00
75 71 2.608770e-02 1.038570e-02 0 3 0 3 3.505885e-14 0.000000e+00
75 72 2.608770e-02 1.307482e-02 0 3 0 3 3.547940e-14 0.000000e+00
75 73 2.608770e-02 1.646023e-02 0 3 0 3 3.622881e-14 0.000000e+00
75 74 2.608770e-02 2.072220e-02 0 3 0 3 3.793559e-14 0.000000e+00
75 75 2.608770e-02 2.608770e-02 0 3 0 3 8.903225e-14 0.000000e+00
75 76 2.608770e-02 3.284247e-02 0 3 0 3 3.083492e-14 0.000000e+00
75 77 2.608770e-02 4.134622e-02 0 3 0 3 2.316257e-14 0.000000e+00
75 78 2.608770e-02 5.205181e-02 0 3 0 3 1.714746e-14 0.000000e+00
75 79 2.608770e-02 6.552935e-02 0 3 0 3 1.224073e-14 0.000000e+00
76 60 3.284247e-02 8.249656e-04 0 3 0 3 2.748460e-14 0.000000e+00
76 61 3.284247e-02 1.038570e-03 0 3 0 3 2.748626e-14 0.000000e+00
76 62 3.284247e-02 1.307482e-03 0 3 0 3 2.748846e-14 0.000000e+00
76 63 3.284247e-02 1.646023e-03 0 3 0 3 2.749224e-14 0.000000e+00
76 64 3.284247e-02 2.072220e-03 0 3 0 3 2.749807e-14 0.000000e+00
76 65 3.284247e-02 2.608770e-03 0 3 0 3 2.750737e-14 0.000000e+00
76 66 3.284247e-02 3.284247e-03 0 3 0 3 2.752208e-14 0.000000e+00
76 67 3.284247e-02 4.134622e-03 0 3 0 3 2.754544e-14 0.000000e+00
76 68 3.284247e-02 5.205181e-03 0 3 0 3 2.758267e-14 0.000000e+00
76 69 3.284247e-02 6.552935e-03 0 3 0 3 2.764201e-14 0.000000e+00
76 70 3.284247e-02 8.249656e-03 0 3 0 3 2.773706e-14 0.000000e+00
76 71 3.284247e-02 1.038570e-02 0 3 0 3 2.789022e-14 0.000000e+00
76 72 3.284247e-02 1.307482e-02 0 3 0 3 2.813984e-14 0.000000e+00
76 73 3.284247e-02 1.646023e-02 0 3 0 3 2.855547e-14 0.000000e+00
76 74 3.284247e-02 2.072220e-02 0 3 0 3 2.928181e-14 0.000000e+00
76 75 3.284247e-02 2.608770e-02 0 3 0 3 3.083492e-14 0.000000e+00
76 76 3.284247e-02 3.284247e-02 0 3 0 3 6.347640e-14 0.000000e+00
76 77 3.284247e-02 4.134622e-02 0 3 0 3 2.461504e-14 0.000000e+00
76 78 3.284247e-02 5.205181e-02 0 3 0 3 1.784501e-14 0.000000e+00
76 79 3.284247e-02 6.552935e-02 0 3 0 3 1.263637e-14 0.000000e+00
77 60 4.134622e-02 8.249656e-04 0 3 0 3 2.139140e-14 0.000000e+00
77 61 4.134622e-02 1.038570e-03 0 3 0 3 2.139256e-14 0.000000e+00
77 62 4.134622e-02 1.307482e-03 0 3 0 3 2.139396e-14 0.000000e+00
77 63 4.134622e-02 1.646023e-03 0 3 0 3 2.139642e-14 0.000000e+00
77 64 4.134622e-02 2.072220e-03 0 3 0 3 2.140011e-14 0.000000e+00
77 65 4.134622e-02 2.608770e-03 0 3 0 3 2.140593e-14 0.000000e+00
77 66 4.134622e-02 3.284247e-03 0 3 0 3 2.141521e-14 0.000000e+00
77 67 4.134622e-02 4.134622e-03 0 3 0 3 2.143001e-14 0.000000e+00
77 68 4.134622e-02 5.205181e-03 0 3 0 3 2.145345e-14 0.000000e+00
77 69 4.134622e-02 6.552935e-03 0 3 0 3 2.149069e-14 0.000000e+00
77 70 4.134622e-02 8.249656e-03 0 3 0 3 2.154999e-14 0.000000e+00
77 71 4.134622e-02 1.038570e-02 0 3 0 3 2.164470e-14 0.000000e+00
77 72 4.134622e-02 1.307482e-02 0 3 0 3 2.179684e-14 0.000000e+00
77 73 4.134622e-02 1.646023e-02 0 3 0 3 2.204386e-14 0.000000e+00
77 74 4.134622e-02 2.072220e-02 0 3 0 3 2.245327e-14 0.000000e+00
77 75 4.134622e-02 2.608770e-02 0 3 0 3 2.316257e-14 0.000000e+00
77 76 4.134622e-02 3.284247e-02 0 3 0 3 2.461504e-14 0.000000e+00
77 77 4.134622e-02 4.134622e-02 0 3 0 3 4.560842e-14 0.000000e+00
77 78 4.134622e-02 5.205181e-02 0 3 0 3 1.923758e-14 0.000000e+00
77 79 4.134622e-02 6.552935e-02 0 3 0 3 1.332689e-14 0.000000e+00
78 60 5.205181e-02 8.249656e-04 0 3 0 3 1.612166e-14 0.000000e+00
78 61 5.205181e-02 1.038570e-03 0 3 0 3 1.612237e-14 0.000000e+00
78 62 5.205181e-02 1.307482e-03 0 3 0 3 1.612311e-14 0.000000e+00
78 63 5.205181e-02 1.646023e-03 0 3 0 3 1.612456e-14 0.000000e+00
78 64 5.205181e-02 2.072220e-03 0 3 0 3 1.612670e-14 0.000000e+00
78 65 5.205181e-02 2.608770e-03 0 3 0 3 1.613015e-14 0.000000e+00
78 66 5.205181e-02 3.284247e-03 0 3 0 3 1.613564e-14 0.000000e+00
78 67 5.205181e-02 4.134622e-03 0 3 0 3 1.614430e-14 0.000000e+00
78 68 5.205181e-02 5.205181e-03 0 3 0 3 1.615805e-14 0.000000e+00
78 69 5.205181e-02 6.552935e-03 0 3 0 3 1.617997e-14 0.000000e+00
78 70 5.205181e-02 8.249656e-03 0 3 0 3 1.621491e-14 0.000000e+00
78 71 5.205181e-02 1.038570e-02 0 3 0 3 1.627087e-14 0.000000e+00
78 72 5.205181e-02 1.307482e-02 0 3 0 3 1.636092e-14 0.000000e+00
78 73 5.205181e-02 1.646023e-02 0 3 0 3 1.650696e-14 0.000000e+00
78 74 5.205181e-02 2.072220e-02 0 3 0 3 1.674657e-14 0.000000e+00
78 75 5.205181e-02 2.608770e-02 0 3 0 3 1.714746e-14 0.000000e+00
78 76 5.205181e-02 3.284247e-02 0 3 0 3 1.784501e-14 0.000000e+00
78 77 5.205181e-02 4.134622e-02 0 3 0 3 1.923758e-14 0.000000e+00
78 78 5.205181e-02 5.205181e-02 0 3 0 3 3.290170e-14 0.000000e+00
78 79 5.205181e-02 6.552935e-02 0 3 0 3 1.468291e-14 0.000000e+00
79 60 6.552935e-02 8.249656e-04 0 3 0 3 1.162608e-14 0.000000e+00
79 61 6.552935e-02 1.038570e-03 0 3 0 3 1.162660e-14 0.000000e+00
79 62 6.552935e-02 1.307482e-03 0 3 0 3 1.162704e-14 0.000000e+00
79 63 6.552935e-02 1.646023e-03 0 3 0 3 1.162800e-14 0.000000e+00
79 64 6.552935e-02 2.072220e-03 0 3 0 3 1.162934e-14 0.000000e+00
79 65 6.552935e-02 2.608770e-03 0 3 0 3 1.163147e-14 0.000000e+00
79 66 6.552935e-02 3.284247e-03 0 3 0 3 1.163487e-14 0.000000e+00
79 67 6.552935e-02 4.134622e-03 0 3 0 3 1.164027e-14 0.000000e+00
79 68 6.552935e-02 5.205181e-03 0 3 0 3 1.164885e-14 0.000000e+00
79 69 6.552935e-02 6.552935e-03 0 3 0 3 1.166244e-14 0.000000e+00
79 70 6.552935e-02 8.249656e-03 0 3 0 3 1.168405e-14 0.000000e+00
79 71 6.552935e-02 1.038570e-02 0 3 0 3 1.171850e-14 0.000000e+00
79 72 6.552935e-02 1.307482e-02 0 3 0 3 1.177352e-14 0.000000e+00
79 73 6.552935e-02 1.646023e-02 0 3 0 3 1.186193e-14 0.000000e+00
79 74 6.552935e-02 2.072220e-02 0 3 0 3 1.200521e-14 0.000000e+00
79 75 6.552935e-02 2.608770e-02 0 3 0 3 1.224073e-14 0.000000e+00
79 76 6.552935e-02 3.284247e-02 0 3 0 3 1.263637e-14 0.000000e+00
79 77 6.552935e-02 4.134622e-02 0 3 0 3 1.332689e-14 0.000000e+00
79 78 6.552935e-02 5.205181e-02 0 3 0 3 1.468291e-14 0.000000e+00
79 79 6.552935e-02 6.552935e-02 0 3 0 3 2.374771e-14 0.000000e+00
