# Please cite the following papers in research using this covariance:
# arXiv: 1601.05779, https://arxiv.org/abs/1601.05779
# arXiv: 1911.11947, https://arxiv.org/abs/1911.11947
# arXiv: 2004.04833, https://arxiv.org/abs/2004.04833
########################################################
40 180 8.249656e-04 8.249656e-04 0 2 3 3 8.313888e-14 0.000000e+00
40 181 8.249656e-04 1.038570e-03 0 2 3 3 8.229870e-14 0.000000e+00
40 182 8.249656e-04 1.307482e-03 0 2 3 3 8.108536e-14 0.000000e+00
40 183 8.249656e-04 1.646023e-03 0 2 3 3 7.952289e-14 0.000000e+00
40 184 8.249656e-04 2.072220e-03 0 2 3 3 7.765730e-14 0.000000e+00
40 185 8.249656e-04 2.608770e-03 0 2 3 3 7.553700e-14 0.000000e+00
40 186 8.249656e-04 3.284247e-03 0 2 3 3 7.319659e-14 0.000000e+00
40 187 8.249656e-04 4.134622e-03 0 2 3 3 7.064612e-14 0.000000e+00
40 188 8.249656e-04 5.205181e-03 0 2 3 3 6.786648e-14 0.000000e+00
40 189 8.249656e-04 6.552935e-03 0 2 3 3 6.481173e-14 0.000000e+00
40 190 8.249656e-04 8.249656e-03 0 2 3 3 6.141741e-14 0.000000e+00
40 191 8.249656e-04 1.038570e-02 0 2 3 3 5.761302e-14 0.000000e+00
40 192 8.249656e-04 1.307482e-02 0 2 3 3 5.333763e-14 0.000000e+00
40 193 8.249656e-04 1.646023e-02 0 2 3 3 4.855752e-14 0.000000e+00
40 194 8.249656e-04 2.072220e-02 0 2 3 3 4.328505e-14 0.000000e+00
40 195 8.249656e-04 2.608770e-02 0 2 3 3 3.759609e-14 0.000000e+00
40 196 8.249656e-04 3.284247e-02 0 2 3 3 3.164124e-14 0.000000e+00
40 197 8.249656e-04 4.134622e-02 0 2 3 3 2.564328e-14 0.000000e+00
40 198 8.249656e-04 5.205181e-02 0 2 3 3 1.987046e-14 0.000000e+00
40 199 8.249656e-04 6.552935e-02 0 2 3 3 1.458194e-14 0.000000e+00
41 180 1.038570e-03 8.249656e-04 0 2 3 3 8.229870e-14 0.000000e+00
41 181 1.038570e-03 1.038570e-03 0 2 3 3 8.171793e-14 0.000000e+00
41 182 1.038570e-03 1.307482e-03 0 2 3 3 8.073889e-14 0.000000e+00
41 183 1.038570e-03 1.646023e-03 0 2 3 3 7.933022e-14 0.000000e+00
41 184 1.038570e-03 2.072220e-03 0 2 3 3 7.755314e-14 0.000000e+00
41 185 1.038570e-03 2.608770e-03 0 2 3 3 7.547910e-14 0.000000e+00
41 186 1.038570e-03 3.284247e-03 0 2 3 3 7.316113e-14 0.000000e+00
41 187 1.038570e-03 4.134622e-03 0 2 3 3 7.062142e-14 0.000000e+00
41 188 1.038570e-03 5.205181e-03 0 2 3 3 6.784764e-14 0.000000e+00
41 189 1.038570e-03 6.552935e-03 0 2 3 3 6.479701e-14 0.000000e+00
41 190 1.038570e-03 8.249656e-03 0 2 3 3 6.140619e-14 0.000000e+00
41 191 1.038570e-03 1.038570e-02 0 2 3 3 5.760491e-14 0.000000e+00
41 192 1.038570e-03 1.307482e-02 0 2 3 3 5.333218e-14 0.000000e+00
41 193 1.038570e-03 1.646023e-02 0 2 3 3 4.855422e-14 0.000000e+00
41 194 1.038570e-03 2.072220e-02 0 2 3 3 4.328338e-14 0.000000e+00
41 195 1.038570e-03 2.608770e-02 0 2 3 3 3.759553e-14 0.000000e+00
41 196 1.038570e-03 3.284247e-02 0 2 3 3 3.164137e-14 0.000000e+00
41 197 1.038570e-03 4.134622e-02 0 2 3 3 2.564374e-14 0.000000e+00
41 198 1.038570e-03 5.205181e-02 0 2 3 3 1.987101e-14 0.000000e+00
41 199 1.038570e-03 6.552935e-02 0 2 3 3 1.458246e-14 0.000000e+00
42 180 1.307482e-03 8.249656e-04 0 2 3 3 8.108536e-14 0.000000e+00
42 181 1.307482e-03 1.038570e-03 0 2 3 3 8.073889e-14 0.000000e+00
42 182 1.307482e-03 1.307482e-03 0 2 3 3 8.009826e-14 0.000000e+00
42 183 1.307482e-03 1.646023e-03 0 2 3 3 7.897742e-14 0.000000e+00
42 184 1.307482e-03 2.072220e-03 0 2 3 3 7.736845e-14 0.000000e+00
42 185 1.307482e-03 2.608770e-03 0 2 3 3 7.538007e-14 0.000000e+00
42 186 1.307482e-03 3.284247e-03 0 2 3 3 7.310235e-14 0.000000e+00
42 187 1.307482e-03 4.134622e-03 0 2 3 3 7.058123e-14 0.000000e+00
42 188 1.307482e-03 5.205181e-03 0 2 3 3 6.781717e-14 0.000000e+00
42 189 1.307482e-03 6.552935e-03 0 2 3 3 6.477317e-14 0.000000e+00
42 190 1.307482e-03 8.249656e-03 0 2 3 3 6.138790e-14 0.000000e+00
42 191 1.307482e-03 1.038570e-02 0 2 3 3 5.759155e-14 0.000000e+00
42 192 1.307482e-03 1.307482e-02 0 2 3 3 5.332305e-14 0.000000e+00
42 193 1.307482e-03 1.646023e-02 0 2 3 3 4.854852e-14 0.000000e+00
42 194 1.307482e-03 2.072220e-02 0 2 3 3 4.328024e-14 0.000000e+00
42 195 1.307482e-03 2.608770e-02 0 2 3 3 3.759417e-14 0.000000e+00
42 196 1.307482e-03 3.284247e-02 0 2 3 3 3.164108e-14 0.000000e+00
42 197 1.307482e-03 4.134622e-02 0 2 3 3 2.564400e-14 0.000000e+00
42 198 1.307482e-03 5.205181e-02 0 2 3 3 1.987144e-14 0.000000e+00
42 199 1.307482e-03 6.552935e-02 0 2 3 3 1.458284e-14 0.000000e+00
43 180 1.646023e-03 8.249656e-04 0 2 3 3 7.952289e-14 0.000000e+00
43 181 1.646023e-03 1.038570e-03 0 2 3 3 7.933022e-14 0.000000e+00
43 182 1.646023e-03 1.307482e-03 0 2 3 3 7.897742e-14 0.000000e+00
43 183 1.646023e-03 1.646023e-03 0 2 3 3 7.828567e-14 0.000000e+00
43 184 1.646023e-03 2.072220e-03 0 2 3 3 7.701770e-14 0.000000e+00
43 185 1.646023e-03 2.608770e-03 0 2 3 3 7.520326e-14 0.000000e+00
43 186 1.646023e-03 3.284247e-03 0 2 3 3 7.300349e-14 0.000000e+00
43 187 1.646023e-03 4.134622e-03 0 2 3 3 7.051633e-14 0.000000e+00
43 188 1.646023e-03 5.205181e-03 0 2 3 3 6.776889e-14 0.000000e+00
43 189 1.646023e-03 6.552935e-03 0 2 3 3 6.473563e-14 0.000000e+00
43 190 1.646023e-03 8.249656e-03 0 2 3 3 6.135922e-14 0.000000e+00
43 191 1.646023e-03 1.038570e-02 0 2 3 3 5.757069e-14 0.000000e+00
43 192 1.646023e-03 1.307482e-02 0 2 3 3 5.330891e-14 0.000000e+00
43 193 1.646023e-03 1.646023e-02 0 2 3 3 4.853979e-14 0.000000e+00
43 194 1.646023e-03 2.072220e-02 0 2 3 3 4.327558e-14 0.000000e+00
43 195 1.646023e-03 2.608770e-02 0 2 3 3 3.759231e-14 0.000000e+00
43 196 1.646023e-03 3.284247e-02 0 2 3 3 3.164095e-14 0.000000e+00
43 197 1.646023e-03 4.134622e-02 0 2 3 3 2.564472e-14 0.000000e+00
43 198 1.646023e-03 5.205181e-02 0 2 3 3 1.987240e-14 0.000000e+00
43 199 1.646023e-03 6.552935e-02 0 2 3 3 1.458372e-14 0.000000e+00
44 180 2.072220e-03 8.249656e-04 0 2 3 3 7.765730e-14 0.000000e+00
44 181 2.072220e-03 1.038570e-03 0 2 3 3 7.755314e-14 0.000000e+00
44 182 2.072220e-03 1.307482e-03 0 2 3 3 7.736845e-14 0.000000e+00
44 183 2.072220e-03 1.646023e-03 0 2 3 3 7.701770e-14 0.000000e+00
44 184 2.072220e-03 2.072220e-03 0 2 3 3 7.627994e-14 0.000000e+00
44 185 2.072220e-03 2.608770e-03 0 2 3 3 7.485616e-14 0.000000e+00
44 186 2.072220e-03 3.284247e-03 0 2 3 3 7.282751e-14 0.000000e+00
44 187 2.072220e-03 4.134622e-03 0 2 3 3 7.040858e-14 0.000000e+00
44 188 2.072220e-03 5.205181e-03 0 2 3 3 6.769118e-14 0.000000e+00
44 189 2.072220e-03 6.552935e-03 0 2 3 3 6.467575e-14 0.000000e+00
44 190 2.072220e-03 8.249656e-03 0 2 3 3 6.131349e-14 0.000000e+00
44 191 2.072220e-03 1.038570e-02 0 2 3 3 5.753737e-14 0.000000e+00
44 192 2.072220e-03 1.307482e-02 0 2 3 3 5.328624e-14 0.000000e+00
44 193 2.072220e-03 1.646023e-02 0 2 3 3 4.852573e-14 0.000000e+00
44 194 2.072220e-03 2.072220e-02 0 2 3 3 4.326799e-14 0.000000e+00
44 195 2.072220e-03 2.608770e-02 0 2 3 3 3.758917e-14 0.000000e+00
44 196 2.072220e-03 3.284247e-02 0 2 3 3 3.164053e-14 0.000000e+00
44 197 2.072220e-03 4.134622e-02 0 2 3 3 2.564567e-14 0.000000e+00
44 198 2.072220e-03 5.205181e-02 0 2 3 3 1.987374e-14 0.000000e+00
44 199 2.072220e-03 6.552935e-02 0 2 3 3 1.458492e-14 0.000000e+00
45 180 2.608770e-03 8.249656e-04 0 2 3 3 7.553700e-14 0.000000e+00
45 181 2.608770e-03 1.038570e-03 0 2 3 3 7.547910e-14 0.000000e+00
45 182 2.608770e-03 1.307482e-03 0 2 3 3 7.538007e-14 0.000000e+00
45 183 2.608770e-03 1.646023e-03 0 2 3 3 7.520326e-14 0.000000e+00
45 184 2.608770e-03 2.072220e-03 0 2 3 3 7.485616e-14 0.000000e+00
45 185 2.608770e-03 2.608770e-03 0 2 3 3 7.407284e-14 0.000000e+00
45 186 2.608770e-03 3.284247e-03 0 2 3 3 7.247887e-14 0.000000e+00
45 187 2.608770e-03 4.134622e-03 0 2 3 3 7.022178e-14 0.000000e+00
45 188 2.608770e-03 5.205181e-03 0 2 3 3 6.756487e-14 0.000000e+00
45 189 2.608770e-03 6.552935e-03 0 2 3 3 6.458027e-14 0.000000e+00
45 190 2.608770e-03 8.249656e-03 0 2 3 3 6.124084e-14 0.000000e+00
45 191 2.608770e-03 1.038570e-02 0 2 3 3 5.748446e-14 0.000000e+00
45 192 2.608770e-03 1.307482e-02 0 2 3 3 5.325024e-14 0.000000e+00
45 193 2.608770e-03 1.646023e-02 0 2 3 3 4.850340e-14 0.000000e+00
45 194 2.608770e-03 2.072220e-02 0 2 3 3 4.325593e-14 0.000000e+00
45 195 2.608770e-03 2.608770e-02 0 2 3 3 3.758418e-14 0.000000e+00
45 196 2.608770e-03 3.284247e-02 0 2 3 3 3.163988e-14 0.000000e+00
45 197 2.608770e-03 4.134622e-02 0 2 3 3 2.564718e-14 0.000000e+00
45 198 2.608770e-03 5.205181e-02 0 2 3 3 1.987588e-14 0.000000e+00
45 199 2.608770e-03 6.552935e-02 0 2 3 3 1.458685e-14 0.000000e+00
46 180 3.284247e-03 8.249656e-04 0 2 3 3 7.319659e-14 0.000000e+00
46 181 3.284247e-03 1.038570e-03 0 2 3 3 7.316113e-14 0.000000e+00
46 182 3.284247e-03 1.307482e-03 0 2 3 3 7.310235e-14 0.000000e+00
46 183 3.284247e-03 1.646023e-03 0 2 3 3 7.300349e-14 0.000000e+00
46 184 3.284247e-03 2.072220e-03 0 2 3 3 7.282751e-14 0.000000e+00
46 185 3.284247e-03 2.608770e-03 0 2 3 3 7.247887e-14 0.000000e+00
46 186 3.284247e-03 3.284247e-03 0 2 3 3 7.164348e-14 0.000000e+00
46 187 3.284247e-03 4.134622e-03 0 2 3 3 6.985896e-14 0.000000e+00
46 188 3.284247e-03 5.205181e-03 0 2 3 3 6.735273e-14 0.000000e+00
46 189 3.284247e-03 6.552935e-03 0 2 3 3 6.442696e-14 0.000000e+00
46 190 3.284247e-03 8.249656e-03 0 2 3 3 6.112520e-14 0.000000e+00
46 191 3.284247e-03 1.038570e-02 0 2 3 3 5.740028e-14 0.000000e+00
46 192 3.284247e-03 1.307482e-02 0 2 3 3 5.319295e-14 0.000000e+00
46 193 3.284247e-03 1.646023e-02 0 2 3 3 4.846785e-14 0.000000e+00
46 194 3.284247e-03 2.072220e-02 0 2 3 3 4.323673e-14 0.000000e+00
46 195 3.284247e-03 2.608770e-02 0 2 3 3 3.757624e-14 0.000000e+00
46 196 3.284247e-03 3.284247e-02 0 2 3 3 3.163882e-14 0.000000e+00
46 197 3.284247e-03 4.134622e-02 0 2 3 3 2.564956e-14 0.000000e+00
46 198 3.284247e-03 5.205181e-02 0 2 3 3 1.987927e-14 0.000000e+00
46 199 3.284247e-03 6.552935e-02 0 2 3 3 1.458990e-14 0.000000e+00
47 180 4.134622e-03 8.249656e-04 0 2 3 3 7.064612e-14 0.000000e+00
47 181 4.134622e-03 1.038570e-03 0 2 3 3 7.062142e-14 0.000000e+00
47 182 4.134622e-03 1.307482e-03 0 2 3 3 7.058123e-14 0.000000e+00
47 183 4.134622e-03 1.646023e-03 0 2 3 3 7.051633e-14 0.000000e+00
47 184 4.134622e-03 2.072220e-03 0 2 3 3 7.040858e-14 0.000000e+00
47 185 4.134622e-03 2.608770e-03 0 2 3 3 7.022178e-14 0.000000e+00
47 186 4.134622e-03 3.284247e-03 0 2 3 3 6.985896e-14 0.000000e+00
47 187 4.134622e-03 4.134622e-03 0 2 3 3 6.895817e-14 0.000000e+00
47 188 4.134622e-03 5.205181e-03 0 2 3 3 6.695796e-14 0.000000e+00
47 189 4.134622e-03 6.552935e-03 0 2 3 3 6.417584e-14 0.000000e+00
47 190 4.134622e-03 8.249656e-03 0 2 3 3 6.094035e-14 0.000000e+00
47 191 4.134622e-03 1.038570e-02 0 2 3 3 5.726605e-14 0.000000e+00
47 192 4.134622e-03 1.307482e-02 0 2 3 3 5.310155e-14 0.000000e+00
47 193 4.134622e-03 1.646023e-02 0 2 3 3 4.841111e-14 0.000000e+00
47 194 4.134622e-03 2.072220e-02 0 2 3 3 4.320605e-14 0.000000e+00
47 195 4.134622e-03 2.608770e-02 0 2 3 3 3.756351e-14 0.000000e+00
47 196 4.134622e-03 3.284247e-02 0 2 3 3 3.163707e-14 0.000000e+00
47 197 4.134622e-03 4.134622e-02 0 2 3 3 2.565331e-14 0.000000e+00
47 198 4.134622e-03 5.205181e-02 0 2 3 3 1.988462e-14 0.000000e+00
47 199 4.134622e-03 6.552935e-02 0 2 3 3 1.459475e-14 0.000000e+00
48 180 5.205181e-03 8.249656e-04 0 2 3 3 6.786648e-14 0.000000e+00
48 181 5.205181e-03 1.038570e-03 0 2 3 3 6.784764e-14 0.000000e+00
48 182 5.205181e-03 1.307482e-03 0 2 3 3 6.781717e-14 0.000000e+00
48 183 5.205181e-03 1.646023e-03 0 2 3 3 6.776889e-14 0.000000e+00
48 184 5.205181e-03 2.072220e-03 0 2 3 3 6.769118e-14 0.000000e+00
48 185 5.205181e-03 2.608770e-03 0 2 3 3 6.756487e-14 0.000000e+00
48 186 5.205181e-03 3.284247e-03 0 2 3 3 6.735273e-14 0.000000e+00
48 187 5.205181e-03 4.134622e-03 0 2 3 3 6.695796e-14 0.000000e+00
48 188 5.205181e-03 5.205181e-03 0 2 3 3 6.597334e-14 0.000000e+00
48 189 5.205181e-03 6.552935e-03 0 2 3 3 6.373009e-14 0.000000e+00
48 190 5.205181e-03 8.249656e-03 0 2 3 3 6.064141e-14 0.000000e+00
48 191 5.205181e-03 1.038570e-02 0 2 3 3 5.705115e-14 0.000000e+00
48 192 5.205181e-03 1.307482e-02 0 2 3 3 5.295518e-14 0.000000e+00
48 193 5.205181e-03 1.646023e-02 0 2 3 3 4.832018e-14 0.000000e+00
48 194 5.205181e-03 2.072220e-02 0 2 3 3 4.315684e-14 0.000000e+00
48 195 5.205181e-03 2.608770e-02 0 2 3 3 3.754301e-14 0.000000e+00
48 196 5.205181e-03 3.284247e-02 0 2 3 3 3.163415e-14 0.000000e+00
48 197 5.205181e-03 4.134622e-02 0 2 3 3 2.565918e-14 0.000000e+00
48 198 5.205181e-03 5.205181e-02 0 2 3 3 1.989309e-14 0.000000e+00
48 199 5.205181e-03 6.552935e-02 0 2 3 3 1.460243e-14 0.000000e+00
49 180 6.552935e-03 8.249656e-04 0 2 3 3 6.481173e-14 0.000000e+00
49 181 6.552935e-03 1.038570e-03 0 2 3 3 6.479701e-14 0.000000e+00
49 182 6.552935e-03 1.307482e-03 0 2 3 3 6.477317e-14 0.000000e+00
49 183 6.552935e-03 1.646023e-03 0 2 3 3 6.473563e-14 0.000000e+00
49 184 6.552935e-03 2.072220e-03 0 2 3 3 6.467575e-14 0.000000e+00
49 185 6.552935e-03 2.608770e-03 0 2 3 3 6.458027e-14 0.000000e+00
49 186 6.552935e-03 3.284247e-03 0 2 3 3 6.442696e-14 0.000000e+00
49 187 6.552935e-03 4.134622e-03 0 2 3 3 6.417584e-14 0.000000e+00
49 188 6.552935e-03 5.205181e-03 0 2 3 3 6.373009e-14 0.000000e+00
49 189 6.552935e-03 6.552935e-03 0 2 3 3 6.264151e-14 0.000000e+00
49 190 6.552935e-03 8.249656e-03 0 2 3 3 6.012966e-14 0.000000e+00
49 191 6.552935e-03 1.038570e-02 0 2 3 3 5.670415e-14 0.000000e+00
49 192 6.552935e-03 1.307482e-02 0 2 3 3 5.271939e-14 0.000000e+00
49 193 6.552935e-03 1.646023e-02 0 2 3 3 4.817351e-14 0.000000e+00
49 194 6.552935e-03 2.072220e-02 0 2 3 3 4.307731e-14 0.000000e+00
49 195 6.552935e-03 2.608770e-02 0 2 3 3 3.750970e-14 0.000000e+00
49 196 6.552935e-03 3.284247e-02 0 2 3 3 3.162910e-14 0.000000e+00
49 197 6.552935e-03 4.134622e-02 0 2 3 3 2.566830e-14 0.000000e+00
49 198 6.552935e-03 5.205181e-02 0 2 3 3 1.990645e-14 0.000000e+00
49 199 6.552935e-03 6.552935e-02 0 2 3 3 1.461458e-14 0.000000e+00
50 180 8.249656e-03 8.249656e-04 0 2 3 3 6.141741e-14 0.000000e+00
50 181 8.249656e-03 1.038570e-03 0 2 3 3 6.140619e-14 0.000000e+00
50 182 8.249656e-03 1.307482e-03 0 2 3 3 6.138790e-14 0.000000e+00
50 183 8.249656e-03 1.646023e-03 0 2 3 3 6.135922e-14 0.000000e+00
50 184 8.249656e-03 2.072220e-03 0 2 3 3 6.131349e-14 0.000000e+00
50 185 8.249656e-03 2.608770e-03 0 2 3 3 6.124084e-14 0.000000e+00
50 186 8.249656e-03 3.284247e-03 0 2 3 3 6.112520e-14 0.000000e+00
50 187 8.249656e-03 4.134622e-03 0 2 3 3 6.094035e-14 0.000000e+00
50 188 8.249656e-03 5.205181e-03 0 2 3 3 6.064141e-14 0.000000e+00
50 189 8.249656e-03 6.552935e-03 0 2 3 3 6.012966e-14 0.000000e+00
50 190 8.249656e-03 8.249656e-03 0 2 3 3 5.892035e-14 0.000000e+00
50 191 8.249656e-03 1.038570e-02 0 2 3 3 5.612124e-14 0.000000e+00
50 192 8.249656e-03 1.307482e-02 0 2 3 3 5.233578e-14 0.000000e+00
50 193 8.249656e-03 1.646023e-02 0 2 3 3 4.793459e-14 0.000000e+00
50 194 8.249656e-03 2.072220e-02 0 2 3 3 4.294737e-14 0.000000e+00
50 195 8.249656e-03 2.608770e-02 0 2 3 3 3.745480e-14 0.000000e+00
50 196 8.249656e-03 3.284247e-02 0 2 3 3 3.162005e-14 0.000000e+00
50 197 8.249656e-03 4.134622e-02 0 2 3 3 2.568229e-14 0.000000e+00
50 198 8.249656e-03 5.205181e-02 0 2 3 3 1.992745e-14 0.000000e+00
50 199 8.249656e-03 6.552935e-02 0 2 3 3 1.463382e-14 0.000000e+00
51 180 1.038570e-02 8.249656e-04 0 2 3 3 5.761302e-14 0.000000e+00
51 181 1.038570e-02 1.038570e-03 0 2 3 3 5.760491e-14 0.000000e+00
51 182 1.038570e-02 1.307482e-03 0 2 3 3 5.759155e-14 0.000000e+00
51 183 1.038570e-02 1.646023e-03 0 2 3 3 5.757069e-14 0.000000e+00
51 184 1.038570e-02 2.072220e-03 0 2 3 3 5.753737e-14 0.000000e+00
51 185 1.038570e-02 2.608770e-03 0 2 3 3 5.748446e-14 0.000000e+00
51 186 1.038570e-02 3.284247e-03 0 2 3 3 5.740028e-14 0.000000e+00
51 187 1.038570e-02 4.134622e-03 0 2 3 3 5.726605e-14 0.000000e+00
51 188 1.038570e-02 5.205181e-03 0 2 3 3 5.705115e-14 0.000000e+00
51 189 1.038570e-02 6.552935e-03 0 2 3 3 5.670415e-14 0.000000e+00
51 190 1.038570e-02 8.249656e-03 0 2 3 3 5.612124e-14 0.000000e+00
51 191 1.038570e-02 1.038570e-02 0 2 3 3 5.478407e-14 0.000000e+00
51 192 1.038570e-02 1.307482e-02 0 2 3 3 5.169200e-14 0.000000e+00
51 193 1.038570e-02 1.646023e-02 0 2 3 3 4.753942e-14 0.000000e+00
51 194 1.038570e-02 2.072220e-02 0 2 3 3 4.273147e-14 0.000000e+00
51 195 1.038570e-02 2.608770e-02 0 2 3 3 3.736239e-14 0.000000e+00
51 196 1.038570e-02 3.284247e-02 0 2 3 3 3.160305e-14 0.000000e+00
51 197 1.038570e-02 4.134622e-02 0 2 3 3 2.570327e-14 0.000000e+00
51 198 1.038570e-02 5.205181e-02 0 2 3 3 1.996032e-14 0.000000e+00
51 199 1.038570e-02 6.552935e-02 0 2 3 3 1.466424e-14 0.000000e+00
52 180 1.307482e-02 8.249656e-04 0 2 3 3 5.333763e-14 0.000000e+00
52 181 1.307482e-02 1.038570e-03 0 2 3 3 5.333218e-14 0.000000e+00
52 182 1.307482e-02 1.307482e-03 0 2 3 3 5.332305e-14 0.000000e+00
52 183 1.307482e-02 1.646023e-03 0 2 3 3 5.330891e-14 0.000000e+00
52 184 1.307482e-02 2.072220e-03 0 2 3 3 5.328624e-14 0.000000e+00
52 185 1.307482e-02 2.608770e-03 0 2 3 3 5.325024e-14 0.000000e+00
52 186 1.307482e-02 3.284247e-03 0 2 3 3 5.319295e-14 0.000000e+00
52 187 1.307482e-02 4.134622e-03 0 2 3 3 5.310155e-14 0.000000e+00
52 188 1.307482e-02 5.205181e-03 0 2 3 3 5.295518e-14 0.000000e+00
52 189 1.307482e-02 6.552935e-03 0 2 3 3 5.271939e-14 0.000000e+00
52 190 1.307482e-02 8.249656e-03 0 2 3 3 5.233578e-14 0.000000e+00
52 191 1.307482e-02 1.038570e-02 0 2 3 3 5.169200e-14 0.000000e+00
52 192 1.307482e-02 1.307482e-02 0 2 3 3 5.023627e-14 0.000000e+00
52 193 1.307482e-02 1.646023e-02 0 2 3 3 4.686475e-14 0.000000e+00
52 194 1.307482e-02 2.072220e-02 0 2 3 3 4.236340e-14 0.000000e+00
52 195 1.307482e-02 2.608770e-02 0 2 3 3 3.720184e-14 0.000000e+00
52 196 1.307482e-02 3.284247e-02 0 2 3 3 3.156917e-14 0.000000e+00
52 197 1.307482e-02 4.134622e-02 0 2 3 3 2.573346e-14 0.000000e+00
52 198 1.307482e-02 5.205181e-02 0 2 3 3 2.001134e-14 0.000000e+00
52 199 1.307482e-02 6.552935e-02 0 2 3 3 1.471226e-14 0.000000e+00
53 180 1.646023e-02 8.249656e-04 0 2 3 3 4.855752e-14 0.000000e+00
53 181 1.646023e-02 1.038570e-03 0 2 3 3 4.855422e-14 0.000000e+00
53 182 1.646023e-02 1.307482e-03 0 2 3 3 4.854852e-14 0.000000e+00
53 183 1.646023e-02 1.646023e-03 0 2 3 3 4.853979e-14 0.000000e+00
53 184 1.646023e-02 2.072220e-03 0 2 3 3 4.852573e-14 0.000000e+00
53 185 1.646023e-02 2.608770e-03 0 2 3 3 4.850340e-14 0.000000e+00
53 186 1.646023e-02 3.284247e-03 0 2 3 3 4.846785e-14 0.000000e+00
53 187 1.646023e-02 4.134622e-03 0 2 3 3 4.841111e-14 0.000000e+00
53 188 1.646023e-02 5.205181e-03 0 2 3 3 4.832018e-14 0.000000e+00
53 189 1.646023e-02 6.552935e-03 0 2 3 3 4.817351e-14 0.000000e+00
53 190 1.646023e-02 8.249656e-03 0 2 3 3 4.793459e-14 0.000000e+00
53 191 1.646023e-02 1.038570e-02 0 2 3 3 4.753942e-14 0.000000e+00
53 192 1.646023e-02 1.307482e-02 0 2 3 3 4.686475e-14 0.000000e+00
53 193 1.646023e-02 1.646023e-02 0 2 3 3 4.532210e-14 0.000000e+00
53 194 1.646023e-02 2.072220e-02 0 2 3 3 4.170887e-14 0.000000e+00
53 195 1.646023e-02 2.608770e-02 0 2 3 3 3.691005e-14 0.000000e+00
53 196 1.646023e-02 3.284247e-02 0 2 3 3 3.149721e-14 0.000000e+00
53 197 1.646023e-02 4.134622e-02 0 2 3 3 2.577328e-14 0.000000e+00
53 198 1.646023e-02 5.205181e-02 0 2 3 3 2.008938e-14 0.000000e+00
53 199 1.646023e-02 6.552935e-02 0 2 3 3 1.478787e-14 0.000000e+00
54 180 2.072220e-02 8.249656e-04 0 2 3 3 4.328505e-14 0.000000e+00
54 181 2.072220e-02 1.038570e-03 0 2 3 3 4.328338e-14 0.000000e+00
54 182 2.072220e-02 1.307482e-03 0 2 3 3 4.328024e-14 0.000000e+00
54 183 2.072220e-02 1.646023e-03 0 2 3 3 4.327558e-14 0.000000e+00
54 184 2.072220e-02 2.072220e-03 0 2 3 3 4.326799e-14 0.000000e+00
54 185 2.072220e-02 2.608770e-03 0 2 3 3 4.325593e-14 0.000000e+00
54 186 2.072220e-02 3.284247e-03 0 2 3 3 4.323673e-14 0.000000e+00
54 187 2.072220e-02 4.134622e-03 0 2 3 3 4.320605e-14 0.000000e+00
54 188 2.072220e-02 5.205181e-03 0 2 3 3 4.315684e-14 0.000000e+00
54 189 2.072220e-02 6.552935e-03 0 2 3 3 4.307731e-14 0.000000e+00
54 190 2.072220e-02 8.249656e-03 0 2 3 3 4.294737e-14 0.000000e+00
54 191 2.072220e-02 1.038570e-02 0 2 3 3 4.273147e-14 0.000000e+00
54 192 2.072220e-02 1.307482e-02 0 2 3 3 4.236340e-14 0.000000e+00
54 193 2.072220e-02 1.646023e-02 0 2 3 3 4.170887e-14 0.000000e+00
54 194 2.072220e-02 2.072220e-02 0 2 3 3 4.013609e-14 0.000000e+00
54 195 2.072220e-02 2.608770e-02 0 2 3 3 3.634436e-14 0.000000e+00
54 196 2.072220e-02 3.284247e-02 0 2 3 3 3.133356e-14 0.000000e+00
54 197 2.072220e-02 4.134622e-02 0 2 3 3 2.581494e-14 0.000000e+00
54 198 2.072220e-02 5.205181e-02 0 2 3 3 2.020557e-14 0.000000e+00
54 199 2.072220e-02 6.552935e-02 0 2 3 3 1.490619e-14 0.000000e+00
55 180 2.608770e-02 8.249656e-04 0 2 3 3 3.759609e-14 0.000000e+00
55 181 2.608770e-02 1.038570e-03 0 2 3 3 3.759553e-14 0.000000e+00
55 182 2.608770e-02 1.307482e-03 0 2 3 3 3.759417e-14 0.000000e+00
55 183 2.608770e-02 1.646023e-03 0 2 3 3 3.759231e-14 0.000000e+00
55 184 2.608770e-02 2.072220e-03 0 2 3 3 3.758917e-14 0.000000e+00
55 185 2.608770e-02 2.608770e-03 0 2 3 3 3.758418e-14 0.000000e+00
55 186 2.608770e-02 3.284247e-03 0 2 3 3 3.757624e-14 0.000000e+00
55 187 2.608770e-02 4.134622e-03 0 2 3 3 3.756351e-14 0.000000e+00
55 188 2.608770e-02 5.205181e-03 0 2 3 3 3.754301e-14 0.000000e+00
55 189 2.608770e-02 6.552935e-03 0 2 3 3 3.750970e-14 0.000000e+00
55 190 2.608770e-02 8.249656e-03 0 2 3 3 3.745480e-14 0.000000e+00
55 191 2.608770e-02 1.038570e-02 0 2 3 3 3.736239e-14 0.000000e+00
55 192 2.608770e-02 1.307482e-02 0 2 3 3 3.720184e-14 0.000000e+00
55 193 2.608770e-02 1.646023e-02 0 2 3 3 3.691005e-14 0.000000e+00
55 194 2.608770e-02 2.072220e-02 0 2 3 3 3.634436e-14 0.000000e+00
55 195 2.608770e-02 2.608770e-02 0 2 3 3 3.482017e-14 0.000000e+00
55 196 2.608770e-02 3.284247e-02 0 2 3 3 3.093270e-14 0.000000e+00
55 197 2.608770e-02 4.134622e-02 0 2 3 3 2.582118e-14 0.000000e+00
55 198 2.608770e-02 5.205181e-02 0 2 3 3 2.036881e-14 0.000000e+00
55 199 2.608770e-02 6.552935e-02 0 2 3 3 1.508915e-14 0.000000e+00
56 180 3.284247e-02 8.249656e-04 0 2 3 3 3.164124e-14 0.000000e+00
56 181 3.284247e-02 1.038570e-03 0 2 3 3 3.164137e-14 0.000000e+00
56 182 3.284247e-02 1.307482e-03 0 2 3 3 3.164108e-14 0.000000e+00
56 183 3.284247e-02 1.646023e-03 0 2 3 3 3.164095e-14 0.000000e+00
56 184 3.284247e-02 2.072220e-03 0 2 3 3 3.164053e-14 0.000000e+00
56 185 3.284247e-02 2.608770e-03 0 2 3 3 3.163988e-14 0.000000e+00
56 186 3.284247e-02 3.284247e-03 0 2 3 3 3.163882e-14 0.000000e+00
56 187 3.284247e-02 4.134622e-03 0 2 3 3 3.163707e-14 0.000000e+00
56 188 3.284247e-02 5.205181e-03 0 2 3 3 3.163415e-14 0.000000e+00
56 189 3.284247e-02 6.552935e-03 0 2 3 3 3.162910e-14 0.000000e+00
56 190 3.284247e-02 8.249656e-03 0 2 3 3 3.162005e-14 0.000000e+00
56 191 3.284247e-02 1.038570e-02 0 2 3 3 3.160305e-14 0.000000e+00
56 192 3.284247e-02 1.307482e-02 0 2 3 3 3.156917e-14 0.000000e+00
56 193 3.284247e-02 1.646023e-02 0 2 3 3 3.149721e-14 0.000000e+00
56 194 3.284247e-02 2.072220e-02 0 2 3 3 3.133356e-14 0.000000e+00
56 195 3.284247e-02 2.608770e-02 0 2 3 3 3.093270e-14 0.000000e+00
56 196 3.284247e-02 3.284247e-02 0 2 3 3 2.954628e-14 0.000000e+00
56 197 3.284247e-02 4.134622e-02 0 2 3 3 2.565254e-14 0.000000e+00
56 198 3.284247e-02 5.205181e-02 0 2 3 3 2.056582e-14 0.000000e+00
56 199 3.284247e-02 6.552935e-02 0 2 3 3 1.536433e-14 0.000000e+00
57 180 4.134622e-02 8.249656e-04 0 2 3 3 2.564328e-14 0.000000e+00
57 181 4.134622e-02 1.038570e-03 0 2 3 3 2.564374e-14 0.000000e+00
57 182 4.134622e-02 1.307482e-03 0 2 3 3 2.564400e-14 0.000000e+00
57 183 4.134622e-02 1.646023e-03 0 2 3 3 2.564472e-14 0.000000e+00
57 184 4.134622e-02 2.072220e-03 0 2 3 3 2.564567e-14 0.000000e+00
57 185 4.134622e-02 2.608770e-03 0 2 3 3 2.564718e-14 0.000000e+00
57 186 4.134622e-02 3.284247e-03 0 2 3 3 2.564956e-14 0.000000e+00
57 187 4.134622e-02 4.134622e-03 0 2 3 3 2.565331e-14 0.000000e+00
57 188 4.134622e-02 5.205181e-03 0 2 3 3 2.565918e-14 0.000000e+00
57 189 4.134622e-02 6.552935e-03 0 2 3 3 2.566830e-14 0.000000e+00
57 190 4.134622e-02 8.249656e-03 0 2 3 3 2.568229e-14 0.000000e+00
57 191 4.134622e-02 1.038570e-02 0 2 3 3 2.570327e-14 0.000000e+00
57 192 4.134622e-02 1.307482e-02 0 2 3 3 2.573346e-14 0.000000e+00
57 193 4.134622e-02 1.646023e-02 0 2 3 3 2.577328e-14 0.000000e+00
57 194 4.134622e-02 2.072220e-02 0 2 3 3 2.581494e-14 0.000000e+00
57 195 4.134622e-02 2.608770e-02 0 2 3 3 2.582118e-14 0.000000e+00
57 196 4.134622e-02 3.284247e-02 0 2 3 3 2.565254e-14 0.000000e+00
57 197 4.134622e-02 4.134622e-02 0 2 3 3 2.448929e-14 0.000000e+00
57 198 4.134622e-02 5.205181e-02 0 2 3 3 2.067696e-14 0.000000e+00
57 199 4.134622e-02 6.552935e-02 0 2 3 3 1.574926e-14 0.000000e+00
58 180 5.205181e-02 8.249656e-04 0 2 3 3 1.987046e-14 0.000000e+00
58 181 5.205181e-02 1.038570e-03 0 2 3 3 1.987101e-14 0.000000e+00
58 182 5.205181e-02 1.307482e-03 0 2 3 3 1.987144e-14 0.000000e+00
58 183 5.205181e-02 1.646023e-03 0 2 3 3 1.987240e-14 0.000000e+00
58 184 5.205181e-02 2.072220e-03 0 2 3 3 1.987374e-14 0.000000e+00
58 185 5.205181e-02 2.608770e-03 0 2 3 3 1.987588e-14 0.000000e+00
58 186 5.205181e-02 3.284247e-03 0 2 3 3 1.987927e-14 0.000000e+00
58 187 5.205181e-02 4.134622e-03 0 2 3 3 1.988462e-14 0.000000e+00
58 188 5.205181e-02 5.205181e-03 0 2 3 3 1.989309e-14 0.000000e+00
58 189 5.205181e-02 6.552935e-03 0 2 3 3 1.990645e-14 0.000000e+00
58 190 5.205181e-02 8.249656e-03 0 2 3 3 1.992745e-14 0.000000e+00
58 191 5.205181e-02 1.038570e-02 0 2 3 3 1.996032e-14 0.000000e+00
58 192 5.205181e-02 1.307482e-02 0 2 3 3 2.001134e-14 0.000000e+00
58 193 5.205181e-02 1.646023e-02 0 2 3 3 2.008938e-14 0.000000e+00
58 194 5.205181e-02 2.072220e-02 0 2 3 3 2.020557e-14 0.000000e+00
58 195 5.205181e-02 2.608770e-02 0 2 3 3 2.036881e-14 0.000000e+00
58 196 5.205181e-02 3.284247e-02 0 2 3 3 2.056582e-14 0.000000e+00
58 197 5.205181e-02 4.134622e-02 0 2 3 3 2.067696e-14 0.000000e+00
58 198 5.205181e-02 5.205181e-02 0 2 3 3 1.981029e-14 0.000000e+00
58 199 5.205181e-02 6.552935e-02 0 2 3 3 1.616111e-14 0.000000e+00
59 180 6.552935e-02 8.249656e-04 0 2 3 3 1.458194e-14 0.000000e+00
59 181 6.552935e-02 1.038570e-03 0 2 3 3 1.458246e-14 0.000000e+00
59 182 6.552935e-02 1.307482e-03 0 2 3 3 1.458284e-14 0.000000e+00
59 183 6.552935e-02 1.646023e-03 0 2 3 3 1.458372e-14 0.000000e+00
59 184 6.552935e-02 2.072220e-03 0 2 3 3 1.458492e-14 0.000000e+00
59 185 6.552935e-02 2.608770e-03 0 2 3 3 1.458685e-14 0.000000e+00
59 186 6.552935e-02 3.284247e-03 0 2 3 3 1.458990e-14 0.000000e+00
59 187 6.552935e-02 4.134622e-03 0 2 3 3 1.459475e-14 0.000000e+00
59 188 6.552935e-02 5.205181e-03 0 2 3 3 1.460243e-14 0.000000e+00
59 189 6.552935e-02 6.552935e-03 0 2 3 3 1.461458e-14 0.000000e+00
59 190 6.552935e-02 8.249656e-03 0 2 3 3 1.463382e-14 0.000000e+00
59 191 6.552935e-02 1.038570e-02 0 2 3 3 1.466424e-14 0.000000e+00
59 192 6.552935e-02 1.307482e-02 0 2 3 3 1.471226e-14 0.000000e+00
59 193 6.552935e-02 1.646023e-02 0 2 3 3 1.478787e-14 0.000000e+00
59 194 6.552935e-02 2.072220e-02 0 2 3 3 1.490619e-14 0.000000e+00
59 195 6.552935e-02 2.608770e-02 0 2 3 3 1.508915e-14 0.000000e+00
59 196 6.552935e-02 3.284247e-02 0 2 3 3 1.536433e-14 0.000000e+00
59 197 6.552935e-02 4.134622e-02 0 2 3 3 1.574926e-14 0.000000e+00
59 198 6.552935e-02 5.205181e-02 0 2 3 3 1.616111e-14 0.000000e+00
59 199 6.552935e-02 6.552935e-02 0 2 3 3 1.564422e-14 0.000000e+00
