# Please cite the following papers in research using this covariance:
# arXiv: 1601.05779, https://arxiv.org/abs/1601.05779
# arXiv: 1911.11947, https://arxiv.org/abs/1911.11947
# arXiv: 2004.04833, https://arxiv.org/abs/2004.04833
########################################################
0 140 8.249656e-04 8.249656e-04 0 0 2 2 2.948271e-14 0.000000e+00
0 141 8.249656e-04 1.038570e-03 0 0 2 2 2.922082e-14 0.000000e+00
0 142 8.249656e-04 1.307482e-03 0 0 2 2 2.884130e-14 0.000000e+00
0 143 8.249656e-04 1.646023e-03 0 0 2 2 2.834281e-14 0.000000e+00
0 144 8.249656e-04 2.072220e-03 0 0 2 2 2.773376e-14 0.000000e+00
0 145 8.249656e-04 2.608770e-03 0 0 2 2 2.702895e-14 0.000000e+00
0 146 8.249656e-04 3.284247e-03 0 0 2 2 2.624443e-14 0.000000e+00
0 147 8.249656e-04 4.134622e-03 0 0 2 2 2.539245e-14 0.000000e+00
0 148 8.249656e-04 5.205181e-03 0 0 2 2 2.447716e-14 0.000000e+00
0 149 8.249656e-04 6.552935e-03 0 0 2 2 2.349250e-14 0.000000e+00
0 150 8.249656e-04 8.249656e-03 0 0 2 2 2.242255e-14 0.000000e+00
0 151 8.249656e-04 1.038570e-02 0 0 2 2 2.124425e-14 0.000000e+00
0 152 8.249656e-04 1.307482e-02 0 0 2 2 1.993184e-14 0.000000e+00
0 153 8.249656e-04 1.646023e-02 0 0 2 2 1.846231e-14 0.000000e+00
0 154 8.249656e-04 2.072220e-02 0 0 2 2 1.682164e-14 0.000000e+00
0 155 8.249656e-04 2.608770e-02 0 0 2 2 1.501129e-14 0.000000e+00
0 156 8.249656e-04 3.284247e-02 0 0 2 2 1.305444e-14 0.000000e+00
0 157 8.249656e-04 4.134622e-02 0 0 2 2 1.100038e-14 0.000000e+00
0 158 8.249656e-04 5.205181e-02 0 0 2 2 8.924572e-15 0.000000e+00
0 159 8.249656e-04 6.552935e-02 0 0 2 2 6.920709e-15 0.000000e+00
1 140 1.038570e-03 8.249656e-04 0 0 2 2 2.922082e-14 0.000000e+00
1 141 1.038570e-03 1.038570e-03 0 0 2 2 2.903047e-14 0.000000e+00
1 142 1.038570e-03 1.307482e-03 0 0 2 2 2.871939e-14 0.000000e+00
1 143 1.038570e-03 1.646023e-03 0 0 2 2 2.827092e-14 0.000000e+00
1 144 1.038570e-03 2.072220e-03 0 0 2 2 2.769409e-14 0.000000e+00
1 145 1.038570e-03 2.608770e-03 0 0 2 2 2.700794e-14 0.000000e+00
1 146 1.038570e-03 3.284247e-03 0 0 2 2 2.623315e-14 0.000000e+00
1 147 1.038570e-03 4.134622e-03 0 0 2 2 2.538575e-14 0.000000e+00
1 148 1.038570e-03 5.205181e-03 0 0 2 2 2.447252e-14 0.000000e+00
1 149 1.038570e-03 6.552935e-03 0 0 2 2 2.348889e-14 0.000000e+00
1 150 1.038570e-03 8.249656e-03 0 0 2 2 2.241966e-14 0.000000e+00
1 151 1.038570e-03 1.038570e-02 0 0 2 2 2.124201e-14 0.000000e+00
1 152 1.038570e-03 1.307482e-02 0 0 2 2 1.993021e-14 0.000000e+00
1 153 1.038570e-03 1.646023e-02 0 0 2 2 1.846122e-14 0.000000e+00
1 154 1.038570e-03 2.072220e-02 0 0 2 2 1.682099e-14 0.000000e+00
1 155 1.038570e-03 2.608770e-02 0 0 2 2 1.501098e-14 0.000000e+00
1 156 1.038570e-03 3.284247e-02 0 0 2 2 1.305438e-14 0.000000e+00
1 157 1.038570e-03 4.134622e-02 0 0 2 2 1.100047e-14 0.000000e+00
1 158 1.038570e-03 5.205181e-02 0 0 2 2 8.924734e-15 0.000000e+00
1 159 1.038570e-03 6.552935e-02 0 0 2 2 6.920895e-15 0.000000e+00
2 140 1.307482e-03 8.249656e-04 0 0 2 2 2.884130e-14 0.000000e+00
2 141 1.307482e-03 1.038570e-03 0 0 2 2 2.871939e-14 0.000000e+00
2 142 1.307482e-03 1.307482e-03 0 0 2 2 2.850473e-14 0.000000e+00
2 143 1.307482e-03 1.646023e-03 0 0 2 2 2.814375e-14 0.000000e+00
2 144 1.307482e-03 2.072220e-03 0 0 2 2 2.762474e-14 0.000000e+00
2 145 1.307482e-03 2.608770e-03 0 0 2 2 2.697181e-14 0.000000e+00
2 146 1.307482e-03 3.284247e-03 0 0 2 2 2.621407e-14 0.000000e+00
2 147 1.307482e-03 4.134622e-03 0 0 2 2 2.537458e-14 0.000000e+00
2 148 1.307482e-03 5.205181e-03 0 0 2 2 2.446484e-14 0.000000e+00
2 149 1.307482e-03 6.552935e-03 0 0 2 2 2.348291e-14 0.000000e+00
2 150 1.307482e-03 8.249656e-03 0 0 2 2 2.241483e-14 0.000000e+00
2 151 1.307482e-03 1.038570e-02 0 0 2 2 2.123821e-14 0.000000e+00
2 152 1.307482e-03 1.307482e-02 0 0 2 2 1.992736e-14 0.000000e+00
2 153 1.307482e-03 1.646023e-02 0 0 2 2 1.845923e-14 0.000000e+00
2 154 1.307482e-03 2.072220e-02 0 0 2 2 1.681972e-14 0.000000e+00
2 155 1.307482e-03 2.608770e-02 0 0 2 2 1.501026e-14 0.000000e+00
2 156 1.307482e-03 3.284247e-02 0 0 2 2 1.305403e-14 0.000000e+00
2 157 1.307482e-03 4.134622e-02 0 0 2 2 1.100036e-14 0.000000e+00
2 158 1.307482e-03 5.205181e-02 0 0 2 2 8.924756e-15 0.000000e+00
2 159 1.307482e-03 6.552935e-02 0 0 2 2 6.920961e-15 0.000000e+00
3 140 1.646023e-03 8.249656e-04 0 0 2 2 2.834281e-14 0.000000e+00
3 141 1.646023e-03 1.038570e-03 0 0 2 2 2.827092e-14 0.000000e+00
3 142 1.646023e-03 1.307482e-03 0 0 2 2 2.814375e-14 0.000000e+00
3 143 1.646023e-03 1.646023e-03 0 0 2 2 2.790872e-14 0.000000e+00
3 144 1.646023e-03 2.072220e-03 0 0 2 2 2.749727e-14 0.000000e+00
3 145 1.646023e-03 2.608770e-03 0 0 2 2 2.690739e-14 0.000000e+00
3 146 1.646023e-03 3.284247e-03 0 0 2 2 2.618141e-14 0.000000e+00
3 147 1.646023e-03 4.134622e-03 0 0 2 2 2.535627e-14 0.000000e+00
3 148 1.646023e-03 5.205181e-03 0 0 2 2 2.445263e-14 0.000000e+00
3 149 1.646023e-03 6.552935e-03 0 0 2 2 2.347356e-14 0.000000e+00
3 150 1.646023e-03 8.249656e-03 0 0 2 2 2.240734e-14 0.000000e+00
3 151 1.646023e-03 1.038570e-02 0 0 2 2 2.123234e-14 0.000000e+00
3 152 1.646023e-03 1.307482e-02 0 0 2 2 1.992302e-14 0.000000e+00
3 153 1.646023e-03 1.646023e-02 0 0 2 2 1.845625e-14 0.000000e+00
3 154 1.646023e-03 2.072220e-02 0 0 2 2 1.681786e-14 0.000000e+00
3 155 1.646023e-03 2.608770e-02 0 0 2 2 1.500926e-14 0.000000e+00
3 156 1.646023e-03 3.284247e-02 0 0 2 2 1.305364e-14 0.000000e+00
3 157 1.646023e-03 4.134622e-02 0 0 2 2 1.100035e-14 0.000000e+00
3 158 1.646023e-03 5.205181e-02 0 0 2 2 8.924939e-15 0.000000e+00
3 159 1.646023e-03 6.552935e-02 0 0 2 2 6.921205e-15 0.000000e+00
4 140 2.072220e-03 8.249656e-04 0 0 2 2 2.773376e-14 0.000000e+00
4 141 2.072220e-03 1.038570e-03 0 0 2 2 2.769409e-14 0.000000e+00
4 142 2.072220e-03 1.307482e-03 0 0 2 2 2.762474e-14 0.000000e+00
4 143 2.072220e-03 1.646023e-03 0 0 2 2 2.749727e-14 0.000000e+00
4 144 2.072220e-03 2.072220e-03 0 0 2 2 2.724554e-14 0.000000e+00
4 145 2.072220e-03 2.608770e-03 0 0 2 2 2.678297e-14 0.000000e+00
4 146 2.072220e-03 3.284247e-03 0 0 2 2 2.612177e-14 0.000000e+00
4 147 2.072220e-03 4.134622e-03 0 0 2 2 2.532483e-14 0.000000e+00
4 148 2.072220e-03 5.205181e-03 0 0 2 2 2.443260e-14 0.000000e+00
4 149 2.072220e-03 6.552935e-03 0 0 2 2 2.345853e-14 0.000000e+00
4 150 2.072220e-03 8.249656e-03 0 0 2 2 2.239534e-14 0.000000e+00
4 151 2.072220e-03 1.038570e-02 0 0 2 2 2.122293e-14 0.000000e+00
4 152 2.072220e-03 1.307482e-02 0 0 2 2 1.991602e-14 0.000000e+00
4 153 2.072220e-03 1.646023e-02 0 0 2 2 1.845140e-14 0.000000e+00
4 154 2.072220e-03 2.072220e-02 0 0 2 2 1.681481e-14 0.000000e+00
4 155 2.072220e-03 2.608770e-02 0 0 2 2 1.500758e-14 0.000000e+00
4 156 2.072220e-03 3.284247e-02 0 0 2 2 1.305292e-14 0.000000e+00
4 157 2.072220e-03 4.134622e-02 0 0 2 2 1.100022e-14 0.000000e+00
4 158 2.072220e-03 5.205181e-02 0 0 2 2 8.925122e-15 0.000000e+00
4 159 2.072220e-03 6.552935e-02 0 0 2 2 6.921488e-15 0.000000e+00
5 140 2.608770e-03 8.249656e-04 0 0 2 2 2.702895e-14 0.000000e+00
5 141 2.608770e-03 1.038570e-03 0 0 2 2 2.700794e-14 0.000000e+00
5 142 2.608770e-03 1.307482e-03 0 0 2 2 2.697181e-14 0.000000e+00
5 143 2.608770e-03 1.646023e-03 0 0 2 2 2.690739e-14 0.000000e+00
5 144 2.608770e-03 2.072220e-03 0 0 2 2 2.678297e-14 0.000000e+00
5 145 2.608770e-03 2.608770e-03 0 0 2 2 2.651759e-14 0.000000e+00
5 146 2.608770e-03 3.284247e-03 0 0 2 2 2.600182e-14 0.000000e+00
5 147 2.608770e-03 4.134622e-03 0 0 2 2 2.526773e-14 0.000000e+00
5 148 2.608770e-03 5.205181e-03 0 0 2 2 2.439915e-14 0.000000e+00
5 149 2.608770e-03 6.552935e-03 0 0 2 2 2.343440e-14 0.000000e+00
5 150 2.608770e-03 8.249656e-03 0 0 2 2 2.237630e-14 0.000000e+00
5 151 2.608770e-03 1.038570e-02 0 0 2 2 2.120801e-14 0.000000e+00
5 152 2.608770e-03 1.307482e-02 0 0 2 2 1.990492e-14 0.000000e+00
5 153 2.608770e-03 1.646023e-02 0 0 2 2 1.844373e-14 0.000000e+00
5 154 2.608770e-03 2.072220e-02 0 0 2 2 1.680997e-14 0.000000e+00
5 155 2.608770e-03 2.608770e-02 0 0 2 2 1.500491e-14 0.000000e+00
5 156 2.608770e-03 3.284247e-02 0 0 2 2 1.305177e-14 0.000000e+00
5 157 2.608770e-03 4.134622e-02 0 0 2 2 1.100003e-14 0.000000e+00
5 158 2.608770e-03 5.205181e-02 0 0 2 2 8.925424e-15 0.000000e+00
5 159 2.608770e-03 6.552935e-02 0 0 2 2 6.921950e-15 0.000000e+00
6 140 3.284247e-03 8.249656e-04 0 0 2 2 2.624443e-14 0.000000e+00
6 141 3.284247e-03 1.038570e-03 0 0 2 2 2.623315e-14 0.000000e+00
6 142 3.284247e-03 1.307482e-03 0 0 2 2 2.621407e-14 0.000000e+00
6 143 3.284247e-03 1.646023e-03 0 0 2 2 2.618141e-14 0.000000e+00
6 144 3.284247e-03 2.072220e-03 0 0 2 2 2.612177e-14 0.000000e+00
6 145 3.284247e-03 2.608770e-03 0 0 2 2 2.600182e-14 0.000000e+00
6 146 3.284247e-03 3.284247e-03 0 0 2 2 2.572378e-14 0.000000e+00
6 147 3.284247e-03 4.134622e-03 0 0 2 2 2.515064e-14 0.000000e+00
6 148 3.284247e-03 5.205181e-03 0 0 2 2 2.434013e-14 0.000000e+00
6 149 3.284247e-03 6.552935e-03 0 0 2 2 2.339507e-14 0.000000e+00
6 150 3.284247e-03 8.249656e-03 0 0 2 2 2.234597e-14 0.000000e+00
6 151 3.284247e-03 1.038570e-02 0 0 2 2 2.118433e-14 0.000000e+00
6 152 3.284247e-03 1.307482e-02 0 0 2 2 1.988730e-14 0.000000e+00
6 153 3.284247e-03 1.646023e-02 0 0 2 2 1.843153e-14 0.000000e+00
6 154 3.284247e-03 2.072220e-02 0 0 2 2 1.680228e-14 0.000000e+00
6 155 3.284247e-03 2.608770e-02 0 0 2 2 1.500067e-14 0.000000e+00
6 156 3.284247e-03 3.284247e-02 0 0 2 2 1.304996e-14 0.000000e+00
6 157 3.284247e-03 4.134622e-02 0 0 2 2 1.099973e-14 0.000000e+00
6 158 3.284247e-03 5.205181e-02 0 0 2 2 8.925903e-15 0.000000e+00
6 159 3.284247e-03 6.552935e-02 0 0 2 2 6.922682e-15 0.000000e+00
7 140 4.134622e-03 8.249656e-04 0 0 2 2 2.539245e-14 0.000000e+00
7 141 4.134622e-03 1.038570e-03 0 0 2 2 2.538575e-14 0.000000e+00
7 142 4.134622e-03 1.307482e-03 0 0 2 2 2.537458e-14 0.000000e+00
7 143 4.134622e-03 1.646023e-03 0 0 2 2 2.535627e-14 0.000000e+00
7 144 4.134622e-03 2.072220e-03 0 0 2 2 2.532483e-14 0.000000e+00
7 145 4.134622e-03 2.608770e-03 0 0 2 2 2.526773e-14 0.000000e+00
7 146 4.134622e-03 3.284247e-03 0 0 2 2 2.515064e-14 0.000000e+00
7 147 4.134622e-03 4.134622e-03 0 0 2 2 2.485827e-14 0.000000e+00
7 148 4.134622e-03 5.205181e-03 0 0 2 2 2.422135e-14 0.000000e+00
7 149 4.134622e-03 6.552935e-03 0 0 2 2 2.332849e-14 0.000000e+00
7 150 4.134622e-03 8.249656e-03 0 0 2 2 2.229736e-14 0.000000e+00
7 151 4.134622e-03 1.038570e-02 0 0 2 2 2.114672e-14 0.000000e+00
7 152 4.134622e-03 1.307482e-02 0 0 2 2 1.985931e-14 0.000000e+00
7 153 4.134622e-03 1.646023e-02 0 0 2 2 1.841214e-14 0.000000e+00
7 154 4.134622e-03 2.072220e-02 0 0 2 2 1.679004e-14 0.000000e+00
7 155 4.134622e-03 2.608770e-02 0 0 2 2 1.499393e-14 0.000000e+00
7 156 4.134622e-03 3.284247e-02 0 0 2 2 1.304706e-14 0.000000e+00
7 157 4.134622e-03 4.134622e-02 0 0 2 2 1.099924e-14 0.000000e+00
7 158 4.134622e-03 5.205181e-02 0 0 2 2 8.926659e-15 0.000000e+00
7 159 4.134622e-03 6.552935e-02 0 0 2 2 6.923842e-15 0.000000e+00
8 140 5.205181e-03 8.249656e-04 0 0 2 2 2.447716e-14 0.000000e+00
8 141 5.205181e-03 1.038570e-03 0 0 2 2 2.447252e-14 0.000000e+00
8 142 5.205181e-03 1.307482e-03 0 0 2 2 2.446484e-14 0.000000e+00
8 143 5.205181e-03 1.646023e-03 0 0 2 2 2.445263e-14 0.000000e+00
8 144 5.205181e-03 2.072220e-03 0 0 2 2 2.443260e-14 0.000000e+00
8 145 5.205181e-03 2.608770e-03 0 0 2 2 2.439915e-14 0.000000e+00
8 146 5.205181e-03 3.284247e-03 0 0 2 2 2.434013e-14 0.000000e+00
8 147 5.205181e-03 4.134622e-03 0 0 2 2 2.422135e-14 0.000000e+00
8 148 5.205181e-03 5.205181e-03 0 0 2 2 2.391026e-14 0.000000e+00
8 149 5.205181e-03 6.552935e-03 0 0 2 2 2.320126e-14 0.000000e+00
8 150 5.205181e-03 8.249656e-03 0 0 2 2 2.221773e-14 0.000000e+00
8 151 5.205181e-03 1.038570e-02 0 0 2 2 2.108681e-14 0.000000e+00
8 152 5.205181e-03 1.307482e-02 0 0 2 2 1.981477e-14 0.000000e+00
8 153 5.205181e-03 1.646023e-02 0 0 2 2 1.838123e-14 0.000000e+00
8 154 5.205181e-03 2.072220e-02 0 0 2 2 1.677053e-14 0.000000e+00
8 155 5.205181e-03 2.608770e-02 0 0 2 2 1.498316e-14 0.000000e+00
8 156 5.205181e-03 3.284247e-02 0 0 2 2 1.304243e-14 0.000000e+00
8 157 5.205181e-03 4.134622e-02 0 0 2 2 1.099844e-14 0.000000e+00
8 158 5.205181e-03 5.205181e-02 0 0 2 2 8.927846e-15 0.000000e+00
8 159 5.205181e-03 6.552935e-02 0 0 2 2 6.925678e-15 0.000000e+00
9 140 6.552935e-03 8.249656e-04 0 0 2 2 2.349250e-14 0.000000e+00
9 141 6.552935e-03 1.038570e-03 0 0 2 2 2.348889e-14 0.000000e+00
9 142 6.552935e-03 1.307482e-03 0 0 2 2 2.348291e-14 0.000000e+00
9 143 6.552935e-03 1.646023e-03 0 0 2 2 2.347356e-14 0.000000e+00
9 144 6.552935e-03 2.072220e-03 0 0 2 2 2.345853e-14 0.000000e+00
9 145 6.552935e-03 2.608770e-03 0 0 2 2 2.343440e-14 0.000000e+00
9 146 6.552935e-03 3.284247e-03 0 0 2 2 2.339507e-14 0.000000e+00
9 147 6.552935e-03 4.134622e-03 0 0 2 2 2.332849e-14 0.000000e+00
9 148 6.552935e-03 5.205181e-03 0 0 2 2 2.320126e-14 0.000000e+00
9 149 6.552935e-03 6.552935e-03 0 0 2 2 2.286487e-14 0.000000e+00
9 150 6.552935e-03 8.249656e-03 0 0 2 2 2.207456e-14 0.000000e+00
9 151 6.552935e-03 1.038570e-02 0 0 2 2 2.099033e-14 0.000000e+00
9 152 6.552935e-03 1.307482e-02 0 0 2 2 1.974371e-14 0.000000e+00
9 153 6.552935e-03 1.646023e-02 0 0 2 2 1.833183e-14 0.000000e+00
9 154 6.552935e-03 2.072220e-02 0 0 2 2 1.673929e-14 0.000000e+00
9 155 6.552935e-03 2.608770e-02 0 0 2 2 1.496591e-14 0.000000e+00
9 156 6.552935e-03 3.284247e-02 0 0 2 2 1.303498e-14 0.000000e+00
9 157 6.552935e-03 4.134622e-02 0 0 2 2 1.099712e-14 0.000000e+00
9 158 6.552935e-03 5.205181e-02 0 0 2 2 8.929703e-15 0.000000e+00
9 159 6.552935e-03 6.552935e-02 0 0 2 2 6.928576e-15 0.000000e+00
10 140 8.249656e-03 8.249656e-04 0 0 2 2 2.242255e-14 0.000000e+00
10 141 8.249656e-03 1.038570e-03 0 0 2 2 2.241966e-14 0.000000e+00
10 142 8.249656e-03 1.307482e-03 0 0 2 2 2.241483e-14 0.000000e+00
10 143 8.249656e-03 1.646023e-03 0 0 2 2 2.240734e-14 0.000000e+00
10 144 8.249656e-03 2.072220e-03 0 0 2 2 2.239534e-14 0.000000e+00
10 145 8.249656e-03 2.608770e-03 0 0 2 2 2.237630e-14 0.000000e+00
10 146 8.249656e-03 3.284247e-03 0 0 2 2 2.234597e-14 0.000000e+00
10 147 8.249656e-03 4.134622e-03 0 0 2 2 2.229736e-14 0.000000e+00
10 148 8.249656e-03 5.205181e-03 0 0 2 2 2.221773e-14 0.000000e+00
10 149 8.249656e-03 6.552935e-03 0 0 2 2 2.207456e-14 0.000000e+00
10 150 8.249656e-03 8.249656e-03 0 0 2 2 2.170537e-14 0.000000e+00
10 151 8.249656e-03 1.038570e-02 0 0 2 2 2.082492e-14 0.000000e+00
10 152 8.249656e-03 1.307482e-02 0 0 2 2 1.962963e-14 0.000000e+00
10 153 8.249656e-03 1.646023e-02 0 0 2 2 1.825252e-14 0.000000e+00
10 154 8.249656e-03 2.072220e-02 0 0 2 2 1.668900e-14 0.000000e+00
10 155 8.249656e-03 2.608770e-02 0 0 2 2 1.493807e-14 0.000000e+00
10 156 8.249656e-03 3.284247e-02 0 0 2 2 1.302290e-14 0.000000e+00
10 157 8.249656e-03 4.134622e-02 0 0 2 2 1.099489e-14 0.000000e+00
10 158 8.249656e-03 5.205181e-02 0 0 2 2 8.932581e-15 0.000000e+00
10 159 8.249656e-03 6.552935e-02 0 0 2 2 6.933146e-15 0.000000e+00
11 140 1.038570e-02 8.249656e-04 0 0 2 2 2.124425e-14 0.000000e+00
11 141 1.038570e-02 1.038570e-03 0 0 2 2 2.124201e-14 0.000000e+00
11 142 1.038570e-02 1.307482e-03 0 0 2 2 2.123821e-14 0.000000e+00
11 143 1.038570e-02 1.646023e-03 0 0 2 2 2.123234e-14 0.000000e+00
11 144 1.038570e-02 2.072220e-03 0 0 2 2 2.122293e-14 0.000000e+00
11 145 1.038570e-02 2.608770e-03 0 0 2 2 2.120801e-14 0.000000e+00
11 146 1.038570e-02 3.284247e-03 0 0 2 2 2.118433e-14 0.000000e+00
11 147 1.038570e-02 4.134622e-03 0 0 2 2 2.114672e-14 0.000000e+00
11 148 1.038570e-02 5.205181e-03 0 0 2 2 2.108681e-14 0.000000e+00
11 149 1.038570e-02 6.552935e-03 0 0 2 2 2.099033e-14 0.000000e+00
11 150 1.038570e-02 8.249656e-03 0 0 2 2 2.082492e-14 0.000000e+00
11 151 1.038570e-02 1.038570e-02 0 0 2 2 2.041626e-14 0.000000e+00
11 152 1.038570e-02 1.307482e-02 0 0 2 2 1.943904e-14 0.000000e+00
11 153 1.038570e-02 1.646023e-02 0 0 2 2 1.812424e-14 0.000000e+00
11 154 1.038570e-02 2.072220e-02 0 0 2 2 1.660734e-14 0.000000e+00
11 155 1.038570e-02 2.608770e-02 0 0 2 2 1.489269e-14 0.000000e+00
11 156 1.038570e-02 3.284247e-02 0 0 2 2 1.300307e-14 0.000000e+00
11 157 1.038570e-02 4.134622e-02 0 0 2 2 1.099101e-14 0.000000e+00
11 158 1.038570e-02 5.205181e-02 0 0 2 2 8.936983e-15 0.000000e+00
11 159 1.038570e-02 6.552935e-02 0 0 2 2 6.940328e-15 0.000000e+00
12 140 1.307482e-02 8.249656e-04 0 0 2 2 1.993184e-14 0.000000e+00
12 141 1.307482e-02 1.038570e-03 0 0 2 2 1.993021e-14 0.000000e+00
12 142 1.307482e-02 1.307482e-03 0 0 2 2 1.992736e-14 0.000000e+00
12 143 1.307482e-02 1.646023e-03 0 0 2 2 1.992302e-14 0.000000e+00
12 144 1.307482e-02 2.072220e-03 0 0 2 2 1.991602e-14 0.000000e+00
12 145 1.307482e-02 2.608770e-03 0 0 2 2 1.990492e-14 0.000000e+00
12 146 1.307482e-02 3.284247e-03 0 0 2 2 1.988730e-14 0.000000e+00
12 147 1.307482e-02 4.134622e-03 0 0 2 2 1.985931e-14 0.000000e+00
12 148 1.307482e-02 5.205181e-03 0 0 2 2 1.981477e-14 0.000000e+00
12 149 1.307482e-02 6.552935e-03 0 0 2 2 1.974371e-14 0.000000e+00
12 150 1.307482e-02 8.249656e-03 0 0 2 2 1.962963e-14 0.000000e+00
12 151 1.307482e-02 1.038570e-02 0 0 2 2 1.943904e-14 0.000000e+00
12 152 1.307482e-02 1.307482e-02 0 0 2 2 1.898731e-14 0.000000e+00
12 153 1.307482e-02 1.646023e-02 0 0 2 2 1.791091e-14 0.000000e+00
12 154 1.307482e-02 2.072220e-02 0 0 2 2 1.647310e-14 0.000000e+00
12 155 1.307482e-02 2.608770e-02 0 0 2 2 1.481761e-14 0.000000e+00
12 156 1.307482e-02 3.284247e-02 0 0 2 2 1.296985e-14 0.000000e+00
12 157 1.307482e-02 4.134622e-02 0 0 2 2 1.098395e-14 0.000000e+00
12 158 1.307482e-02 5.205181e-02 0 0 2 2 8.943548e-15 0.000000e+00
12 159 1.307482e-02 6.552935e-02 0 0 2 2 6.951558e-15 0.000000e+00
13 140 1.646023e-02 8.249656e-04 0 0 2 2 1.846231e-14 0.000000e+00
13 141 1.646023e-02 1.038570e-03 0 0 2 2 1.846122e-14 0.000000e+00
13 142 1.646023e-02 1.307482e-03 0 0 2 2 1.845923e-14 0.000000e+00
13 143 1.646023e-02 1.646023e-03 0 0 2 2 1.845625e-14 0.000000e+00
13 144 1.646023e-02 2.072220e-03 0 0 2 2 1.845140e-14 0.000000e+00
13 145 1.646023e-02 2.608770e-03 0 0 2 2 1.844373e-14 0.000000e+00
13 146 1.646023e-02 3.284247e-03 0 0 2 2 1.843153e-14 0.000000e+00
13 147 1.646023e-02 4.134622e-03 0 0 2 2 1.841214e-14 0.000000e+00
13 148 1.646023e-02 5.205181e-03 0 0 2 2 1.838123e-14 0.000000e+00
13 149 1.646023e-02 6.552935e-03 0 0 2 2 1.833183e-14 0.000000e+00
13 150 1.646023e-02 8.249656e-03 0 0 2 2 1.825252e-14 0.000000e+00
13 151 1.646023e-02 1.038570e-02 0 0 2 2 1.812424e-14 0.000000e+00
13 152 1.646023e-02 1.307482e-02 0 0 2 2 1.791091e-14 0.000000e+00
13 153 1.646023e-02 1.646023e-02 0 0 2 2 1.741801e-14 0.000000e+00
13 154 1.646023e-02 2.072220e-02 0 0 2 2 1.624646e-14 0.000000e+00
13 155 1.646023e-02 2.608770e-02 0 0 2 2 1.469052e-14 0.000000e+00
13 156 1.646023e-02 3.284247e-02 0 0 2 2 1.291259e-14 0.000000e+00
13 157 1.646023e-02 4.134622e-02 0 0 2 2 1.097045e-14 0.000000e+00
13 158 1.646023e-02 5.205181e-02 0 0 2 2 8.952901e-15 0.000000e+00
13 159 1.646023e-02 6.552935e-02 0 0 2 2 6.968960e-15 0.000000e+00
14 140 2.072220e-02 8.249656e-04 0 0 2 2 1.682164e-14 0.000000e+00
14 141 2.072220e-02 1.038570e-03 0 0 2 2 1.682099e-14 0.000000e+00
14 142 2.072220e-02 1.307482e-03 0 0 2 2 1.681972e-14 0.000000e+00
14 143 2.072220e-02 1.646023e-03 0 0 2 2 1.681786e-14 0.000000e+00
14 144 2.072220e-02 2.072220e-03 0 0 2 2 1.681481e-14 0.000000e+00
14 145 2.072220e-02 2.608770e-03 0 0 2 2 1.680997e-14 0.000000e+00
14 146 2.072220e-02 3.284247e-03 0 0 2 2 1.680228e-14 0.000000e+00
14 147 2.072220e-02 4.134622e-03 0 0 2 2 1.679004e-14 0.000000e+00
14 148 2.072220e-02 5.205181e-03 0 0 2 2 1.677053e-14 0.000000e+00
14 149 2.072220e-02 6.552935e-03 0 0 2 2 1.673929e-14 0.000000e+00
14 150 2.072220e-02 8.249656e-03 0 0 2 2 1.668900e-14 0.000000e+00
14 151 2.072220e-02 1.038570e-02 0 0 2 2 1.660734e-14 0.000000e+00
14 152 2.072220e-02 1.307482e-02 0 0 2 2 1.647310e-14 0.000000e+00
14 153 2.072220e-02 1.646023e-02 0 0 2 2 1.624646e-14 0.000000e+00
14 154 2.072220e-02 2.072220e-02 0 0 2 2 1.572200e-14 0.000000e+00
14 155 2.072220e-02 2.608770e-02 0 0 2 2 1.446758e-14 0.000000e+00
14 156 2.072220e-02 3.284247e-02 0 0 2 2 1.280974e-14 0.000000e+00
14 157 2.072220e-02 4.134622e-02 0 0 2 2 1.094294e-14 0.000000e+00
14 158 2.072220e-02 5.205181e-02 0 0 2 2 8.964980e-15 0.000000e+00
14 159 2.072220e-02 6.552935e-02 0 0 2 2 6.995511e-15 0.000000e+00
15 140 2.608770e-02 8.249656e-04 0 0 2 2 1.501129e-14 0.000000e+00
15 141 2.608770e-02 1.038570e-03 0 0 2 2 1.501098e-14 0.000000e+00
15 142 2.608770e-02 1.307482e-03 0 0 2 2 1.501026e-14 0.000000e+00
15 143 2.608770e-02 1.646023e-03 0 0 2 2 1.500926e-14 0.000000e+00
15 144 2.608770e-02 2.072220e-03 0 0 2 2 1.500758e-14 0.000000e+00
15 145 2.608770e-02 2.608770e-03 0 0 2 2 1.500491e-14 0.000000e+00
15 146 2.608770e-02 3.284247e-03 0 0 2 2 1.500067e-14 0.000000e+00
15 147 2.608770e-02 4.134622e-03 0 0 2 2 1.499393e-14 0.000000e+00
15 148 2.608770e-02 5.205181e-03 0 0 2 2 1.498316e-14 0.000000e+00
15 149 2.608770e-02 6.552935e-03 0 0 2 2 1.496591e-14 0.000000e+00
15 150 2.608770e-02 8.249656e-03 0 0 2 2 1.493807e-14 0.000000e+00
15 151 2.608770e-02 1.038570e-02 0 0 2 2 1.489269e-14 0.000000e+00
15 152 2.608770e-02 1.307482e-02 0 0 2 2 1.481761e-14 0.000000e+00
15 153 2.608770e-02 1.646023e-02 0 0 2 2 1.469052e-14 0.000000e+00
15 154 2.608770e-02 2.072220e-02 0 0 2 2 1.446758e-14 0.000000e+00
15 155 2.608770e-02 2.608770e-02 0 0 2 2 1.393014e-14 0.000000e+00
15 156 2.608770e-02 3.284247e-02 0 0 2 2 1.261416e-14 0.000000e+00
15 157 2.608770e-02 4.134622e-02 0 0 2 2 1.088288e-14 0.000000e+00
15 158 2.608770e-02 5.205181e-02 0 0 2 2 8.976807e-15 0.000000e+00
15 159 2.608770e-02 6.552935e-02 0 0 2 2 7.034854e-15 0.000000e+00
16 140 3.284247e-02 8.249656e-04 0 0 2 2 1.305444e-14 0.000000e+00
16 141 3.284247e-02 1.038570e-03 0 0 2 2 1.305438e-14 0.000000e+00
16 142 3.284247e-02 1.307482e-03 0 0 2 2 1.305403e-14 0.000000e+00
16 143 3.284247e-02 1.646023e-03 0 0 2 2 1.305364e-14 0.000000e+00
16 144 3.284247e-02 2.072220e-03 0 0 2 2 1.305292e-14 0.000000e+00
16 145 3.284247e-02 2.608770e-03 0 0 2 2 1.305177e-14 0.000000e+00
16 146 3.284247e-02 3.284247e-03 0 0 2 2 1.304996e-14 0.000000e+00
16 147 3.284247e-02 4.134622e-03 0 0 2 2 1.304706e-14 0.000000e+00
16 148 3.284247e-02 5.205181e-03 0 0 2 2 1.304243e-14 0.000000e+00
16 149 3.284247e-02 6.552935e-03 0 0 2 2 1.303498e-14 0.000000e+00
16 150 3.284247e-02 8.249656e-03 0 0 2 2 1.302290e-14 0.000000e+00
16 151 3.284247e-02 1.038570e-02 0 0 2 2 1.300307e-14 0.000000e+00
16 152 3.284247e-02 1.307482e-02 0 0 2 2 1.296985e-14 0.000000e+00
16 153 3.284247e-02 1.646023e-02 0 0 2 2 1.291259e-14 0.000000e+00
16 154 3.284247e-02 2.072220e-02 0 0 2 2 1.280974e-14 0.000000e+00
16 155 3.284247e-02 2.608770e-02 0 0 2 2 1.261416e-14 0.000000e+00
16 156 3.284247e-02 3.284247e-02 0 0 2 2 1.209054e-14 0.000000e+00
16 157 3.284247e-02 4.134622e-02 0 0 2 2 1.074165e-14 0.000000e+00
16 158 3.284247e-02 5.205181e-02 0 0 2 2 8.975254e-15 0.000000e+00
16 159 3.284247e-02 6.552935e-02 0 0 2 2 7.089682e-15 0.000000e+00
17 140 4.134622e-02 8.249656e-04 0 0 2 2 1.100038e-14 0.000000e+00
17 141 4.134622e-02 1.038570e-03 0 0 2 2 1.100047e-14 0.000000e+00
17 142 4.134622e-02 1.307482e-03 0 0 2 2 1.100036e-14 0.000000e+00
17 143 4.134622e-02 1.646023e-03 0 0 2 2 1.100035e-14 0.000000e+00
17 144 4.134622e-02 2.072220e-03 0 0 2 2 1.100022e-14 0.000000e+00
17 145 4.134622e-02 2.608770e-03 0 0 2 2 1.100003e-14 0.000000e+00
17 146 4.134622e-02 3.284247e-03 0 0 2 2 1.099973e-14 0.000000e+00
17 147 4.134622e-02 4.134622e-03 0 0 2 2 1.099924e-14 0.000000e+00
17 148 4.134622e-02 5.205181e-03 0 0 2 2 1.099844e-14 0.000000e+00
17 149 4.134622e-02 6.552935e-03 0 0 2 2 1.099712e-14 0.000000e+00
17 150 4.134622e-02 8.249656e-03 0 0 2 2 1.099489e-14 0.000000e+00
17 151 4.134622e-02 1.038570e-02 0 0 2 2 1.099101e-14 0.000000e+00
17 152 4.134622e-02 1.307482e-02 0 0 2 2 1.098395e-14 0.000000e+00
17 153 4.134622e-02 1.646023e-02 0 0 2 2 1.097045e-14 0.000000e+00
17 154 4.134622e-02 2.072220e-02 0 0 2 2 1.094294e-14 0.000000e+00
17 155 4.134622e-02 2.608770e-02 0 0 2 2 1.088288e-14 0.000000e+00
17 156 4.134622e-02 3.284247e-02 0 0 2 2 1.074165e-14 0.000000e+00
17 157 4.134622e-02 4.134622e-02 0 0 2 2 1.026326e-14 0.000000e+00
17 158 4.134622e-02 5.205181e-02 0 0 2 2 8.913120e-15 0.000000e+00
17 159 4.134622e-02 6.552935e-02 0 0 2 2 7.154743e-15 0.000000e+00
18 140 5.205181e-02 8.249656e-04 0 0 2 2 8.924572e-15 0.000000e+00
18 141 5.205181e-02 1.038570e-03 0 0 2 2 8.924734e-15 0.000000e+00
18 142 5.205181e-02 1.307482e-03 0 0 2 2 8.924756e-15 0.000000e+00
18 143 5.205181e-02 1.646023e-03 0 0 2 2 8.924939e-15 0.000000e+00
18 144 5.205181e-02 2.072220e-03 0 0 2 2 8.925122e-15 0.000000e+00
18 145 5.205181e-02 2.608770e-03 0 0 2 2 8.925424e-15 0.000000e+00
18 146 5.205181e-02 3.284247e-03 0 0 2 2 8.925903e-15 0.000000e+00
18 147 5.205181e-02 4.134622e-03 0 0 2 2 8.926659e-15 0.000000e+00
18 148 5.205181e-02 5.205181e-03 0 0 2 2 8.927846e-15 0.000000e+00
18 149 5.205181e-02 6.552935e-03 0 0 2 2 8.929703e-15 0.000000e+00
18 150 5.205181e-02 8.249656e-03 0 0 2 2 8.932581e-15 0.000000e+00
18 151 5.205181e-02 1.038570e-02 0 0 2 2 8.936983e-15 0.000000e+00
18 152 5.205181e-02 1.307482e-02 0 0 2 2 8.943548e-15 0.000000e+00
18 153 5.205181e-02 1.646023e-02 0 0 2 2 8.952901e-15 0.000000e+00
18 154 5.205181e-02 2.072220e-02 0 0 2 2 8.964980e-15 0.000000e+00
18 155 5.205181e-02 2.608770e-02 0 0 2 2 8.976807e-15 0.000000e+00
18 156 5.205181e-02 3.284247e-02 0 0 2 2 8.975254e-15 0.000000e+00
18 157 5.205181e-02 4.134622e-02 0 0 2 2 8.913120e-15 0.000000e+00
18 158 5.205181e-02 5.205181e-02 0 0 2 2 8.510214e-15 0.000000e+00
18 159 5.205181e-02 6.552935e-02 0 0 2 2 7.188641e-15 0.000000e+00
19 140 6.552935e-02 8.249656e-04 0 0 2 2 6.920709e-15 0.000000e+00
19 141 6.552935e-02 1.038570e-03 0 0 2 2 6.920895e-15 0.000000e+00
19 142 6.552935e-02 1.307482e-03 0 0 2 2 6.920961e-15 0.000000e+00
19 143 6.552935e-02 1.646023e-03 0 0 2 2 6.921205e-15 0.000000e+00
19 144 6.552935e-02 2.072220e-03 0 0 2 2 6.921488e-15 0.000000e+00
19 145 6.552935e-02 2.608770e-03 0 0 2 2 6.921950e-15 0.000000e+00
19 146 6.552935e-02 3.284247e-03 0 0 2 2 6.922682e-15 0.000000e+00
19 147 6.552935e-02 4.134622e-03 0 0 2 2 6.923842e-15 0.000000e+00
19 148 6.552935e-02 5.205181e-03 0 0 2 2 6.925678e-15 0.000000e+00
19 149 6.552935e-02 6.552935e-03 0 0 2 2 6.928576e-15 0.000000e+00
19 150 6.552935e-02 8.249656e-03 0 0 2 2 6.933146e-15 0.000000e+00
19 151 6.552935e-02 1.038570e-02 0 0 2 2 6.940328e-15 0.000000e+00
19 152 6.552935e-02 1.307482e-02 0 0 2 2 6.951558e-15 0.000000e+00
19 153 6.552935e-02 1.646023e-02 0 0 2 2 6.968960e-15 0.000000e+00
19 154 6.552935e-02 2.072220e-02 0 0 2 2 6.995511e-15 0.000000e+00
19 155 6.552935e-02 2.608770e-02 0 0 2 2 7.034854e-15 0.000000e+00
19 156 6.552935e-02 3.284247e-02 0 0 2 2 7.089682e-15 0.000000e+00
19 157 6.552935e-02 4.134622e-02 0 0 2 2 7.154743e-15 0.000000e+00
19 158 6.552935e-02 5.205181e-02 0 0 2 2 7.188641e-15 0.000000e+00
19 159 6.552935e-02 6.552935e-02 0 0 2 2 6.886099e-15 0.000000e+00
