# Please cite the following papers in research using this covariance:
# arXiv: 1601.05779, https://arxiv.org/abs/1601.05779
# arXiv: 1911.11947, https://arxiv.org/abs/1911.11947
# arXiv: 2004.04833, https://arxiv.org/abs/2004.04833
########################################################
20 20 8.249656e-04 8.249656e-04 0 1 0 1 2.590877e-11 0.000000e+00
20 21 8.249656e-04 1.038570e-03 0 1 0 1 1.312925e-13 0.000000e+00
20 22 8.249656e-04 1.307482e-03 0 1 0 1 1.103287e-13 0.000000e+00
20 23 8.249656e-04 1.646023e-03 0 1 0 1 9.215775e-14 0.000000e+00
20 24 8.249656e-04 2.072220e-03 0 1 0 1 7.707347e-14 0.000000e+00
20 25 8.249656e-04 2.608770e-03 0 1 0 1 6.484614e-14 0.000000e+00
20 26 8.249656e-04 3.284247e-03 0 1 0 1 5.506244e-14 0.000000e+00
20 27 8.249656e-04 4.134622e-03 0 1 0 1 4.725396e-14 0.000000e+00
20 28 8.249656e-04 5.205181e-03 0 1 0 1 4.096844e-14 0.000000e+00
20 29 8.249656e-04 6.552935e-03 0 1 0 1 3.580997e-14 0.000000e+00
20 30 8.249656e-04 8.249656e-03 0 1 0 1 3.145690e-14 0.000000e+00
20 31 8.249656e-04 1.038570e-02 0 1 0 1 2.766487e-14 0.000000e+00
20 32 8.249656e-04 1.307482e-02 0 1 0 1 2.426027e-14 0.000000e+00
20 33 8.249656e-04 1.646023e-02 0 1 0 1 2.112843e-14 0.000000e+00
20 34 8.249656e-04 2.072220e-02 0 1 0 1 1.820157e-14 0.000000e+00
20 35 8.249656e-04 2.608770e-02 0 1 0 1 1.544600e-14 0.000000e+00
20 36 8.249656e-04 3.284247e-02 0 1 0 1 1.285351e-14 0.000000e+00
20 37 8.249656e-04 4.134622e-02 0 1 0 1 1.043504e-14 0.000000e+00
20 38 8.249656e-04 5.205181e-02 0 1 0 1 8.217541e-15 0.000000e+00
20 39 8.249656e-04 6.552935e-02 0 1 0 1 6.237031e-15 0.000000e+00
21 20 1.038570e-03 8.249656e-04 0 1 0 1 1.312925e-13 0.000000e+00
21 21 1.038570e-03 1.038570e-03 0 1 0 1 1.638349e-11 0.000000e+00
21 22 1.038570e-03 1.307482e-03 0 1 0 1 1.134254e-13 0.000000e+00
21 23 1.038570e-03 1.646023e-03 0 1 0 1 9.422009e-14 0.000000e+00
21 24 1.038570e-03 2.072220e-03 0 1 0 1 7.827985e-14 0.000000e+00
21 25 1.038570e-03 2.608770e-03 0 1 0 1 6.550350e-14 0.000000e+00
21 26 1.038570e-03 3.284247e-03 0 1 0 1 5.540127e-14 0.000000e+00
21 27 1.038570e-03 4.134622e-03 0 1 0 1 4.742037e-14 0.000000e+00
21 28 1.038570e-03 5.205181e-03 0 1 0 1 4.104677e-14 0.000000e+00
21 29 1.038570e-03 6.552935e-03 0 1 0 1 3.584552e-14 0.000000e+00
21 30 1.038570e-03 8.249656e-03 0 1 0 1 3.147262e-14 0.000000e+00
21 31 1.038570e-03 1.038570e-02 0 1 0 1 2.767182e-14 0.000000e+00
21 32 1.038570e-03 1.307482e-02 0 1 0 1 2.426341e-14 0.000000e+00
21 33 1.038570e-03 1.646023e-02 0 1 0 1 2.112998e-14 0.000000e+00
21 34 1.038570e-03 2.072220e-02 0 1 0 1 1.820243e-14 0.000000e+00
21 35 1.038570e-03 2.608770e-02 0 1 0 1 1.544656e-14 0.000000e+00
21 36 1.038570e-03 3.284247e-02 0 1 0 1 1.285392e-14 0.000000e+00
21 37 1.038570e-03 4.134622e-02 0 1 0 1 1.043538e-14 0.000000e+00
21 38 1.038570e-03 5.205181e-02 0 1 0 1 8.217805e-15 0.000000e+00
21 39 1.038570e-03 6.552935e-02 0 1 0 1 6.237255e-15 0.000000e+00
22 20 1.307482e-03 8.249656e-04 0 1 0 1 1.103287e-13 0.000000e+00
22 21 1.307482e-03 1.038570e-03 0 1 0 1 1.134254e-13 0.000000e+00
22 22 1.307482e-03 1.307482e-03 0 1 0 1 1.036844e-11 0.000000e+00
22 23 1.307482e-03 1.646023e-03 0 1 0 1 9.765236e-14 0.000000e+00
22 24 1.307482e-03 2.072220e-03 0 1 0 1 8.033590e-14 0.000000e+00
22 25 1.307482e-03 2.608770e-03 0 1 0 1 6.661210e-14 0.000000e+00
22 26 1.307482e-03 3.284247e-03 0 1 0 1 5.596469e-14 0.000000e+00
22 27 1.307482e-03 4.134622e-03 0 1 0 1 4.769356e-14 0.000000e+00
22 28 1.307482e-03 5.205181e-03 0 1 0 1 4.117394e-14 0.000000e+00
22 29 1.307482e-03 6.552935e-03 0 1 0 1 3.590270e-14 0.000000e+00
22 30 1.307482e-03 8.249656e-03 0 1 0 1 3.149767e-14 0.000000e+00
22 31 1.307482e-03 1.038570e-02 0 1 0 1 2.768266e-14 0.000000e+00
22 32 1.307482e-03 1.307482e-02 0 1 0 1 2.426816e-14 0.000000e+00
22 33 1.307482e-03 1.646023e-02 0 1 0 1 2.113222e-14 0.000000e+00
22 34 1.307482e-03 2.072220e-02 0 1 0 1 1.820354e-14 0.000000e+00
22 35 1.307482e-03 2.608770e-02 0 1 0 1 1.544722e-14 0.000000e+00
22 36 1.307482e-03 3.284247e-02 0 1 0 1 1.285434e-14 0.000000e+00
22 37 1.307482e-03 4.134622e-02 0 1 0 1 1.043569e-14 0.000000e+00
22 38 1.307482e-03 5.205181e-02 0 1 0 1 8.218007e-15 0.000000e+00
22 39 1.307482e-03 6.552935e-02 0 1 0 1 6.237397e-15 0.000000e+00
23 20 1.646023e-03 8.249656e-04 0 1 0 1 9.215775e-14 0.000000e+00
23 21 1.646023e-03 1.038570e-03 0 1 0 1 9.422009e-14 0.000000e+00
23 22 1.646023e-03 1.307482e-03 0 1 0 1 9.765236e-14 0.000000e+00
23 23 1.646023e-03 1.646023e-03 0 1 0 1 6.568935e-12 0.000000e+00
23 24 1.646023e-03 2.072220e-03 0 1 0 1 8.392954e-14 0.000000e+00
23 25 1.646023e-03 2.608770e-03 0 1 0 1 6.855400e-14 0.000000e+00
23 26 1.646023e-03 3.284247e-03 0 1 0 1 5.693091e-14 0.000000e+00
23 27 1.646023e-03 4.134622e-03 0 1 0 1 4.815274e-14 0.000000e+00
23 28 1.646023e-03 5.205181e-03 0 1 0 1 4.138431e-14 0.000000e+00
23 29 1.646023e-03 6.552935e-03 0 1 0 1 3.599617e-14 0.000000e+00
23 30 1.646023e-03 8.249656e-03 0 1 0 1 3.153829e-14 0.000000e+00
23 31 1.646023e-03 1.038570e-02 0 1 0 1 2.770022e-14 0.000000e+00
23 32 1.646023e-03 1.307482e-02 0 1 0 1 2.427595e-14 0.000000e+00
23 33 1.646023e-03 1.646023e-02 0 1 0 1 2.113591e-14 0.000000e+00
23 34 1.646023e-03 2.072220e-02 0 1 0 1 1.820550e-14 0.000000e+00
23 35 1.646023e-03 2.608770e-02 0 1 0 1 1.544845e-14 0.000000e+00
23 36 1.646023e-03 3.284247e-02 0 1 0 1 1.285516e-14 0.000000e+00
23 37 1.646023e-03 4.134622e-02 0 1 0 1 1.043633e-14 0.000000e+00
23 38 1.646023e-03 5.205181e-02 0 1 0 1 8.218476e-15 0.000000e+00
23 39 1.646023e-03 6.552935e-02 0 1 0 1 6.237758e-15 0.000000e+00
24 20 2.072220e-03 8.249656e-04 0 1 0 1 7.707347e-14 0.000000e+00
24 21 2.072220e-03 1.038570e-03 0 1 0 1 7.827985e-14 0.000000e+00
24 22 2.072220e-03 1.307482e-03 0 1 0 1 8.033590e-14 0.000000e+00
24 23 2.072220e-03 1.646023e-03 0 1 0 1 8.392954e-14 0.000000e+00
24 24 2.072220e-03 2.072220e-03 0 1 0 1 4.167987e-12 0.000000e+00
24 25 2.072220e-03 2.608770e-03 0 1 0 1 7.213059e-14 0.000000e+00
24 26 2.072220e-03 3.284247e-03 0 1 0 1 5.867309e-14 0.000000e+00
24 27 2.072220e-03 4.134622e-03 0 1 0 1 4.895339e-14 0.000000e+00
24 28 2.072220e-03 5.205181e-03 0 1 0 1 4.174117e-14 0.000000e+00
24 29 2.072220e-03 6.552935e-03 0 1 0 1 3.615144e-14 0.000000e+00
24 30 2.072220e-03 8.249656e-03 0 1 0 1 3.160472e-14 0.000000e+00
24 31 2.072220e-03 1.038570e-02 0 1 0 1 2.772855e-14 0.000000e+00
24 32 2.072220e-03 1.307482e-02 0 1 0 1 2.428832e-14 0.000000e+00
24 33 2.072220e-03 1.646023e-02 0 1 0 1 2.114168e-14 0.000000e+00
24 34 2.072220e-03 2.072220e-02 0 1 0 1 1.820854e-14 0.000000e+00
24 35 2.072220e-03 2.608770e-02 0 1 0 1 1.545025e-14 0.000000e+00
24 36 2.072220e-03 3.284247e-02 0 1 0 1 1.285637e-14 0.000000e+00
24 37 2.072220e-03 4.134622e-02 0 1 0 1 1.043720e-14 0.000000e+00
24 38 2.072220e-03 5.205181e-02 0 1 0 1 8.219124e-15 0.000000e+00
24 39 2.072220e-03 6.552935e-02 0 1 0 1 6.238227e-15 0.000000e+00
25 20 2.608770e-03 8.249656e-04 0 1 0 1 6.484614e-14 0.000000e+00
25 21 2.608770e-03 1.038570e-03 0 1 0 1 6.550350e-14 0.000000e+00
25 22 2.608770e-03 1.307482e-03 0 1 0 1 6.661210e-14 0.000000e+00
25 23 2.608770e-03 1.646023e-03 0 1 0 1 6.855400e-14 0.000000e+00
25 24 2.608770e-03 2.072220e-03 0 1 0 1 7.213059e-14 0.000000e+00
25 25 2.608770e-03 2.608770e-03 0 1 0 1 2.650017e-12 0.000000e+00
25 26 2.608770e-03 3.284247e-03 0 1 0 1 6.207081e-14 0.000000e+00
25 27 2.608770e-03 4.134622e-03 0 1 0 1 5.044215e-14 0.000000e+00
25 28 2.608770e-03 5.205181e-03 0 1 0 1 4.237430e-14 0.000000e+00
25 29 2.608770e-03 6.552935e-03 0 1 0 1 3.641745e-14 0.000000e+00
25 30 2.608770e-03 8.249656e-03 0 1 0 1 3.171567e-14 0.000000e+00
25 31 2.608770e-03 1.038570e-02 0 1 0 1 2.777503e-14 0.000000e+00
25 32 2.608770e-03 1.307482e-02 0 1 0 1 2.430838e-14 0.000000e+00
25 33 2.608770e-03 1.646023e-02 0 1 0 1 2.115099e-14 0.000000e+00
25 34 2.608770e-03 2.072220e-02 0 1 0 1 1.821337e-14 0.000000e+00
25 35 2.608770e-03 2.608770e-02 0 1 0 1 1.545311e-14 0.000000e+00
25 36 2.608770e-03 3.284247e-02 0 1 0 1 1.285831e-14 0.000000e+00
25 37 2.608770e-03 4.134622e-02 0 1 0 1 1.043859e-14 0.000000e+00
25 38 2.608770e-03 5.205181e-02 0 1 0 1 8.220180e-15 0.000000e+00
25 39 2.608770e-03 6.552935e-02 0 1 0 1 6.238984e-15 0.000000e+00
26 20 3.284247e-03 8.249656e-04 0 1 0 1 5.506244e-14 0.000000e+00
26 21 3.284247e-03 1.038570e-03 0 1 0 1 5.540127e-14 0.000000e+00
26 22 3.284247e-03 1.307482e-03 0 1 0 1 5.596469e-14 0.000000e+00
26 23 3.284247e-03 1.646023e-03 0 1 0 1 5.693091e-14 0.000000e+00
26 24 3.284247e-03 2.072220e-03 0 1 0 1 5.867309e-14 0.000000e+00
26 25 3.284247e-03 2.608770e-03 0 1 0 1 6.207081e-14 0.000000e+00
26 26 3.284247e-03 3.284247e-03 0 1 0 1 1.689620e-12 0.000000e+00
26 27 3.284247e-03 4.134622e-03 0 1 0 1 5.353248e-14 0.000000e+00
26 28 3.284247e-03 5.205181e-03 0 1 0 1 4.358948e-14 0.000000e+00
26 29 3.284247e-03 6.552935e-03 0 1 0 1 3.689733e-14 0.000000e+00
26 30 3.284247e-03 8.249656e-03 0 1 0 1 3.190735e-14 0.000000e+00
26 31 3.284247e-03 1.038570e-02 0 1 0 1 2.785291e-14 0.000000e+00
26 32 3.284247e-03 1.307482e-02 0 1 0 1 2.434124e-14 0.000000e+00
26 33 3.284247e-03 1.646023e-02 0 1 0 1 2.116598e-14 0.000000e+00
26 34 3.284247e-03 2.072220e-02 0 1 0 1 1.822109e-14 0.000000e+00
26 35 3.284247e-03 2.608770e-02 0 1 0 1 1.545770e-14 0.000000e+00
26 36 3.284247e-03 3.284247e-02 0 1 0 1 1.286136e-14 0.000000e+00
26 37 3.284247e-03 4.134622e-02 0 1 0 1 1.044081e-14 0.000000e+00
26 38 3.284247e-03 5.205181e-02 0 1 0 1 8.221858e-15 0.000000e+00
26 39 3.284247e-03 6.552935e-02 0 1 0 1 6.240184e-15 0.000000e+00
27 20 4.134622e-03 8.249656e-04 0 1 0 1 4.725396e-14 0.000000e+00
27 21 4.134622e-03 1.038570e-03 0 1 0 1 4.742037e-14 0.000000e+00
27 22 4.134622e-03 1.307482e-03 0 1 0 1 4.769356e-14 0.000000e+00
27 23 4.134622e-03 1.646023e-03 0 1 0 1 4.815274e-14 0.000000e+00
27 24 4.134622e-03 2.072220e-03 0 1 0 1 4.895339e-14 0.000000e+00
27 25 4.134622e-03 2.608770e-03 0 1 0 1 5.044215e-14 0.000000e+00
27 26 4.134622e-03 3.284247e-03 0 1 0 1 5.353248e-14 0.000000e+00
27 27 4.134622e-03 4.134622e-03 0 1 0 1 1.081392e-12 0.000000e+00
27 28 4.134622e-03 5.205181e-03 0 1 0 1 4.628767e-14 0.000000e+00
27 29 4.134622e-03 6.552935e-03 0 1 0 1 3.784811e-14 0.000000e+00
27 30 4.134622e-03 8.249656e-03 0 1 0 1 3.225840e-14 0.000000e+00
27 31 4.134622e-03 1.038570e-02 0 1 0 1 2.798823e-14 0.000000e+00
27 32 4.134622e-03 1.307482e-02 0 1 0 1 2.439632e-14 0.000000e+00
27 33 4.134622e-03 1.646023e-02 0 1 0 1 2.119052e-14 0.000000e+00
27 34 4.134622e-03 2.072220e-02 0 1 0 1 1.823352e-14 0.000000e+00
27 35 4.134622e-03 2.608770e-02 0 1 0 1 1.546498e-14 0.000000e+00
27 36 4.134622e-03 3.284247e-02 0 1 0 1 1.286621e-14 0.000000e+00
27 37 4.134622e-03 4.134622e-02 0 1 0 1 1.044435e-14 0.000000e+00
27 38 4.134622e-03 5.205181e-02 0 1 0 1 8.224498e-15 0.000000e+00
27 39 4.134622e-03 6.552935e-02 0 1 0 1 6.242092e-15 0.000000e+00
28 20 5.205181e-03 8.249656e-04 0 1 0 1 4.096844e-14 0.000000e+00
28 21 5.205181e-03 1.038570e-03 0 1 0 1 4.104677e-14 0.000000e+00
28 22 5.205181e-03 1.307482e-03 0 1 0 1 4.117394e-14 0.000000e+00
28 23 5.205181e-03 1.646023e-03 0 1 0 1 4.138431e-14 0.000000e+00
28 24 5.205181e-03 2.072220e-03 0 1 0 1 4.174117e-14 0.000000e+00
28 25 5.205181e-03 2.608770e-03 0 1 0 1 4.237430e-14 0.000000e+00
28 26 5.205181e-03 3.284247e-03 0 1 0 1 4.358948e-14 0.000000e+00
28 27 5.205181e-03 4.134622e-03 0 1 0 1 4.628767e-14 0.000000e+00
28 28 5.205181e-03 5.205181e-03 0 1 0 1 6.956602e-13 0.000000e+00
28 29 5.205181e-03 6.552935e-03 0 1 0 1 4.011571e-14 0.000000e+00
28 30 5.205181e-03 8.249656e-03 0 1 0 1 3.297514e-14 0.000000e+00
28 31 5.205181e-03 1.038570e-02 0 1 0 1 2.823889e-14 0.000000e+00
28 32 5.205181e-03 1.307482e-02 0 1 0 1 2.449212e-14 0.000000e+00
28 33 5.205181e-03 1.646023e-02 0 1 0 1 2.123138e-14 0.000000e+00
28 34 5.205181e-03 2.072220e-02 0 1 0 1 1.825371e-14 0.000000e+00
28 35 5.205181e-03 2.608770e-02 0 1 0 1 1.547667e-14 0.000000e+00
28 36 5.205181e-03 3.284247e-02 0 1 0 1 1.287396e-14 0.000000e+00
28 37 5.205181e-03 4.134622e-02 0 1 0 1 1.044996e-14 0.000000e+00
28 38 5.205181e-03 5.205181e-02 0 1 0 1 8.228678e-15 0.000000e+00
28 39 5.205181e-03 6.552935e-02 0 1 0 1 6.245123e-15 0.000000e+00
29 20 6.552935e-03 8.249656e-04 0 1 0 1 3.580997e-14 0.000000e+00
29 21 6.552935e-03 1.038570e-03 0 1 0 1 3.584552e-14 0.000000e+00
29 22 6.552935e-03 1.307482e-03 0 1 0 1 3.590270e-14 0.000000e+00
29 23 6.552935e-03 1.646023e-03 0 1 0 1 3.599617e-14 0.000000e+00
29 24 6.552935e-03 2.072220e-03 0 1 0 1 3.615144e-14 0.000000e+00
29 25 6.552935e-03 2.608770e-03 0 1 0 1 3.641745e-14 0.000000e+00
29 26 6.552935e-03 3.284247e-03 0 1 0 1 3.689733e-14 0.000000e+00
29 27 6.552935e-03 4.134622e-03 0 1 0 1 3.784811e-14 0.000000e+00
29 28 6.552935e-03 5.205181e-03 0 1 0 1 4.011571e-14 0.000000e+00
29 29 6.552935e-03 6.552935e-03 0 1 0 1 4.505458e-13 0.000000e+00
29 30 6.552935e-03 8.249656e-03 0 1 0 1 3.481540e-14 0.000000e+00
29 31 6.552935e-03 1.038570e-02 0 1 0 1 2.876376e-14 0.000000e+00
29 32 6.552935e-03 1.307482e-02 0 1 0 1 2.467029e-14 0.000000e+00
29 33 6.552935e-03 1.646023e-02 0 1 0 1 2.130196e-14 0.000000e+00
29 34 6.552935e-03 2.072220e-02 0 1 0 1 1.828702e-14 0.000000e+00
29 35 6.552935e-03 2.608770e-02 0 1 0 1 1.549549e-14 0.000000e+00
29 36 6.552935e-03 3.284247e-02 0 1 0 1 1.288629e-14 0.000000e+00
29 37 6.552935e-03 4.134622e-02 0 1 0 1 1.045887e-14 0.000000e+00
29 38 6.552935e-03 5.205181e-02 0 1 0 1 8.235323e-15 0.000000e+00
29 39 6.552935e-03 6.552935e-02 0 1 0 1 6.249912e-15 0.000000e+00
30 20 8.249656e-03 8.249656e-04 0 1 0 1 3.145690e-14 0.000000e+00
30 21 8.249656e-03 1.038570e-03 0 1 0 1 3.147262e-14 0.000000e+00
30 22 8.249656e-03 1.307482e-03 0 1 0 1 3.149767e-14 0.000000e+00
30 23 8.249656e-03 1.646023e-03 0 1 0 1 3.153829e-14 0.000000e+00
30 24 8.249656e-03 2.072220e-03 0 1 0 1 3.160472e-14 0.000000e+00
30 25 8.249656e-03 2.608770e-03 0 1 0 1 3.171567e-14 0.000000e+00
30 26 8.249656e-03 3.284247e-03 0 1 0 1 3.190735e-14 0.000000e+00
30 27 8.249656e-03 4.134622e-03 0 1 0 1 3.225840e-14 0.000000e+00
30 28 8.249656e-03 5.205181e-03 0 1 0 1 3.297514e-14 0.000000e+00
30 29 8.249656e-03 6.552935e-03 0 1 0 1 3.481540e-14 0.000000e+00
30 30 8.249656e-03 8.249656e-03 0 1 0 1 2.943427e-13 0.000000e+00
30 31 8.249656e-03 1.038570e-02 0 1 0 1 3.021231e-14 0.000000e+00
30 32 8.249656e-03 1.307482e-02 0 1 0 1 2.504895e-14 0.000000e+00
30 33 8.249656e-03 1.646023e-02 0 1 0 1 2.143209e-14 0.000000e+00
30 34 8.249656e-03 2.072220e-02 0 1 0 1 1.834362e-14 0.000000e+00
30 35 8.249656e-03 2.608770e-02 0 1 0 1 1.552619e-14 0.000000e+00
30 36 8.249656e-03 3.284247e-02 0 1 0 1 1.290607e-14 0.000000e+00
30 37 8.249656e-03 4.134622e-02 0 1 0 1 1.047304e-14 0.000000e+00
30 38 8.249656e-03 5.205181e-02 0 1 0 1 8.245854e-15 0.000000e+00
30 39 8.249656e-03 6.552935e-02 0 1 0 1 6.257506e-15 0.000000e+00
31 20 1.038570e-02 8.249656e-04 0 1 0 1 2.766487e-14 0.000000e+00
31 21 1.038570e-02 1.038570e-03 0 1 0 1 2.767182e-14 0.000000e+00
31 22 1.038570e-02 1.307482e-03 0 1 0 1 2.768266e-14 0.000000e+00
31 23 1.038570e-02 1.646023e-03 0 1 0 1 2.770022e-14 0.000000e+00
31 24 1.038570e-02 2.072220e-03 0 1 0 1 2.772855e-14 0.000000e+00
31 25 1.038570e-02 2.608770e-03 0 1 0 1 2.777503e-14 0.000000e+00
31 26 1.038570e-02 3.284247e-03 0 1 0 1 2.785291e-14 0.000000e+00
31 27 1.038570e-02 4.134622e-03 0 1 0 1 2.798823e-14 0.000000e+00
31 28 1.038570e-02 5.205181e-03 0 1 0 1 2.823889e-14 0.000000e+00
31 29 1.038570e-02 6.552935e-03 0 1 0 1 2.876376e-14 0.000000e+00
31 30 1.038570e-02 8.249656e-03 0 1 0 1 3.021231e-14 0.000000e+00
31 31 1.038570e-02 1.038570e-02 0 1 0 1 1.943922e-13 0.000000e+00
31 32 1.038570e-02 1.307482e-02 0 1 0 1 2.616234e-14 0.000000e+00
31 33 1.038570e-02 1.646023e-02 0 1 0 1 2.170757e-14 0.000000e+00
31 34 1.038570e-02 2.072220e-02 0 1 0 1 1.844556e-14 0.000000e+00
31 35 1.038570e-02 2.608770e-02 0 1 0 1 1.557734e-14 0.000000e+00
31 36 1.038570e-02 3.284247e-02 0 1 0 1 1.293799e-14 0.000000e+00
31 37 1.038570e-02 4.134622e-02 0 1 0 1 1.049562e-14 0.000000e+00
31 38 1.038570e-02 5.205181e-02 0 1 0 1 8.262590e-15 0.000000e+00
31 39 1.038570e-02 6.552935e-02 0 1 0 1 6.269560e-15 0.000000e+00
32 20 1.307482e-02 8.249656e-04 0 1 0 1 2.426027e-14 0.000000e+00
32 21 1.307482e-02 1.038570e-03 0 1 0 1 2.426341e-14 0.000000e+00
32 22 1.307482e-02 1.307482e-03 0 1 0 1 2.426816e-14 0.000000e+00
32 23 1.307482e-02 1.646023e-03 0 1 0 1 2.427595e-14 0.000000e+00
32 24 1.307482e-02 2.072220e-03 0 1 0 1 2.428832e-14 0.000000e+00
32 25 1.307482e-02 2.608770e-03 0 1 0 1 2.430838e-14 0.000000e+00
32 26 1.307482e-02 3.284247e-03 0 1 0 1 2.434124e-14 0.000000e+00
32 27 1.307482e-02 4.134622e-03 0 1 0 1 2.439632e-14 0.000000e+00
32 28 1.307482e-02 5.205181e-03 0 1 0 1 2.449212e-14 0.000000e+00
32 29 1.307482e-02 6.552935e-03 0 1 0 1 2.467029e-14 0.000000e+00
32 30 1.307482e-02 8.249656e-03 0 1 0 1 2.504895e-14 0.000000e+00
32 31 1.307482e-02 1.038570e-02 0 1 0 1 2.616234e-14 0.000000e+00
32 32 1.307482e-02 1.307482e-02 0 1 0 1 1.300640e-13 0.000000e+00
32 33 1.307482e-02 1.646023e-02 0 1 0 1 2.255204e-14 0.000000e+00
32 34 1.307482e-02 2.072220e-02 0 1 0 1 1.865490e-14 0.000000e+00
32 35 1.307482e-02 2.608770e-02 0 1 0 1 1.566646e-14 0.000000e+00
32 36 1.307482e-02 3.284247e-02 0 1 0 1 1.299026e-14 0.000000e+00
32 37 1.307482e-02 4.134622e-02 0 1 0 1 1.053180e-14 0.000000e+00
32 38 1.307482e-02 5.205181e-02 0 1 0 1 8.289182e-15 0.000000e+00
32 39 1.307482e-02 6.552935e-02 0 1 0 1 6.288673e-15 0.000000e+00
33 20 1.646023e-02 8.249656e-04 0 1 0 1 2.112843e-14 0.000000e+00
33 21 1.646023e-02 1.038570e-03 0 1 0 1 2.112998e-14 0.000000e+00
33 22 1.646023e-02 1.307482e-03 0 1 0 1 2.113222e-14 0.000000e+00
33 23 1.646023e-02 1.646023e-03 0 1 0 1 2.113591e-14 0.000000e+00
33 24 1.646023e-02 2.072220e-03 0 1 0 1 2.114168e-14 0.000000e+00
33 25 1.646023e-02 2.608770e-03 0 1 0 1 2.115099e-14 0.000000e+00
33 26 1.646023e-02 3.284247e-03 0 1 0 1 2.116598e-14 0.000000e+00
33 27 1.646023e-02 4.134622e-03 0 1 0 1 2.119052e-14 0.000000e+00
33 28 1.646023e-02 5.205181e-03 0 1 0 1 2.123138e-14 0.000000e+00
33 29 1.646023e-02 6.552935e-03 0 1 0 1 2.130196e-14 0.000000e+00
33 30 1.646023e-02 8.249656e-03 0 1 0 1 2.143209e-14 0.000000e+00
33 31 1.646023e-02 1.038570e-02 0 1 0 1 2.170757e-14 0.000000e+00
33 32 1.646023e-02 1.307482e-02 0 1 0 1 2.255204e-14 0.000000e+00
33 33 1.646023e-02 1.646023e-02 0 1 0 1 8.832476e-14 0.000000e+00
33 34 1.646023e-02 2.072220e-02 0 1 0 1 1.929762e-14 0.000000e+00
33 35 1.646023e-02 2.608770e-02 0 1 0 1 1.583975e-14 0.000000e+00
33 36 1.646023e-02 3.284247e-02 0 1 0 1 1.307839e-14 0.000000e+00
33 37 1.646023e-02 4.134622e-02 0 1 0 1 1.059022e-14 0.000000e+00
33 38 1.646023e-02 5.205181e-02 0 1 0 1 8.331563e-15 0.000000e+00
33 39 1.646023e-02 6.552935e-02 0 1 0 1 6.319028e-15 0.000000e+00
34 20 2.072220e-02 8.249656e-04 0 1 0 1 1.820157e-14 0.000000e+00
34 21 2.072220e-02 1.038570e-03 0 1 0 1 1.820243e-14 0.000000e+00
34 22 2.072220e-02 1.307482e-03 0 1 0 1 1.820354e-14 0.000000e+00
34 23 2.072220e-02 1.646023e-03 0 1 0 1 1.820550e-14 0.000000e+00
34 24 2.072220e-02 2.072220e-03 0 1 0 1 1.820854e-14 0.000000e+00
34 25 2.072220e-02 2.608770e-03 0 1 0 1 1.821337e-14 0.000000e+00
34 26 2.072220e-02 3.284247e-03 0 1 0 1 1.822109e-14 0.000000e+00
34 27 2.072220e-02 4.134622e-03 0 1 0 1 1.823352e-14 0.000000e+00
34 28 2.072220e-02 5.205181e-03 0 1 0 1 1.825371e-14 0.000000e+00
34 29 2.072220e-02 6.552935e-03 0 1 0 1 1.828702e-14 0.000000e+00
34 30 2.072220e-02 8.249656e-03 0 1 0 1 1.834362e-14 0.000000e+00
34 31 2.072220e-02 1.038570e-02 0 1 0 1 1.844556e-14 0.000000e+00
34 32 2.072220e-02 1.307482e-02 0 1 0 1 1.865490e-14 0.000000e+00
34 33 2.072220e-02 1.646023e-02 0 1 0 1 1.929762e-14 0.000000e+00
34 34 2.072220e-02 2.072220e-02 0 1 0 1 6.094163e-14 0.000000e+00
34 35 2.072220e-02 2.608770e-02 0 1 0 1 1.634312e-14 0.000000e+00
34 36 2.072220e-02 3.284247e-02 0 1 0 1 1.323925e-14 0.000000e+00
34 37 2.072220e-02 4.134622e-02 0 1 0 1 1.068631e-14 0.000000e+00
34 38 2.072220e-02 5.205181e-02 0 1 0 1 8.399394e-15 0.000000e+00
34 39 2.072220e-02 6.552935e-02 0 1 0 1 6.367292e-15 0.000000e+00
35 20 2.608770e-02 8.249656e-04 0 1 0 1 1.544600e-14 0.000000e+00
35 21 2.608770e-02 1.038570e-03 0 1 0 1 1.544656e-14 0.000000e+00
35 22 2.608770e-02 1.307482e-03 0 1 0 1 1.544722e-14 0.000000e+00
35 23 2.608770e-02 1.646023e-03 0 1 0 1 1.544845e-14 0.000000e+00
35 24 2.608770e-02 2.072220e-03 0 1 0 1 1.545025e-14 0.000000e+00
35 25 2.608770e-02 2.608770e-03 0 1 0 1 1.545311e-14 0.000000e+00
35 26 2.608770e-02 3.284247e-03 0 1 0 1 1.545770e-14 0.000000e+00
35 27 2.608770e-02 4.134622e-03 0 1 0 1 1.546498e-14 0.000000e+00
35 28 2.608770e-02 5.205181e-03 0 1 0 1 1.547667e-14 0.000000e+00
35 29 2.608770e-02 6.552935e-03 0 1 0 1 1.549549e-14 0.000000e+00
35 30 2.608770e-02 8.249656e-03 0 1 0 1 1.552619e-14 0.000000e+00
35 31 2.608770e-02 1.038570e-02 0 1 0 1 1.557734e-14 0.000000e+00
35 32 2.608770e-02 1.307482e-02 0 1 0 1 1.566646e-14 0.000000e+00
35 33 2.608770e-02 1.646023e-02 0 1 0 1 1.583975e-14 0.000000e+00
35 34 2.608770e-02 2.072220e-02 0 1 0 1 1.634312e-14 0.000000e+00
35 35 2.608770e-02 2.608770e-02 0 1 0 1 4.271734e-14 0.000000e+00
35 36 2.608770e-02 3.284247e-02 0 1 0 1 1.365754e-14 0.000000e+00
35 37 2.608770e-02 4.134622e-02 0 1 0 1 1.085256e-14 0.000000e+00
35 38 2.608770e-02 5.205181e-02 0 1 0 1 8.509082e-15 0.000000e+00
35 39 2.608770e-02 6.552935e-02 0 1 0 1 6.444299e-15 0.000000e+00
36 20 3.284247e-02 8.249656e-04 0 1 0 1 1.285351e-14 0.000000e+00
36 21 3.284247e-02 1.038570e-03 0 1 0 1 1.285392e-14 0.000000e+00
36 22 3.284247e-02 1.307482e-03 0 1 0 1 1.285434e-14 0.000000e+00
36 23 3.284247e-02 1.646023e-03 0 1 0 1 1.285516e-14 0.000000e+00
36 24 3.284247e-02 2.072220e-03 0 1 0 1 1.285637e-14 0.000000e+00
36 25 3.284247e-02 2.608770e-03 0 1 0 1 1.285831e-14 0.000000e+00
36 26 3.284247e-02 3.284247e-03 0 1 0 1 1.286136e-14 0.000000e+00
36 27 3.284247e-02 4.134622e-03 0 1 0 1 1.286621e-14 0.000000e+00
36 28 3.284247e-02 5.205181e-03 0 1 0 1 1.287396e-14 0.000000e+00
36 29 3.284247e-02 6.552935e-03 0 1 0 1 1.288629e-14 0.000000e+00
36 30 3.284247e-02 8.249656e-03 0 1 0 1 1.290607e-14 0.000000e+00
36 31 3.284247e-02 1.038570e-02 0 1 0 1 1.293799e-14 0.000000e+00
36 32 3.284247e-02 1.307482e-02 0 1 0 1 1.299026e-14 0.000000e+00
36 33 3.284247e-02 1.646023e-02 0 1 0 1 1.307839e-14 0.000000e+00
36 34 3.284247e-02 2.072220e-02 0 1 0 1 1.323925e-14 0.000000e+00
36 35 3.284247e-02 2.608770e-02 0 1 0 1 1.365754e-14 0.000000e+00
36 36 3.284247e-02 3.284247e-02 0 1 0 1 3.037510e-14 0.000000e+00
36 37 3.284247e-02 4.134622e-02 0 1 0 1 1.122998e-14 0.000000e+00
36 38 3.284247e-02 5.205181e-02 0 1 0 1 8.691919e-15 0.000000e+00
36 39 3.284247e-02 6.552935e-02 0 1 0 1 6.568069e-15 0.000000e+00
37 20 4.134622e-02 8.249656e-04 0 1 0 1 1.043504e-14 0.000000e+00
37 21 4.134622e-02 1.038570e-03 0 1 0 1 1.043538e-14 0.000000e+00
37 22 4.134622e-02 1.307482e-03 0 1 0 1 1.043569e-14 0.000000e+00
37 23 4.134622e-02 1.646023e-03 0 1 0 1 1.043633e-14 0.000000e+00
37 24 4.134622e-02 2.072220e-03 0 1 0 1 1.043720e-14 0.000000e+00
37 25 4.134622e-02 2.608770e-03 0 1 0 1 1.043859e-14 0.000000e+00
37 26 4.134622e-02 3.284247e-03 0 1 0 1 1.044081e-14 0.000000e+00
37 27 4.134622e-02 4.134622e-03 0 1 0 1 1.044435e-14 0.000000e+00
37 28 4.134622e-02 5.205181e-03 0 1 0 1 1.044996e-14 0.000000e+00
37 29 4.134622e-02 6.552935e-03 0 1 0 1 1.045887e-14 0.000000e+00
37 30 4.134622e-02 8.249656e-03 0 1 0 1 1.047304e-14 0.000000e+00
37 31 4.134622e-02 1.038570e-02 0 1 0 1 1.049562e-14 0.000000e+00
37 32 4.134622e-02 1.307482e-02 0 1 0 1 1.053180e-14 0.000000e+00
37 33 4.134622e-02 1.646023e-02 0 1 0 1 1.059022e-14 0.000000e+00
37 34 4.134622e-02 2.072220e-02 0 1 0 1 1.068631e-14 0.000000e+00
37 35 4.134622e-02 2.608770e-02 0 1 0 1 1.085256e-14 0.000000e+00
37 36 4.134622e-02 3.284247e-02 0 1 0 1 1.122998e-14 0.000000e+00
37 37 4.134622e-02 4.134622e-02 0 1 0 1 2.185127e-14 0.000000e+00
37 38 4.134622e-02 5.205181e-02 0 1 0 1 9.059916e-15 0.000000e+00
37 39 4.134622e-02 6.552935e-02 0 1 0 1 6.771029e-15 0.000000e+00
38 20 5.205181e-02 8.249656e-04 0 1 0 1 8.217541e-15 0.000000e+00
38 21 5.205181e-02 1.038570e-03 0 1 0 1 8.217805e-15 0.000000e+00
38 22 5.205181e-02 1.307482e-03 0 1 0 1 8.218007e-15 0.000000e+00
38 23 5.205181e-02 1.646023e-03 0 1 0 1 8.218476e-15 0.000000e+00
38 24 5.205181e-02 2.072220e-03 0 1 0 1 8.219124e-15 0.000000e+00
38 25 5.205181e-02 2.608770e-03 0 1 0 1 8.220180e-15 0.000000e+00
38 26 5.205181e-02 3.284247e-03 0 1 0 1 8.221858e-15 0.000000e+00
38 27 5.205181e-02 4.134622e-03 0 1 0 1 8.224498e-15 0.000000e+00
38 28 5.205181e-02 5.205181e-03 0 1 0 1 8.228678e-15 0.000000e+00
38 29 5.205181e-02 6.552935e-03 0 1 0 1 8.235323e-15 0.000000e+00
38 30 5.205181e-02 8.249656e-03 0 1 0 1 8.245854e-15 0.000000e+00
38 31 5.205181e-02 1.038570e-02 0 1 0 1 8.262590e-15 0.000000e+00
38 32 5.205181e-02 1.307482e-02 0 1 0 1 8.289182e-15 0.000000e+00
38 33 5.205181e-02 1.646023e-02 0 1 0 1 8.331563e-15 0.000000e+00
38 34 5.205181e-02 2.072220e-02 0 1 0 1 8.399394e-15 0.000000e+00
38 35 5.205181e-02 2.608770e-02 0 1 0 1 8.509082e-15 0.000000e+00
38 36 5.205181e-02 3.284247e-02 0 1 0 1 8.691919e-15 0.000000e+00
38 37 5.205181e-02 4.134622e-02 0 1 0 1 9.059916e-15 0.000000e+00
38 38 5.205181e-02 5.205181e-02 0 1 0 1 1.584301e-14 0.000000e+00
38 39 5.205181e-02 6.552935e-02 0 1 0 1 7.148272e-15 0.000000e+00
39 20 6.552935e-02 8.249656e-04 0 1 0 1 6.237031e-15 0.000000e+00
39 21 6.552935e-02 1.038570e-03 0 1 0 1 6.237255e-15 0.000000e+00
39 22 6.552935e-02 1.307482e-03 0 1 0 1 6.237397e-15 0.000000e+00
39 23 6.552935e-02 1.646023e-03 0 1 0 1 6.237758e-15 0.000000e+00
39 24 6.552935e-02 2.072220e-03 0 1 0 1 6.238227e-15 0.000000e+00
39 25 6.552935e-02 2.608770e-03 0 1 0 1 6.238984e-15 0.000000e+00
39 26 6.552935e-02 3.284247e-03 0 1 0 1 6.240184e-15 0.000000e+00
39 27 6.552935e-02 4.134622e-03 0 1 0 1 6.242092e-15 0.000000e+00
39 28 6.552935e-02 5.205181e-03 0 1 0 1 6.245123e-15 0.000000e+00
39 29 6.552935e-02 6.552935e-03 0 1 0 1 6.249912e-15 0.000000e+00
39 30 6.552935e-02 8.249656e-03 0 1 0 1 6.257506e-15 0.000000e+00
39 31 6.552935e-02 1.038570e-02 0 1 0 1 6.269560e-15 0.000000e+00
39 32 6.552935e-02 1.307482e-02 0 1 0 1 6.288673e-15 0.000000e+00
39 33 6.552935e-02 1.646023e-02 0 1 0 1 6.319028e-15 0.000000e+00
39 34 6.552935e-02 2.072220e-02 0 1 0 1 6.367292e-15 0.000000e+00
39 35 6.552935e-02 2.608770e-02 0 1 0 1 6.444299e-15 0.000000e+00
39 36 6.552935e-02 3.284247e-02 0 1 0 1 6.568069e-15 0.000000e+00
39 37 6.552935e-02 4.134622e-02 0 1 0 1 6.771029e-15 0.000000e+00
39 38 6.552935e-02 5.205181e-02 0 1 0 1 7.148272e-15 0.000000e+00
39 39 6.552935e-02 6.552935e-02 0 1 0 1 1.152515e-14 0.000000e+00
